X21238      
0.00,325.000
0.02,325.000
0.04,325.000
0.06,325.000
0.08,325.000
0.10,325.000
0.12,325.000
0.14,325.000
0.16,325.000
0.18,325.000
0.20,325.000
0.22,325.000
0.24,325.000
0.26,325.000
0.28,325.000
0.30,325.000
0.32,325.000
0.34,325.000
0.36,325.000
0.38,325.000
0.40,325.000
0.42,325.000
0.44,325.000
0.46,325.000
0.48,325.000
0.50,325.000
0.52,325.000
0.54,325.000
0.56,325.000
0.58,325.000
0.60,325.000
0.62,325.000
0.64,325.000
0.66,325.000
0.68,325.000
0.70,325.000
0.72,325.000
0.74,325.000
0.76,325.000
0.78,325.000
0.80,325.000
0.82,325.000
0.84,325.000
0.86,325.000
0.88,325.000
0.90,325.000
0.92,325.000
0.94,325.000
0.96,325.000
0.98,325.000
1.00,325.000
1.02,325.000
1.04,325.000
1.06,325.000
1.08,325.000
1.10,325.000
1.12,325.000
1.14,325.000
1.16,325.000
1.18,325.000
1.20,325.000
1.22,325.000
1.24,325.000
1.26,325.000
1.28,325.000
1.30,325.000
1.32,325.000
1.34,325.000
1.36,325.000
1.38,325.000
1.40,325.000
1.42,325.000
1.44,325.000
1.46,325.000
1.48,325.000
1.50,325.000
1.52,325.000
1.54,325.000
1.56,325.000
1.58,325.000
1.60,325.000
1.62,325.000
1.64,325.000
1.66,325.000
1.68,325.000
1.70,325.000
1.72,325.000
1.74,325.000
1.76,325.000
1.78,315.181
1.80,297.537
1.82,280.932
1.84,265.278
1.86,250.494
1.88,236.528
1.90,223.307
1.92,210.796
1.94,198.939
1.96,187.702
1.98,177.040
2.00,166.936
2.02,157.343
2.04,148.251
2.06,139.628
2.08,131.455
2.10,123.713
2.12,116.381
2.14,109.442
2.16,102.880
2.18, 96.687
2.20, 90.838
2.22, 85.319
2.24, 80.122
2.26, 75.233
2.28, 70.630
2.30, 66.303
2.32, 62.238
2.34, 58.417
2.36, 54.829
2.38, 51.454
2.40, 48.299
2.42, 45.329
2.44, 42.541
2.46, 39.925
2.48, 37.465
2.50, 35.163
2.52, 32.997
2.54, 30.963
2.56, 29.055
2.58, 27.264
2.60, 25.583
2.62, 24.007
2.64, 22.530
2.66, 21.145
2.68, 19.850
2.70, 18.638
2.72, 17.507
2.74, 16.452
2.76, 15.467
2.78, 14.549
2.80, 13.694
2.82, 12.896
2.84, 12.154
2.86, 11.463
2.88, 10.819
2.90, 10.220
2.92,  9.662
2.94,  9.142
2.96,  8.658
2.98,  8.207
3.00,  7.785
3.04,  7.027
3.08,  6.365
3.12,  5.787
3.16,  5.279
3.20,  4.833
3.24,  4.439
3.28,  4.090
3.32,  3.780
3.36,  3.503
3.40,  3.256
3.44,  3.033
3.48,  2.833
3.52,  2.653
3.56,  2.490
3.60,  2.342
3.64,  2.207
3.68,  2.085
3.72,  1.973
3.76,  1.870
3.80,  1.776
3.84,  1.689
3.88,  1.609
3.92,  1.533
3.96,  1.464
4.00,  1.399
4.10,  0.000
4.20,  0.000
4.30,  0.000
4.40,  0.000
4.50,  0.000
4.60,  0.000
4.70,  0.000
4.80,  0.000
4.90,  0.000
5.00,  0.000
5.10,  0.000
5.20,  0.000
5.30,  0.000
5.40,  0.000
5.50,  0.000
5.60,  0.000
