Tiempo (min)	T (K) 	I pulso(mA)	Vinst 1 (V)	Iinst 1 (mA)	Rinst 1(Ohm)	Rrem 1 (Ohm)	Ibias 1 (mA)	Vbias 1 (V)	Vinst 2 (V)	Iinst 2 (mA)	Rinst 2(Ohm)	Rrem 2 (Ohm)	Ibias 2 (mA)	Vbias 2 (V)	Ancho pulso (s)	Periodo (s)	Icc 1 (mA)	Vcc 1 (V)	Icc 2 (mA)	Vcc 2 (V)	2W 1?	N
1.046727E-2	1.000000E+2	-1.500000E+3	-1.499966E+0	-1.699010E+1	8.828471E+1	2.047745E+2	1.929000E-1	3.950100E-2	-6.095800E-2	-1.699010E+1	3.587854E+0	2.813893E+1	1.929000E-1	5.428000E-3	1.000000E-2	0.000000E+0	4.000000E+1	2.000000E+0	4.000000E+1	2.000000E+0	1.000000E+0	1.000000E+0
3.266854E-2	1.000000E+2	-1.450000E+3	-1.450041E+0	-1.625780E+1	8.919048E+1	2.028978E+2	1.967000E-1	3.991000E-2	-5.748000E-2	-1.625780E+1	3.535534E+0	2.700559E+1	1.967000E-1	5.312000E-3	1.000000E-2	0.000000E+0	4.000000E+1	2.000000E+0	4.000000E+1	2.000000E+0	1.000000E+0	2.000000E+0
5.425310E-2	1.000000E+2	-1.400000E+3	-1.400421E+0	-1.553370E+1	9.015373E+1	1.912828E+2	2.097000E-1	4.011200E-2	-5.520400E-2	-1.553370E+1	3.553822E+0	2.591321E+1	2.097000E-1	5.434000E-3	1.000000E-2	0.000000E+0	4.000000E+1	2.000000E+0	4.000000E+1	2.000000E+0	1.000000E+0	3.000000E+0
7.600435E-2	1.000000E+2	-1.350000E+3	-1.350493E+0	-1.482650E+1	9.108643E+1	2.060818E+2	1.932000E-1	3.981500E-2	-5.216600E-2	-1.482650E+1	3.518430E+0	2.591097E+1	1.932000E-1	5.006000E-3	1.000000E-2	0.000000E+0	4.000000E+1	2.000000E+0	4.000000E+1	2.000000E+0	1.000000E+0	4.000000E+0
9.777226E-2	1.000000E+2	-1.300000E+3	-1.300043E+0	-1.411690E+1	9.209125E+1	1.964037E+2	2.041000E-1	4.008600E-2	-4.969800E-2	-1.411690E+1	3.520461E+0	2.704557E+1	2.041000E-1	5.520000E-3	1.000000E-2	0.000000E+0	4.000000E+1	2.000000E+0	4.000000E+1	2.000000E+0	1.000000E+0	5.000000E+0
1.199569E-1	1.000000E+2	-1.250000E+3	-1.249971E+0	-1.340610E+1	9.323897E+1	1.866186E+2	2.150000E-1	4.012300E-2	-4.662700E-2	-1.340610E+1	3.478044E+0	2.455814E+1	2.150000E-1	5.280000E-3	1.000000E-2	0.000000E+0	4.000000E+1	2.000000E+0	4.000000E+1	2.000000E+0	1.000000E+0	6.000000E+0
1.416248E-1	1.000000E+2	-1.200000E+3	-1.199889E+0	-1.272300E+1	9.430865E+1	2.052664E+2	1.971000E-1	4.045800E-2	-4.369600E-2	-1.272300E+1	3.434410E+0	2.632166E+1	1.971000E-1	5.188000E-3	1.000000E-2	0.000000E+0	4.000000E+1	2.000000E+0	4.000000E+1	2.000000E+0	1.000000E+0	7.000000E+0
1.632927E-1	1.000000E+2	-1.150000E+3	-1.150754E+0	-1.206290E+1	9.539613E+1	2.070286E+2	1.925000E-1	3.985300E-2	-4.148100E-2	-1.206290E+1	3.438725E+0	2.598442E+1	1.925000E-1	5.002000E-3	1.000000E-2	0.000000E+0	4.000000E+1	2.000000E+0	4.000000E+1	2.000000E+0	1.000000E+0	8.000000E+0
1.850439E-1	1.000000E+2	-1.100000E+3	-1.100100E+0	-1.139330E+1	9.655675E+1	2.011666E+2	1.963000E-1	3.948900E-2	-3.901800E-2	-1.139330E+1	3.424644E+0	2.726949E+1	1.963000E-1	5.353000E-3	1.000000E-2	0.000000E+0	4.000000E+1	2.000000E+0	4.000000E+1	2.000000E+0	1.000000E+0	9.000000E+0
2.076619E-1	1.000000E+2	-1.050000E+3	-1.049786E+0	-1.072840E+1	9.785112E+1	2.023297E+2	1.953000E-1	3.951500E-2	-3.626400E-2	-1.072840E+1	3.380187E+0	2.700461E+1	1.953000E-1	5.274000E-3	1.000000E-2	0.000000E+0	4.000000E+1	2.000000E+0	4.000000E+1	2.000000E+0	1.000000E+0	1.000000E+1
2.292464E-1	1.000000E+2	-1.000000E+3	-1.000390E+0	-1.007510E+1	9.929331E+1	2.094687E+2	1.901000E-1	3.982000E-2	-3.358400E-2	-1.007510E+1	3.333366E+0	2.706996E+1	1.901000E-1	5.146000E-3	1.000000E-2	0.000000E+0	4.000000E+1	2.000000E+0	4.000000E+1	2.000000E+0	1.000000E+0	1.100000E+1
2.509977E-1	1.000000E+2	-9.500000E+2	-9.498660E-1	-9.452100E+0	1.004926E+2	1.999353E+2	2.009000E-1	4.016700E-2	-3.151400E-2	-9.452100E+0	3.334074E+0	2.572424E+1	2.009000E-1	5.168000E-3	1.000000E-2	0.000000E+0	4.000000E+1	2.000000E+0	4.000000E+1	2.000000E+0	1.000000E+0	1.200000E+1
2.727323E-1	1.000000E+2	-9.000000E+2	-9.011660E-1	-8.817200E+0	1.022055E+2	1.895706E+2	2.096000E-1	3.973400E-2	-2.892100E-2	-8.817200E+0	3.280066E+0	2.590649E+1	2.096000E-1	5.430000E-3	1.000000E-2	0.000000E+0	4.000000E+1	2.000000E+0	4.000000E+1	2.000000E+0	1.000000E+0	1.300000E+1
2.955336E-1	1.000000E+2	-8.500000E+2	-8.502460E-1	-8.197400E+0	1.037214E+2	1.884489E+2	2.134000E-1	4.021500E-2	-2.659400E-2	-8.197400E+0	3.244199E+0	2.504217E+1	2.134000E-1	5.344000E-3	1.000000E-2	0.000000E+0	4.000000E+1	2.000000E+0	4.000000E+1	2.000000E+0	1.000000E+0	1.400000E+1
3.170348E-1	1.000000E+2	-8.000000E+2	-7.995700E-1	-7.579400E+0	1.054925E+2	1.905558E+2	2.087000E-1	3.976900E-2	-2.466100E-2	-7.579400E+0	3.253688E+0	2.723047E+1	2.087000E-1	5.683000E-3	1.000000E-2	0.000000E+0	4.000000E+1	2.000000E+0	4.000000E+1	2.000000E+0	1.000000E+0	1.500000E+1
3.389361E-1	1.000000E+2	-7.500000E+2	-7.498050E-1	-6.960800E+0	1.077182E+2	2.008912E+2	1.986000E-1	3.989700E-2	-2.171700E-2	-6.960800E+0	3.119900E+0	2.742699E+1	1.986000E-1	5.447000E-3	1.000000E-2	0.000000E+0	4.000000E+1	2.000000E+0	4.000000E+1	2.000000E+0	1.000000E+0	1.600000E+1
3.612207E-1	1.000000E+2	-7.000000E+2	-7.002590E-1	-6.386700E+0	1.096433E+2	2.077327E+2	1.923000E-1	3.994700E-2	-1.967700E-2	-6.386700E+0	3.080934E+0	2.419137E+1	1.923000E-1	4.652000E-3	1.000000E-2	0.000000E+0	4.000000E+1	2.000000E+0	4.000000E+1	2.000000E+0	1.000000E+0	1.700000E+1
3.827386E-1	1.000000E+2	-6.500000E+2	-6.495610E-1	-5.798500E+0	1.120222E+2	1.879379E+2	2.124000E-1	3.991800E-2	-1.714200E-2	-5.798500E+0	2.956282E+0	2.951507E+1	2.124000E-1	6.269000E-3	1.000000E-2	0.000000E+0	4.000000E+1	2.000000E+0	4.000000E+1	2.000000E+0	1.000000E+0	1.800000E+1
4.055732E-1	1.000000E+2	-6.000000E+2	-5.997460E-1	-5.249800E+0	1.142417E+2	2.000744E+2	2.015000E-1	4.031500E-2	-1.501600E-2	-5.249800E+0	2.860299E+0	2.880893E+1	2.015000E-1	5.805000E-3	1.000000E-2	0.000000E+0	4.000000E+1	2.000000E+0	4.000000E+1	2.000000E+0	1.000000E+0	1.900000E+1
4.273411E-1	1.000000E+2	-5.500000E+2	-5.500360E-1	-4.694800E+0	1.171586E+2	1.962238E+2	2.055000E-1	4.032400E-2	-1.324600E-2	-4.694800E+0	2.821419E+0	2.595620E+1	2.055000E-1	5.334000E-3	1.000000E-2	0.000000E+0	4.000000E+1	2.000000E+0	4.000000E+1	2.000000E+0	1.000000E+0	2.000000E+1
4.491424E-1	1.000000E+2	-5.000000E+2	-4.999070E-1	-4.158200E+0	1.202220E+2	1.915085E+2	2.108000E-1	4.037000E-2	-1.121900E-2	-4.158200E+0	2.698042E+0	2.259962E+1	2.108000E-1	4.764000E-3	1.000000E-2	0.000000E+0	4.000000E+1	2.000000E+0	4.000000E+1	2.000000E+0	1.000000E+0	2.100000E+1
4.709769E-1	1.000000E+2	-4.500000E+2	-4.498030E-1	-3.644500E+0	1.234197E+2	1.992911E+2	1.989000E-1	3.963900E-2	-9.467000E-3	-3.644500E+0	2.597613E+0	2.589241E+1	1.989000E-1	5.150000E-3	1.000000E-2	0.000000E+0	4.000000E+1	2.000000E+0	4.000000E+1	2.000000E+0	1.000000E+0	2.200000E+1
4.938116E-1	1.000000E+2	-4.000000E+2	-4.004580E-1	-3.133500E+0	1.277989E+2	2.068200E+2	1.956000E-1	4.045400E-2	-7.087000E-3	-3.133500E+0	2.261688E+0	2.653374E+1	1.956000E-1	5.190000E-3	1.000000E-2	0.000000E+0	4.000000E+1	2.000000E+0	4.000000E+1	2.000000E+0	1.000000E+0	2.300000E+1
5.151795E-1	1.000000E+2	-3.500000E+2	-3.501470E-1	-2.638600E+0	1.327018E+2	2.013515E+2	1.983000E-1	3.992800E-2	-5.064000E-3	-2.638600E+0	1.919200E+0	2.439738E+1	1.983000E-1	4.838000E-3	1.000000E-2	0.000000E+0	4.000000E+1	2.000000E+0	4.000000E+1	2.000000E+0	1.000000E+0	2.400000E+1
5.369474E-1	1.000000E+2	-3.000000E+2	-2.994470E-1	-2.182800E+0	1.371848E+2	2.021479E+2	1.988000E-1	4.018700E-2	-3.621000E-3	-2.182800E+0	1.658879E+0	2.789738E+1	1.988000E-1	5.546000E-3	1.000000E-2	0.000000E+0	4.000000E+1	2.000000E+0	4.000000E+1	2.000000E+0	1.000000E+0	2.500000E+1
5.586986E-1	1.000000E+2	-2.500000E+2	-2.507270E-1	-1.760200E+0	1.424423E+2	1.932929E+2	2.062000E-1	3.985700E-2	-1.543000E-3	-1.760200E+0	8.766049E-1	2.356935E+1	2.062000E-1	4.860000E-3	1.000000E-2	0.000000E+0	4.000000E+1	2.000000E+0	4.000000E+1	2.000000E+0	1.000000E+0	2.600000E+1
5.804665E-1	1.000000E+2	-2.000000E+2	-1.992530E-1	-1.319900E+0	1.509607E+2	1.898057E+2	2.110000E-1	4.004900E-2	-4.370000E-4	-1.319900E+0	3.310857E-1	2.418483E+1	2.110000E-1	5.103000E-3	1.000000E-2	0.000000E+0	4.000000E+1	2.000000E+0	4.000000E+1	2.000000E+0	1.000000E+0	2.700000E+1
6.023011E-1	1.000000E+2	-1.500000E+2	-1.501130E-1	-9.448000E-1	1.588834E+2	1.993685E+2	2.011000E-1	4.009300E-2	1.265000E-3	-9.448000E-1	-1.338908E+0	2.776231E+1	2.011000E-1	5.583000E-3	1.000000E-2	0.000000E+0	4.000000E+1	2.000000E+0	4.000000E+1	2.000000E+0	1.000000E+0	2.800000E+1
6.238190E-1	1.000000E+2	-1.009804E+2	-1.009440E-1	-5.976000E-1	1.689157E+2	1.892127E+2	2.134000E-1	4.037800E-2	2.508000E-3	-5.976000E-1	-4.196787E+0	2.641050E+1	2.134000E-1	5.636000E-3	1.000000E-2	0.000000E+0	4.000000E+1	2.000000E+0	4.000000E+1	2.000000E+0	1.000000E+0	2.900000E+1
6.455203E-1	1.000000E+2	-5.198019E+1	-5.148300E-2	-2.917000E-1	1.764930E+2	1.976996E+2	2.017000E-1	3.987600E-2	3.308000E-3	-2.917000E-1	-1.134042E+1	2.448686E+1	2.017000E-1	4.939000E-3	1.000000E-2	0.000000E+0	4.000000E+1	2.000000E+0	4.000000E+1	2.000000E+0	1.000000E+0	3.000000E+1
6.673215E-1	1.000000E+2	-2.979997E+0	-2.967000E-3	-3.080000E-2	9.633117E+1	2.016966E+2	2.004000E-1	4.042000E-2	4.836000E-3	-3.080000E-2	-1.570130E+2	2.260479E+1	2.004000E-1	4.530000E-3	1.000000E-2	0.000000E+0	4.000000E+1	2.000000E+0	4.000000E+1	2.000000E+0	1.000000E+0	3.100000E+1
6.894728E-1	1.000000E+2	4.900020E+1	4.877200E-2	2.557000E-1	1.907391E+2	1.943047E+2	2.035000E-1	3.954100E-2	5.332000E-3	2.557000E-1	2.085256E+1	2.642752E+1	2.035000E-1	5.378000E-3	1.000000E-2	0.000000E+0	4.000000E+1	2.000000E+0	4.000000E+1	2.000000E+0	1.000000E+0	3.200000E+1
7.111907E-1	1.000000E+2	9.800039E+1	9.757600E-2	5.536000E-1	1.762572E+2	1.951171E+2	2.050000E-1	3.999900E-2	6.578000E-3	5.536000E-1	1.188223E+1	2.676098E+1	2.050000E-1	5.486000E-3	1.000000E-2	0.000000E+0	4.000000E+1	2.000000E+0	4.000000E+1	2.000000E+0	1.000000E+0	3.300000E+1
7.330086E-1	1.000000E+2	1.470006E+2	1.473970E-1	8.929000E-1	1.650767E+2	1.960646E+2	2.043000E-1	4.005600E-2	7.733000E-3	8.929000E-1	8.660544E+0	2.765541E+1	2.043000E-1	5.650000E-3	1.000000E-2	0.000000E+0	4.000000E+1	2.000000E+0	4.000000E+1	2.000000E+0	1.000000E+0	3.400000E+1
7.548598E-1	1.000000E+2	1.969808E+2	1.973770E-1	1.285500E+0	1.535410E+2	1.968159E+2	2.032000E-1	3.999300E-2	9.956000E-3	1.285500E+0	7.744846E+0	2.559055E+1	2.032000E-1	5.200000E-3	1.000000E-2	0.000000E+0	4.000000E+1	2.000000E+0	4.000000E+1	2.000000E+0	1.000000E+0	3.500000E+1
7.769444E-1	1.000000E+2	2.469808E+2	2.465270E-1	1.683000E+0	1.464807E+2	2.006135E+2	2.005000E-1	4.022300E-2	1.102100E-2	1.683000E+0	6.548425E+0	2.558603E+1	2.005000E-1	5.130000E-3	1.000000E-2	0.000000E+0	4.000000E+1	2.000000E+0	4.000000E+1	2.000000E+0	1.000000E+0	3.600000E+1
7.985623E-1	1.000000E+2	2.969808E+2	2.974890E-1	2.137300E+0	1.391892E+2	1.900864E+2	2.084000E-1	3.961400E-2	1.243500E-2	2.137300E+0	5.818088E+0	2.700576E+1	2.084000E-1	5.628000E-3	1.000000E-2	0.000000E+0	4.000000E+1	2.000000E+0	4.000000E+1	2.000000E+0	1.000000E+0	3.700000E+1
8.202302E-1	1.000000E+2	3.469808E+2	3.467190E-1	2.590000E+0	1.338683E+2	1.935169E+2	2.070000E-1	4.005800E-2	1.437500E-2	2.590000E+0	5.550193E+0	2.576812E+1	2.070000E-1	5.334000E-3	1.000000E-2	0.000000E+0	4.000000E+1	2.000000E+0	4.000000E+1	2.000000E+0	1.000000E+0	3.800000E+1
8.418815E-1	1.000000E+2	3.969808E+2	3.970520E-1	3.079100E+0	1.289507E+2	1.952344E+2	2.069000E-1	4.039400E-2	1.610900E-2	3.079100E+0	5.231724E+0	2.521508E+1	2.069000E-1	5.217000E-3	1.000000E-2	0.000000E+0	4.000000E+1	2.000000E+0	4.000000E+1	2.000000E+0	1.000000E+0	3.900000E+1
8.635327E-1	1.000000E+2	4.469808E+2	4.469570E-1	3.589200E+0	1.245283E+2	1.940048E+2	2.075000E-1	4.025600E-2	1.793300E-2	3.589200E+0	4.996378E+0	2.318554E+1	2.075000E-1	4.811000E-3	1.000000E-2	0.000000E+0	4.000000E+1	2.000000E+0	4.000000E+1	2.000000E+0	1.000000E+0	4.000000E+1
8.854006E-1	1.000000E+2	4.969808E+2	4.966520E-1	4.094600E+0	1.212944E+2	2.123056E+2	1.865000E-1	3.959500E-2	2.010300E-2	4.094600E+0	4.909637E+0	2.853083E+1	1.865000E-1	5.321000E-3	1.000000E-2	0.000000E+0	4.000000E+1	2.000000E+0	4.000000E+1	2.000000E+0	1.000000E+0	4.100000E+1
9.072519E-1	1.000000E+2	5.469808E+2	5.468740E-1	4.638600E+0	1.178963E+2	1.908471E+2	2.125000E-1	4.055500E-2	2.221300E-2	4.638600E+0	4.788729E+0	2.450824E+1	2.125000E-1	5.208000E-3	1.000000E-2	0.000000E+0	4.000000E+1	2.000000E+0	4.000000E+1	2.000000E+0	1.000000E+0	4.200000E+1
9.290865E-1	1.000000E+2	5.969808E+2	5.977390E-1	5.184700E+0	1.152890E+2	1.889461E+2	2.135000E-1	4.034000E-2	2.428700E-2	5.184700E+0	4.684360E+0	2.588290E+1	2.135000E-1	5.526000E-3	1.000000E-2	0.000000E+0	4.000000E+1	2.000000E+0	4.000000E+1	2.000000E+0	1.000000E+0	4.300000E+1
9.516044E-1	1.000000E+2	6.469808E+2	6.467750E-1	5.734900E+0	1.127788E+2	2.075482E+2	1.921000E-1	3.987000E-2	2.543200E-2	5.734900E+0	4.434602E+0	2.437793E+1	1.921000E-1	4.683000E-3	1.000000E-2	0.000000E+0	4.000000E+1	2.000000E+0	4.000000E+1	2.000000E+0	1.000000E+0	4.400000E+1
9.732223E-1	1.000000E+2	6.969808E+2	6.968410E-1	6.333100E+0	1.100316E+2	2.010900E+2	2.000000E-1	4.021800E-2	2.855200E-2	6.333100E+0	4.508377E+0	2.353000E+1	2.000000E-1	4.706000E-3	1.000000E-2	0.000000E+0	4.000000E+1	2.000000E+0	4.000000E+1	2.000000E+0	1.000000E+0	4.500000E+1
9.949069E-1	1.000000E+2	7.469808E+2	7.465980E-1	6.907000E+0	1.080929E+2	2.060718E+2	1.950000E-1	4.018400E-2	3.023200E-2	6.907000E+0	4.377009E+0	2.722051E+1	1.950000E-1	5.308000E-3	1.000000E-2	0.000000E+0	4.000000E+1	2.000000E+0	4.000000E+1	2.000000E+0	1.000000E+0	4.600000E+1
1.016725E+0	1.000000E+2	7.969808E+2	7.967850E-1	7.519300E+0	1.059653E+2	1.943977E+2	2.067000E-1	4.018200E-2	3.260600E-2	7.519300E+0	4.336308E+0	2.315433E+1	2.067000E-1	4.786000E-3	1.000000E-2	0.000000E+0	4.000000E+1	2.000000E+0	4.000000E+1	2.000000E+0	1.000000E+0	4.700000E+1
1.039376E+0	1.000000E+2	8.469808E+2	8.462650E-1	8.120100E+0	1.042185E+2	1.924891E+2	2.065000E-1	3.974900E-2	3.586000E-2	8.120100E+0	4.416202E+0	2.689104E+1	2.065000E-1	5.553000E-3	1.000000E-2	0.000000E+0	4.000000E+1	2.000000E+0	4.000000E+1	2.000000E+0	1.000000E+0	4.800000E+1
1.061144E+0	1.000000E+2	8.969808E+2	8.967200E-1	8.740200E+0	1.025972E+2	2.050386E+2	1.941000E-1	3.979800E-2	3.754700E-2	8.740200E+0	4.295897E+0	2.733642E+1	1.941000E-1	5.306000E-3	1.000000E-2	0.000000E+0	4.000000E+1	2.000000E+0	4.000000E+1	2.000000E+0	1.000000E+0	4.900000E+1
1.083595E+0	1.000000E+2	9.469808E+2	9.472010E-1	9.375600E+0	1.010283E+2	2.000501E+2	1.998000E-1	3.997000E-2	4.094600E-2	9.375600E+0	4.367294E+0	2.257758E+1	1.998000E-1	4.511000E-3	1.000000E-2	0.000000E+0	4.000000E+1	2.000000E+0	4.000000E+1	2.000000E+0	1.000000E+0	5.000000E+1
1.105363E+0	1.000000E+2	9.969808E+2	9.964860E-1	1.000620E+1	9.958686E+1	1.950679E+2	2.062000E-1	4.022300E-2	4.272600E-2	1.000620E+1	4.269953E+0	2.570320E+1	2.062000E-1	5.300000E-3	1.000000E-2	0.000000E+0	4.000000E+1	2.000000E+0	4.000000E+1	2.000000E+0	1.000000E+0	5.100000E+1
1.127998E+0	1.000000E+2	1.046981E+3	1.047020E+0	1.065270E+1	9.828682E+1	1.874369E+2	2.138000E-1	4.007400E-2	4.447800E-2	1.065270E+1	4.175280E+0	2.685220E+1	2.138000E-1	5.741000E-3	1.000000E-2	0.000000E+0	4.000000E+1	2.000000E+0	4.000000E+1	2.000000E+0	1.000000E+0	5.200000E+1
1.149749E+0	1.000000E+2	1.096981E+3	1.096530E+0	1.131840E+1	9.688030E+1	1.899665E+2	2.088000E-1	3.966500E-2	4.751800E-2	1.131840E+1	4.198297E+0	2.554119E+1	2.088000E-1	5.333000E-3	1.000000E-2	0.000000E+0	4.000000E+1	2.000000E+0	4.000000E+1	2.000000E+0	1.000000E+0	5.300000E+1
1.172217E+0	1.000000E+2	1.146981E+3	1.146671E+0	1.196700E+1	9.581942E+1	2.069462E+2	1.932000E-1	3.998200E-2	4.946600E-2	1.196700E+1	4.133534E+0	3.008799E+1	1.932000E-1	5.813000E-3	1.000000E-2	0.000000E+0	4.000000E+1	2.000000E+0	4.000000E+1	2.000000E+0	1.000000E+0	5.400000E+1
1.193885E+0	1.000000E+2	1.196981E+3	1.197106E+0	1.265400E+1	9.460297E+1	2.006415E+2	2.011000E-1	4.034900E-2	5.254100E-2	1.265400E+1	4.152126E+0	2.694182E+1	2.011000E-1	5.418000E-3	1.000000E-2	0.000000E+0	4.000000E+1	2.000000E+0	4.000000E+1	2.000000E+0	1.000000E+0	5.500000E+1
1.216020E+0	1.000000E+2	1.246981E+3	1.246800E+0	1.334110E+1	9.345556E+1	2.053218E+2	1.958000E-1	4.020200E-2	5.486100E-2	1.334110E+1	4.112180E+0	2.543412E+1	1.958000E-1	4.980000E-3	1.000000E-2	0.000000E+0	4.000000E+1	2.000000E+0	4.000000E+1	2.000000E+0	1.000000E+0	5.600000E+1
1.237737E+0	1.000000E+2	1.296981E+3	1.296944E+0	1.404490E+1	9.234270E+1	1.887921E+2	2.136000E-1	4.032600E-2	5.746600E-2	1.404490E+1	4.091592E+0	2.525749E+1	2.136000E-1	5.395000E-3	1.000000E-2	0.000000E+0	4.000000E+1	2.000000E+0	4.000000E+1	2.000000E+0	1.000000E+0	5.700000E+1
1.260405E+0	1.000000E+2	1.346981E+3	1.347041E+0	1.474780E+1	9.133844E+1	1.901814E+2	2.095000E-1	3.984300E-2	6.086200E-2	1.474780E+1	4.126853E+0	2.699761E+1	2.095000E-1	5.656000E-3	1.000000E-2	0.000000E+0	4.000000E+1	2.000000E+0	4.000000E+1	2.000000E+0	1.000000E+0	5.800000E+1
1.282073E+0	1.000000E+2	1.396981E+3	1.396792E+0	1.544250E+1	9.045116E+1	1.906568E+2	2.101000E-1	4.005700E-2	6.309000E-2	1.544250E+1	4.085478E+0	2.811518E+1	2.101000E-1	5.907000E-3	1.000000E-2	0.000000E+0	4.000000E+1	2.000000E+0	4.000000E+1	2.000000E+0	1.000000E+0	5.900000E+1
1.303925E+0	1.000000E+2	1.446981E+3	1.446957E+0	1.622490E+1	8.918126E+1	2.070738E+2	1.924000E-1	3.984100E-2	6.630100E-2	1.622490E+1	4.086373E+0	2.540541E+1	1.924000E-1	4.888000E-3	1.000000E-2	0.000000E+0	4.000000E+1	2.000000E+0	4.000000E+1	2.000000E+0	1.000000E+0	6.000000E+1
1.326793E+0	1.000000E+2	1.496981E+3	1.496272E+0	1.692800E+1	8.839036E+1	1.908075E+2	2.093000E-1	3.993600E-2	6.856200E-2	1.692800E+1	4.050213E+0	2.513139E+1	2.093000E-1	5.260000E-3	1.000000E-2	0.000000E+0	4.000000E+1	2.000000E+0	4.000000E+1	2.000000E+0	1.000000E+0	6.100000E+1
1.348244E+0	1.000000E+2	1.500000E+3	1.500324E+0	1.699410E+1	8.828499E+1	2.027041E+2	1.960000E-1	3.973000E-2	6.958500E-2	1.699410E+1	4.094656E+0	2.642347E+1	1.960000E-1	5.179000E-3	1.000000E-2	0.000000E+0	4.000000E+1	2.000000E+0	4.000000E+1	2.000000E+0	1.000000E+0	6.200000E+1
1.369928E+0	1.000000E+2	1.450000E+3	1.450962E+0	1.628010E+1	8.912488E+1	2.065026E+2	1.930000E-1	3.985500E-2	6.650700E-2	1.628010E+1	4.085171E+0	2.663212E+1	1.930000E-1	5.140000E-3	1.000000E-2	0.000000E+0	4.000000E+1	2.000000E+0	4.000000E+1	2.000000E+0	1.000000E+0	6.300000E+1
1.391613E+0	1.000000E+2	1.400000E+3	1.400151E+0	1.552130E+1	9.020836E+1	1.960087E+2	2.077000E-1	4.071100E-2	6.323900E-2	1.552130E+1	4.074337E+0	2.595089E+1	2.077000E-1	5.390000E-3	1.000000E-2	0.000000E+0	4.000000E+1	2.000000E+0	4.000000E+1	2.000000E+0	1.000000E+0	6.400000E+1
1.413464E+0	1.000000E+2	1.350000E+3	1.350433E+0	1.482480E+1	9.109283E+1	1.937024E+2	2.050000E-1	3.970900E-2	6.106600E-2	1.482480E+1	4.119179E+0	2.613659E+1	2.050000E-1	5.358000E-3	1.000000E-2	0.000000E+0	4.000000E+1	2.000000E+0	4.000000E+1	2.000000E+0	1.000000E+0	6.500000E+1
1.435249E+0	1.000000E+2	1.300000E+3	1.300085E+0	1.411560E+1	9.210271E+1	2.067227E+2	1.962000E-1	4.055900E-2	5.857100E-2	1.411560E+1	4.149381E+0	2.519878E+1	1.962000E-1	4.944000E-3	1.000000E-2	0.000000E+0	4.000000E+1	2.000000E+0	4.000000E+1	2.000000E+0	1.000000E+0	6.600000E+1
1.456767E+0	1.000000E+2	1.250000E+3	1.250807E+0	1.342010E+1	9.320400E+1	1.867785E+2	2.117000E-1	3.954100E-2	5.538700E-2	1.342010E+1	4.127167E+0	2.497874E+1	2.117000E-1	5.288000E-3	1.000000E-2	0.000000E+0	4.000000E+1	2.000000E+0	4.000000E+1	2.000000E+0	1.000000E+0	6.700000E+1
1.478435E+0	1.000000E+2	1.200000E+3	1.199526E+0	1.271620E+1	9.433054E+1	1.863946E+2	2.144000E-1	3.996300E-2	5.314600E-2	1.271620E+1	4.179393E+0	2.623601E+1	2.144000E-1	5.625000E-3	1.000000E-2	0.000000E+0	4.000000E+1	2.000000E+0	4.000000E+1	2.000000E+0	1.000000E+0	6.800000E+1
1.500219E+0	1.000000E+2	1.150000E+3	1.150003E+0	1.204060E+1	9.551044E+1	1.870957E+2	2.121000E-1	3.968300E-2	5.013500E-2	1.204060E+1	4.163829E+0	2.687883E+1	2.121000E-1	5.701000E-3	1.000000E-2	0.000000E+0	4.000000E+1	2.000000E+0	4.000000E+1	2.000000E+0	1.000000E+0	6.900000E+1
1.521970E+0	1.000000E+2	1.100000E+3	1.100306E+0	1.136750E+1	9.679402E+1	2.032423E+2	1.977000E-1	4.018100E-2	4.809500E-2	1.136750E+1	4.230921E+0	2.790086E+1	1.977000E-1	5.516000E-3	1.000000E-2	0.000000E+0	4.000000E+1	2.000000E+0	4.000000E+1	2.000000E+0	1.000000E+0	7.000000E+1
1.544505E+0	1.000000E+2	1.050000E+3	1.050465E+0	1.069800E+1	9.819265E+1	2.012028E+2	1.987000E-1	3.997900E-2	4.450300E-2	1.069800E+1	4.159936E+0	2.889784E+1	1.987000E-1	5.742000E-3	1.000000E-2	0.000000E+0	4.000000E+1	2.000000E+0	4.000000E+1	2.000000E+0	1.000000E+0	7.100000E+1
1.566406E+0	1.000000E+2	1.000000E+3	1.000280E+0	1.005870E+1	9.944426E+1	1.941443E+2	2.051000E-1	3.981900E-2	4.244200E-2	1.005870E+1	4.219432E+0	2.611897E+1	2.051000E-1	5.357000E-3	1.000000E-2	0.000000E+0	4.000000E+1	2.000000E+0	4.000000E+1	2.000000E+0	1.000000E+0	7.200000E+1
1.588891E+0	1.000000E+2	9.500000E+2	9.499630E-1	9.411700E+0	1.009343E+2	2.031183E+2	1.969000E-1	3.999400E-2	4.004300E-2	9.411700E+0	4.254598E+0	2.362621E+1	1.969000E-1	4.652000E-3	1.000000E-2	0.000000E+0	4.000000E+1	2.000000E+0	4.000000E+1	2.000000E+0	1.000000E+0	7.300000E+1
1.610575E+0	1.000000E+2	9.000000E+2	8.996000E-1	8.763500E+0	1.026530E+2	1.986399E+2	2.044000E-1	4.060200E-2	3.739200E-2	8.763500E+0	4.266788E+0	2.830724E+1	2.044000E-1	5.786000E-3	1.000000E-2	0.000000E+0	4.000000E+1	2.000000E+0	4.000000E+1	2.000000E+0	1.000000E+0	7.400000E+1
1.632960E+0	1.000000E+2	8.500000E+2	8.504070E-1	8.161800E+0	1.041936E+2	2.041577E+2	1.941000E-1	3.962700E-2	3.531000E-2	8.161800E+0	4.326252E+0	2.322514E+1	1.941000E-1	4.508000E-3	1.000000E-2	0.000000E+0	4.000000E+1	2.000000E+0	4.000000E+1	2.000000E+0	1.000000E+0	7.500000E+1
1.654545E+0	1.000000E+2	8.000000E+2	8.000290E-1	7.550400E+0	1.059585E+2	2.079443E+2	1.902000E-1	3.955100E-2	3.294800E-2	7.550400E+0	4.363742E+0	2.467928E+1	1.902000E-1	4.694000E-3	1.000000E-2	0.000000E+0	4.000000E+1	2.000000E+0	4.000000E+1	2.000000E+0	1.000000E+0	7.600000E+1
1.676229E+0	1.000000E+2	7.500000E+2	7.501960E-1	6.956800E+0	1.078364E+2	1.890419E+2	2.150000E-1	4.064400E-2	3.053000E-2	6.956800E+0	4.388512E+0	2.304651E+1	2.150000E-1	4.955000E-3	1.000000E-2	0.000000E+0	4.000000E+1	2.000000E+0	4.000000E+1	2.000000E+0	1.000000E+0	7.700000E+1
1.697897E+0	1.000000E+2	7.000000E+2	7.002690E-1	6.374800E+0	1.098496E+2	2.032356E+2	1.978000E-1	4.020000E-2	2.923800E-2	6.374800E+0	4.586497E+0	2.628413E+1	1.978000E-1	5.199000E-3	1.000000E-2	0.000000E+0	4.000000E+1	2.000000E+0	4.000000E+1	2.000000E+0	1.000000E+0	7.800000E+1
1.720515E+0	1.000000E+2	6.500000E+2	6.499420E-1	5.792100E+0	1.122118E+2	1.943576E+2	2.047000E-1	3.978500E-2	2.695000E-2	5.792100E+0	4.652889E+0	2.456766E+1	2.047000E-1	5.029000E-3	1.000000E-2	0.000000E+0	4.000000E+1	2.000000E+0	4.000000E+1	2.000000E+0	1.000000E+0	7.900000E+1
1.742316E+0	1.000000E+2	6.000000E+2	5.999300E-1	5.221000E+0	1.149071E+2	2.077766E+2	1.907000E-1	3.962300E-2	2.395300E-2	5.221000E+0	4.587818E+0	2.696906E+1	1.907000E-1	5.143000E-3	1.000000E-2	0.000000E+0	4.000000E+1	2.000000E+0	4.000000E+1	2.000000E+0	1.000000E+0	8.000000E+1
1.764901E+0	1.000000E+2	5.500000E+2	5.502080E-1	4.679200E+0	1.175859E+2	1.949806E+2	2.058000E-1	4.012700E-2	2.201100E-2	4.679200E+0	4.704009E+0	2.758989E+1	2.058000E-1	5.678000E-3	1.000000E-2	0.000000E+0	4.000000E+1	2.000000E+0	4.000000E+1	2.000000E+0	1.000000E+0	8.100000E+1
1.786569E+0	1.000000E+2	5.000000E+2	4.999260E-1	4.148100E+0	1.205193E+2	1.923911E+2	2.066000E-1	3.974800E-2	2.076500E-2	4.148100E+0	5.005906E+0	2.893514E+1	2.066000E-1	5.978000E-3	1.000000E-2	0.000000E+0	4.000000E+1	2.000000E+0	4.000000E+1	2.000000E+0	1.000000E+0	8.200000E+1
1.809037E+0	1.000000E+2	4.500000E+2	4.494970E-1	3.620200E+0	1.241636E+2	1.904015E+2	2.117000E-1	4.030800E-2	1.862900E-2	3.620200E+0	5.145848E+0	2.583845E+1	2.117000E-1	5.470000E-3	1.000000E-2	0.000000E+0	4.000000E+1	2.000000E+0	4.000000E+1	2.000000E+0	1.000000E+0	8.300000E+1
1.830805E+0	1.000000E+2	4.000000E+2	4.004690E-1	3.107400E+0	1.288759E+2	2.030952E+2	1.974000E-1	4.009100E-2	1.618300E-2	3.107400E+0	5.207891E+0	2.675785E+1	1.974000E-1	5.282000E-3	1.000000E-2	0.000000E+0	4.000000E+1	2.000000E+0	4.000000E+1	2.000000E+0	1.000000E+0	8.400000E+1
1.853256E+0	1.000000E+2	3.500000E+2	3.504750E-1	2.628200E+0	1.333517E+2	1.970907E+2	2.028000E-1	3.997000E-2	1.420500E-2	2.628200E+0	5.404840E+0	2.896943E+1	2.028000E-1	5.875000E-3	1.000000E-2	0.000000E+0	4.000000E+1	2.000000E+0	4.000000E+1	2.000000E+0	1.000000E+0	8.500000E+1
1.874907E+0	1.000000E+2	3.000000E+2	2.998620E-1	2.154900E+0	1.391536E+2	2.013225E+2	1.966000E-1	3.958000E-2	1.329100E-2	2.154900E+0	6.167804E+0	2.784842E+1	1.966000E-1	5.475000E-3	1.000000E-2	0.000000E+0	4.000000E+1	2.000000E+0	4.000000E+1	2.000000E+0	1.000000E+0	8.600000E+1
1.897542E+0	1.000000E+2	2.500000E+2	2.498500E-1	1.710300E+0	1.460855E+2	1.957517E+2	2.062000E-1	4.036400E-2	1.088500E-2	1.710300E+0	6.364381E+0	2.603298E+1	2.062000E-1	5.368000E-3	1.000000E-2	0.000000E+0	4.000000E+1	2.000000E+0	4.000000E+1	2.000000E+0	1.000000E+0	8.700000E+1
1.919160E+0	1.000000E+2	2.000000E+2	2.003060E-1	1.312900E+0	1.525676E+2	1.907340E+2	2.098000E-1	4.001600E-2	9.467000E-3	1.312900E+0	7.210755E+0	2.624404E+1	2.098000E-1	5.506000E-3	1.000000E-2	0.000000E+0	4.000000E+1	2.000000E+0	4.000000E+1	2.000000E+0	1.000000E+0	8.800000E+1
1.941411E+0	1.000000E+2	1.500000E+2	1.499680E-1	9.216000E-1	1.627257E+2	1.924408E+2	2.069000E-1	3.981600E-2	7.550000E-3	9.216000E-1	8.192274E+0	2.806670E+1	2.069000E-1	5.807000E-3	1.000000E-2	0.000000E+0	4.000000E+1	2.000000E+0	4.000000E+1	2.000000E+0	1.000000E+0	8.900000E+1
1.963079E+0	1.000000E+2	1.009804E+2	1.009180E-1	5.873000E-1	1.718338E+2	1.910300E+2	2.136000E-1	4.080400E-2	6.944000E-3	5.873000E-1	1.182360E+1	2.453184E+1	2.136000E-1	5.240000E-3	1.000000E-2	0.000000E+0	4.000000E+1	2.000000E+0	4.000000E+1	2.000000E+0	1.000000E+0	9.000000E+1
1.985114E+0	1.000000E+2	5.198019E+1	5.217500E-2	2.770000E-1	1.883574E+2	1.923837E+2	2.085000E-1	4.011200E-2	5.252000E-3	2.770000E-1	1.896029E+1	2.349161E+1	2.085000E-1	4.898000E-3	1.000000E-2	0.000000E+0	4.000000E+1	2.000000E+0	4.000000E+1	2.000000E+0	1.000000E+0	9.100000E+1
2.006681E+0	1.000000E+2	2.979997E+0	3.028000E-3	-1.030000E-2	-2.939806E+2	1.886918E+2	2.125000E-1	4.009700E-2	4.533000E-3	-1.030000E-2	-4.400971E+2	2.576000E+1	2.125000E-1	5.474000E-3	1.000000E-2	0.000000E+0	4.000000E+1	2.000000E+0	4.000000E+1	2.000000E+0	1.000000E+0	9.200000E+1
2.029249E+0	1.000000E+2	-4.900020E+1	-4.902900E-2	-2.836000E-1	1.728808E+2	1.991052E+2	1.978000E-1	3.938300E-2	3.780000E-3	-2.836000E-1	-1.332863E+1	2.441355E+1	1.978000E-1	4.829000E-3	1.000000E-2	0.000000E+0	4.000000E+1	2.000000E+0	4.000000E+1	2.000000E+0	1.000000E+0	9.300000E+1
2.051134E+0	1.000000E+2	-9.800039E+1	-9.826800E-2	-5.736000E-1	1.713180E+2	2.080291E+2	1.923000E-1	4.000400E-2	2.883000E-3	-5.736000E-1	-5.026151E+0	2.665627E+1	1.923000E-1	5.126000E-3	1.000000E-2	0.000000E+0	4.000000E+1	2.000000E+0	4.000000E+1	2.000000E+0	1.000000E+0	9.400000E+1
2.073785E+0	1.000000E+2	-1.470006E+2	-1.473430E-1	-9.126000E-1	1.614541E+2	1.878096E+2	2.132000E-1	4.004100E-2	1.270000E-3	-9.126000E-1	-1.391628E+0	2.431520E+1	2.132000E-1	5.184000E-3	1.000000E-2	0.000000E+0	4.000000E+1	2.000000E+0	4.000000E+1	2.000000E+0	1.000000E+0	9.500000E+1
2.095620E+0	1.000000E+2	-1.969808E+2	-1.969980E-1	-1.305000E+0	1.509563E+2	1.912105E+2	2.090000E-1	3.996300E-2	-7.700000E-5	-1.305000E+0	5.900383E-2	2.520096E+1	2.090000E-1	5.267000E-3	1.000000E-2	0.000000E+0	4.000000E+1	2.000000E+0	4.000000E+1	2.000000E+0	1.000000E+0	9.600000E+1
2.118221E+0	1.000000E+2	-2.469808E+2	-2.473790E-1	-1.725000E+0	1.434081E+2	2.099629E+2	1.887000E-1	3.962000E-2	-1.074000E-3	-1.725000E+0	6.226087E-1	3.047165E+1	1.887000E-1	5.750000E-3	1.000000E-2	0.000000E+0	4.000000E+1	2.000000E+0	4.000000E+1	2.000000E+0	1.000000E+0	9.700000E+1
2.140072E+0	1.000000E+2	-2.969808E+2	-2.970930E-1	-2.152800E+0	1.380031E+2	2.033114E+2	1.972000E-1	4.009300E-2	-2.961000E-3	-2.152800E+0	1.375418E+0	2.627282E+1	1.972000E-1	5.181000E-3	1.000000E-2	0.000000E+0	4.000000E+1	2.000000E+0	4.000000E+1	2.000000E+0	1.000000E+0	9.800000E+1
2.162724E+0	1.000000E+2	-3.469808E+2	-3.474170E-1	-2.617100E+0	1.327488E+2	1.903158E+2	2.058000E-1	3.916700E-2	-4.802000E-3	-2.617100E+0	1.834855E+0	2.553936E+1	2.058000E-1	5.256000E-3	1.000000E-2	0.000000E+0	4.000000E+1	2.000000E+0	4.000000E+1	2.000000E+0	1.000000E+0	9.900000E+1
2.184508E+0	1.000000E+2	-3.969808E+2	-3.972920E-1	-3.119200E+0	1.273698E+2	1.880186E+2	2.150000E-1	4.042400E-2	-6.816000E-3	-3.119200E+0	2.185176E+0	2.400930E+1	2.150000E-1	5.162000E-3	1.000000E-2	0.000000E+0	4.000000E+1	2.000000E+0	4.000000E+1	2.000000E+0	1.000000E+0	1.000000E+2
2.207126E+0	1.000000E+2	-4.469808E+2	-4.466170E-1	-3.615700E+0	1.235216E+2	2.013208E+2	2.029000E-1	4.084800E-2	-9.548000E-3	-3.615700E+0	2.640706E+0	2.599310E+1	2.029000E-1	5.274000E-3	1.000000E-2	0.000000E+0	4.000000E+1	2.000000E+0	4.000000E+1	2.000000E+0	1.000000E+0	1.010000E+2
2.228827E+0	1.000000E+2	-4.969808E+2	-4.973800E-1	-4.146100E+0	1.199633E+2	1.888038E+2	2.090000E-1	3.946000E-2	-1.082000E-2	-4.146100E+0	2.609681E+0	2.666507E+1	2.090000E-1	5.573000E-3	1.000000E-2	0.000000E+0	4.000000E+1	2.000000E+0	4.000000E+1	2.000000E+0	1.000000E+0	1.020000E+2
2.251312E+0	1.000000E+2	-5.469808E+2	-5.465310E-1	-4.660300E+0	1.172738E+2	1.857070E+2	2.164000E-1	4.018700E-2	-1.313800E-2	-4.660300E+0	2.819132E+0	2.311922E+1	2.164000E-1	5.003000E-3	1.000000E-2	0.000000E+0	4.000000E+1	2.000000E+0	4.000000E+1	2.000000E+0	1.000000E+0	1.030000E+2
2.273013E+0	1.000000E+2	-5.969808E+2	-5.968970E-1	-5.227600E+0	1.141818E+2	2.014909E+2	1.972000E-1	3.973400E-2	-1.523000E-2	-5.227600E+0	2.913383E+0	2.408722E+1	1.972000E-1	4.750000E-3	1.000000E-2	0.000000E+0	4.000000E+1	2.000000E+0	4.000000E+1	2.000000E+0	1.000000E+0	1.040000E+2
2.295515E+0	1.000000E+2	-6.469808E+2	-6.468540E-1	-5.769400E+0	1.121181E+2	1.895528E+2	2.102000E-1	3.984400E-2	-1.719400E-2	-5.769400E+0	2.980206E+0	2.370124E+1	2.102000E-1	4.982000E-3	1.000000E-2	0.000000E+0	4.000000E+1	2.000000E+0	4.000000E+1	2.000000E+0	1.000000E+0	1.050000E+2
2.317199E+0	1.000000E+2	-6.969808E+2	-6.970870E-1	-6.358200E+0	1.096359E+2	1.968265E+2	2.023000E-1	3.981800E-2	-1.947700E-2	-6.358200E+0	3.063288E+0	2.627286E+1	2.023000E-1	5.315000E-3	1.000000E-2	0.000000E+0	4.000000E+1	2.000000E+0	4.000000E+1	2.000000E+0	1.000000E+0	1.060000E+2
2.339234E+0	1.000000E+2	-7.469808E+2	-7.470080E-1	-6.949100E+0	1.074971E+2	2.056323E+2	1.969000E-1	4.048900E-2	-2.171300E-2	-6.949100E+0	3.124577E+0	2.780599E+1	1.969000E-1	5.475000E-3	1.000000E-2	0.000000E+0	4.000000E+1	2.000000E+0	4.000000E+1	2.000000E+0	1.000000E+0	1.070000E+2
2.361002E+0	1.000000E+2	-7.969808E+2	-7.967710E-1	-7.540900E+0	1.056599E+2	2.094313E+2	1.899000E-1	3.977100E-2	-2.418900E-2	-7.540900E+0	3.207707E+0	2.728805E+1	1.899000E-1	5.182000E-3	1.000000E-2	0.000000E+0	4.000000E+1	2.000000E+0	4.000000E+1	2.000000E+0	1.000000E+0	1.080000E+2
2.383470E+0	1.000000E+2	-8.469808E+2	-8.471780E-1	-8.149000E+0	1.039610E+2	1.959713E+2	2.023000E-1	3.964500E-2	-2.620300E-2	-8.149000E+0	3.215487E+0	2.674740E+1	2.023000E-1	5.411000E-3	1.000000E-2	0.000000E+0	4.000000E+1	2.000000E+0	4.000000E+1	2.000000E+0	1.000000E+0	1.090000E+2
2.405154E+0	1.000000E+2	-8.969808E+2	-8.969410E-1	-8.761100E+0	1.023777E+2	2.076575E+2	1.921000E-1	3.989100E-2	-2.849600E-2	-8.761100E+0	3.252560E+0	2.690786E+1	1.921000E-1	5.169000E-3	1.000000E-2	0.000000E+0	4.000000E+1	2.000000E+0	4.000000E+1	2.000000E+0	1.000000E+0	1.100000E+2
2.426872E+0	1.000000E+2	-9.469808E+2	-9.467840E-1	-9.406700E+0	1.006500E+2	2.063351E+2	1.940000E-1	4.002900E-2	-3.082700E-2	-9.406700E+0	3.277132E+0	2.340206E+1	1.940000E-1	4.540000E-3	1.000000E-2	0.000000E+0	4.000000E+1	2.000000E+0	4.000000E+1	2.000000E+0	1.000000E+0	1.110000E+2
2.448590E+0	1.000000E+2	-9.969808E+2	-9.969880E-1	-1.004800E+1	9.922253E+1	2.085425E+2	1.928000E-1	4.020700E-2	-3.392100E-2	-1.004800E+1	3.375896E+0	2.846473E+1	1.928000E-1	5.488000E-3	1.000000E-2	0.000000E+0	4.000000E+1	2.000000E+0	4.000000E+1	2.000000E+0	1.000000E+0	1.120000E+2
2.471125E+0	1.000000E+2	-1.046981E+3	-1.047659E+0	-1.070430E+1	9.787272E+1	1.863380E+2	2.130000E-1	3.969000E-2	-3.591800E-2	-1.070430E+1	3.355474E+0	2.889671E+1	2.130000E-1	6.155000E-3	1.000000E-2	0.000000E+0	4.000000E+1	2.000000E+0	4.000000E+1	2.000000E+0	1.000000E+0	1.130000E+2
2.492826E+0	1.000000E+2	-1.096981E+3	-1.096646E+0	-1.133930E+1	9.671197E+1	2.031211E+2	1.932000E-1	3.924300E-2	-3.827000E-2	-1.133930E+1	3.374988E+0	2.351967E+1	1.932000E-1	4.544000E-3	1.000000E-2	0.000000E+0	4.000000E+1	2.000000E+0	4.000000E+1	2.000000E+0	1.000000E+0	1.140000E+2
2.515327E+0	1.000000E+2	-1.146981E+3	-1.147323E+0	-1.203920E+1	9.529894E+1	1.892951E+2	2.128000E-1	4.028200E-2	-4.102600E-2	-1.203920E+1	3.407702E+0	2.565789E+1	2.128000E-1	5.460000E-3	1.000000E-2	0.000000E+0	4.000000E+1	2.000000E+0	4.000000E+1	2.000000E+0	1.000000E+0	1.150000E+2
2.537078E+0	1.000000E+2	-1.196981E+3	-1.197044E+0	-1.269530E+1	9.429033E+1	1.942113E+2	2.073000E-1	4.026000E-2	-4.384400E-2	-1.269530E+1	3.453562E+0	2.542692E+1	2.073000E-1	5.271000E-3	1.000000E-2	0.000000E+0	4.000000E+1	2.000000E+0	4.000000E+1	2.000000E+0	1.000000E+0	1.160000E+2
2.559630E+0	1.000000E+2	-1.246981E+3	-1.247000E+0	-1.339250E+1	9.311182E+1	1.987244E+2	1.999000E-1	3.972500E-2	-4.688700E-2	-1.339250E+1	3.500989E+0	2.532266E+1	1.999000E-1	5.062000E-3	1.000000E-2	0.000000E+0	4.000000E+1	2.000000E+0	4.000000E+1	2.000000E+0	1.000000E+0	1.170000E+2
2.581998E+0	1.000000E+2	-1.296981E+3	-1.297134E+0	-1.407860E+1	9.213516E+1	1.878457E+2	2.126000E-1	3.993600E-2	-4.944100E-2	-1.407860E+1	3.511784E+0	2.459078E+1	2.126000E-1	5.228000E-3	1.000000E-2	0.000000E+0	4.000000E+1	2.000000E+0	4.000000E+1	2.000000E+0	1.000000E+0	1.180000E+2
2.603716E+0	1.000000E+2	-1.346981E+3	-1.346547E+0	-1.477870E+1	9.111404E+1	1.929002E+2	2.055000E-1	3.964100E-2	-5.163900E-2	-1.477870E+1	3.494150E+0	2.610706E+1	2.055000E-1	5.365000E-3	1.000000E-2	0.000000E+0	4.000000E+1	2.000000E+0	4.000000E+1	2.000000E+0	1.000000E+0	1.190000E+2
2.625700E+0	1.000000E+2	-1.396981E+3	-1.396351E+0	-1.548330E+1	9.018433E+1	1.923509E+2	2.063000E-1	3.968200E-2	-5.462500E-2	-1.548330E+1	3.527995E+0	2.492487E+1	2.063000E-1	5.142000E-3	1.000000E-2	0.000000E+0	4.000000E+1	2.000000E+0	4.000000E+1	2.000000E+0	1.000000E+0	1.200000E+2
2.647285E+0	1.000000E+2	-1.446981E+3	-1.446824E+0	-1.621630E+1	8.922035E+1	2.021009E+2	1.942000E-1	3.924800E-2	-5.773900E-2	-1.621630E+1	3.560553E+0	2.911432E+1	1.942000E-1	5.654000E-3	1.000000E-2	0.000000E+0	4.000000E+1	2.000000E+0	4.000000E+1	2.000000E+0	1.000000E+0	1.210000E+2
2.669086E+0	1.000000E+2	-1.496981E+3	-1.497402E+0	-1.694430E+1	8.837202E+1	1.926737E+2	2.087000E-1	4.021100E-2	-6.020900E-2	-1.694430E+1	3.553348E+0	2.430762E+1	2.087000E-1	5.073000E-3	1.000000E-2	0.000000E+0	4.000000E+1	2.000000E+0	4.000000E+1	2.000000E+0	1.000000E+0	1.220000E+2
2.690871E+0	1.000000E+2	-1.500000E+3	-1.499701E+0	-1.698120E+1	8.831537E+1	1.998961E+2	2.021000E-1	4.039900E-2	-6.079300E-2	-1.698120E+1	3.580018E+0	2.402276E+1	2.021000E-1	4.855000E-3	1.000000E-2	0.000000E+0	4.000000E+1	2.000000E+0	4.000000E+1	2.000000E+0	1.000000E+0	1.230000E+2
2.714272E+0	1.000000E+2	-1.450000E+3	-1.449511E+0	-1.626580E+1	8.911403E+1	2.125304E+2	1.889000E-1	4.014700E-2	-5.734100E-2	-1.626580E+1	3.525249E+0	2.856538E+1	1.889000E-1	5.396000E-3	1.000000E-2	0.000000E+0	4.000000E+1	2.000000E+0	4.000000E+1	2.000000E+0	1.000000E+0	1.240000E+2
