Tiempo (min)	T (K) 	I pulso(mA)	Vinst 1 (V)	Iinst 1 (mA)	Rinst 1(Ohm)	Rrem 1 (Ohm)	Ibias 1 (mA)	Vbias 1 (V)	Vinst 2 (V)	Iinst 2 (mA)	Rinst 2(Ohm)	Rrem 2 (Ohm)	Ibias 2 (mA)	Vbias 2 (V)	Ancho pulso (s)	Periodo (s)	Icc 1 (mA)	Vcc 1 (V)	Icc 2 (mA)	Vcc 2 (V)	2W 1?	N
9.000510E-3	1.503500E+2	-3.000000E+3	9.910000E+37	9.910000E+40	1.000000E+0	8.905537E+1	1.130600E+0	1.006860E-1	9.910000E+37	9.910000E+40	1.000000E+0	5.246772E+0	1.130600E+0	5.932000E-3	1.000000E-2	0.000000E+0	5.000000E+1	2.000000E+0	5.000000E+1	2.000000E+0	1.000000E+0	1.000000E+0
2.903499E-2	1.503500E+2	-2.950000E+3	9.910000E+37	9.910000E+40	1.000000E+0	8.858761E+1	1.130000E+0	1.001040E-1	9.910000E+37	9.910000E+40	1.000000E+0	4.663717E+0	1.130000E+0	5.270000E-3	1.000000E-2	0.000000E+0	5.000000E+1	2.000000E+0	5.000000E+1	2.000000E+0	1.000000E+0	2.000000E+0
4.876944E-2	1.503500E+2	-2.900000E+3	9.910000E+37	9.910000E+40	1.000000E+0	8.823954E+1	1.137200E+0	1.003460E-1	9.910000E+37	9.910000E+40	1.000000E+0	5.161801E+0	1.137200E+0	5.870000E-3	1.000000E-2	0.000000E+0	5.000000E+1	2.000000E+0	5.000000E+1	2.000000E+0	1.000000E+0	3.000000E+0
6.852058E-2	1.503500E+2	-2.850000E+3	9.910000E+37	9.910000E+40	1.000000E+0	8.864416E+1	1.137300E+0	1.008150E-1	9.910000E+37	9.910000E+40	1.000000E+0	4.894047E+0	1.137300E+0	5.566000E-3	1.000000E-2	0.000000E+0	5.000000E+1	2.000000E+0	5.000000E+1	2.000000E+0	1.000000E+0	4.000000E+0
8.843839E-2	1.503500E+2	-2.800000E+3	9.910000E+37	9.910000E+40	1.000000E+0	8.837991E+1	1.130800E+0	9.994000E-2	9.910000E+37	9.910000E+40	1.000000E+0	4.748850E+0	1.130800E+0	5.370000E-3	1.000000E-2	0.000000E+0	5.000000E+1	2.000000E+0	5.000000E+1	2.000000E+0	1.000000E+0	5.000000E+0
1.081562E-1	1.503500E+2	-2.750000E+3	9.910000E+37	9.910000E+40	1.000000E+0	8.947572E+1	1.112000E+0	9.949700E-2	9.910000E+37	9.910000E+40	1.000000E+0	4.539568E+0	1.112000E+0	5.048000E-3	1.000000E-2	0.000000E+0	5.000000E+1	2.000000E+0	5.000000E+1	2.000000E+0	1.000000E+0	6.000000E+0
1.281573E-1	1.503500E+2	-2.700000E+3	9.910000E+37	9.910000E+40	1.000000E+0	8.893211E+1	1.131200E+0	1.006000E-1	9.910000E+37	9.910000E+40	1.000000E+0	5.094590E+0	1.131200E+0	5.763000E-3	1.000000E-2	0.000000E+0	5.000000E+1	2.000000E+0	5.000000E+1	2.000000E+0	1.000000E+0	7.000000E+0
1.479085E-1	1.503500E+2	-2.650000E+3	9.910000E+37	9.910000E+40	1.000000E+0	8.905446E+1	1.120000E+0	9.974100E-2	9.910000E+37	9.910000E+40	1.000000E+0	5.063393E+0	1.120000E+0	5.671000E-3	1.000000E-2	0.000000E+0	5.000000E+1	2.000000E+0	5.000000E+1	2.000000E+0	1.000000E+0	8.000000E+0
1.677763E-1	1.503500E+2	-2.600000E+3	9.910000E+37	9.910000E+40	1.000000E+0	8.933797E+1	1.120800E+0	1.001300E-1	9.910000E+37	9.910000E+40	1.000000E+0	5.215917E+0	1.120800E+0	5.846000E-3	1.000000E-2	0.000000E+0	5.000000E+1	2.000000E+0	5.000000E+1	2.000000E+0	1.000000E+0	9.000000E+0
1.875274E-1	1.503500E+2	-2.550000E+3	9.910000E+37	9.910000E+40	1.000000E+0	8.893253E+1	1.135400E+0	1.009740E-1	9.910000E+37	9.910000E+40	1.000000E+0	4.981504E+0	1.135400E+0	5.656000E-3	1.000000E-2	0.000000E+0	5.000000E+1	2.000000E+0	5.000000E+1	2.000000E+0	1.000000E+0	1.000000E+1
2.074119E-1	1.503500E+2	-2.500000E+3	9.910000E+37	9.910000E+40	1.000000E+0	8.772795E+1	1.135100E+0	9.958000E-2	9.910000E+37	9.910000E+40	1.000000E+0	5.251520E+0	1.135100E+0	5.961000E-3	1.000000E-2	0.000000E+0	5.000000E+1	2.000000E+0	5.000000E+1	2.000000E+0	1.000000E+0	1.100000E+1
2.274297E-1	1.503500E+2	-2.450000E+3	9.910000E+37	9.910000E+40	1.000000E+0	8.925916E+1	1.121700E+0	1.001220E-1	9.910000E+37	9.910000E+40	1.000000E+0	5.166265E+0	1.121700E+0	5.795000E-3	1.000000E-2	0.000000E+0	5.000000E+1	2.000000E+0	5.000000E+1	2.000000E+0	1.000000E+0	1.200000E+1
2.473475E-1	1.503500E+2	-2.400000E+3	9.910000E+37	9.910000E+40	1.000000E+0	8.833628E+1	1.132400E+0	1.000320E-1	9.910000E+37	9.910000E+40	1.000000E+0	5.205758E+0	1.132400E+0	5.895000E-3	1.000000E-2	0.000000E+0	5.000000E+1	2.000000E+0	5.000000E+1	2.000000E+0	1.000000E+0	1.300000E+1
2.670653E-1	1.503500E+2	-2.350000E+3	9.910000E+37	9.910000E+40	1.000000E+0	8.798818E+1	1.133800E+0	9.976100E-2	9.910000E+37	9.910000E+40	1.000000E+0	4.665726E+0	1.133800E+0	5.290000E-3	1.000000E-2	0.000000E+0	5.000000E+1	2.000000E+0	5.000000E+1	2.000000E+0	1.000000E+0	1.400000E+1
2.870664E-1	1.503500E+2	-2.300000E+3	9.910000E+37	9.910000E+40	1.000000E+0	8.804405E+1	1.135000E+0	9.993000E-2	9.910000E+37	9.910000E+40	1.000000E+0	4.844934E+0	1.135000E+0	5.499000E-3	1.000000E-2	0.000000E+0	5.000000E+1	2.000000E+0	5.000000E+1	2.000000E+0	1.000000E+0	1.500000E+1
3.068509E-1	1.503500E+2	-2.250000E+3	9.910000E+37	9.910000E+40	1.000000E+0	8.877112E+1	1.130300E+0	1.003380E-1	9.910000E+37	9.910000E+40	1.000000E+0	5.207467E+0	1.130300E+0	5.886000E-3	1.000000E-2	0.000000E+0	5.000000E+1	2.000000E+0	5.000000E+1	2.000000E+0	1.000000E+0	1.600000E+1
3.267020E-1	1.503500E+2	-2.200000E+3	9.910000E+37	9.910000E+40	1.000000E+0	8.896754E+1	1.124500E+0	1.000440E-1	9.910000E+37	9.910000E+40	1.000000E+0	5.089373E+0	1.124500E+0	5.723000E-3	1.000000E-2	0.000000E+0	5.000000E+1	2.000000E+0	5.000000E+1	2.000000E+0	1.000000E+0	1.700000E+1
3.467532E-1	1.503500E+2	-2.150000E+3	9.910000E+37	9.910000E+40	1.000000E+0	8.905300E+1	1.124600E+0	1.001490E-1	9.910000E+37	9.910000E+40	1.000000E+0	4.904855E+0	1.124600E+0	5.516000E-3	1.000000E-2	0.000000E+0	5.000000E+1	2.000000E+0	5.000000E+1	2.000000E+0	1.000000E+0	1.800000E+1
3.682211E-1	1.503500E+2	-2.100000E+3	-2.099587E+0	-3.865490E+1	5.431619E+1	8.918526E+1	1.115700E+0	9.950400E-2	-1.375680E-1	-3.865490E+1	3.558876E+0	5.321323E+0	1.115700E+0	5.937000E-3	1.000000E-2	0.000000E+0	5.000000E+1	2.000000E+0	5.000000E+1	2.000000E+0	1.000000E+0	1.900000E+1
3.899890E-1	1.503500E+2	-2.050000E+3	-2.049881E+0	-3.750820E+1	5.465154E+1	8.746105E+1	1.142600E+0	9.993300E-2	-1.326730E-1	-3.750820E+1	3.537173E+0	5.158411E+0	1.142600E+0	5.894000E-3	1.000000E-2	0.000000E+0	5.000000E+1	2.000000E+0	5.000000E+1	2.000000E+0	1.000000E+0	2.000000E+1
4.117902E-1	1.503500E+2	-2.000000E+3	-1.999937E+0	-3.633510E+1	5.504146E+1	8.938702E+1	1.112600E+0	9.945200E-2	-1.291550E-1	-3.633510E+1	3.554552E+0	4.799569E+0	1.112600E+0	5.340000E-3	1.000000E-2	0.000000E+0	5.000000E+1	2.000000E+0	5.000000E+1	2.000000E+0	1.000000E+0	2.100000E+1
4.333248E-1	1.503500E+2	-1.950000E+3	-1.950076E+0	-3.517790E+1	5.543469E+1	8.835104E+1	1.129200E+0	9.976600E-2	-1.245170E-1	-3.517790E+1	3.539637E+0	4.205632E+0	1.129200E+0	4.749000E-3	1.000000E-2	0.000000E+0	5.000000E+1	2.000000E+0	5.000000E+1	2.000000E+0	1.000000E+0	2.200000E+1
4.550260E-1	1.503500E+2	-1.900000E+3	-1.899874E+0	-3.404600E+1	5.580315E+1	8.778621E+1	1.146900E+0	1.006820E-1	-1.199890E-1	-3.404600E+1	3.524320E+0	5.081524E+0	1.146900E+0	5.828000E-3	1.000000E-2	0.000000E+0	5.000000E+1	2.000000E+0	5.000000E+1	2.000000E+0	1.000000E+0	2.300000E+1
4.768106E-1	1.503500E+2	-1.850000E+3	-1.850119E+0	-3.295390E+1	5.614264E+1	8.909180E+1	1.120900E+0	9.986300E-2	-1.163790E-1	-3.295390E+1	3.531570E+0	5.150326E+0	1.120900E+0	5.773000E-3	1.000000E-2	0.000000E+0	5.000000E+1	2.000000E+0	5.000000E+1	2.000000E+0	1.000000E+0	2.400000E+1
4.985285E-1	1.503500E+2	-1.800000E+3	-1.799684E+0	-3.177030E+1	5.664674E+1	8.926234E+1	1.118400E+0	9.983100E-2	-1.127750E-1	-3.177030E+1	3.549699E+0	5.240522E+0	1.118400E+0	5.861000E-3	1.000000E-2	0.000000E+0	5.000000E+1	2.000000E+0	5.000000E+1	2.000000E+0	1.000000E+0	2.500000E+1
5.211298E-1	1.503500E+2	-1.750000E+3	-1.750601E+0	-3.067940E+1	5.706112E+1	8.894080E+1	1.121600E+0	9.975600E-2	-1.085610E-1	-3.067940E+1	3.538563E+0	4.806526E+0	1.121600E+0	5.391000E-3	1.000000E-2	0.000000E+0	5.000000E+1	2.000000E+0	5.000000E+1	2.000000E+0	1.000000E+0	2.600000E+1
5.429477E-1	1.503500E+2	-1.700000E+3	-1.699267E+0	-2.948170E+1	5.763803E+1	8.773648E+1	1.135400E+0	9.961600E-2	-1.041210E-1	-2.948170E+1	3.531716E+0	4.805355E+0	1.135400E+0	5.456000E-3	1.000000E-2	0.000000E+0	5.000000E+1	2.000000E+0	5.000000E+1	2.000000E+0	1.000000E+0	2.700000E+1
5.655990E-1	1.503500E+2	-1.650000E+3	-1.649924E+0	-2.846110E+1	5.797120E+1	8.927338E+1	1.117500E+0	9.976300E-2	-1.005630E-1	-2.846110E+1	3.533349E+0	5.567785E+0	1.117500E+0	6.222000E-3	1.000000E-2	0.000000E+0	5.000000E+1	2.000000E+0	5.000000E+1	2.000000E+0	1.000000E+0	2.800000E+1
5.874003E-1	1.503500E+2	-1.600000E+3	-1.600044E+0	-2.739280E+1	5.841112E+1	8.775496E+1	1.134500E+0	9.955800E-2	-9.668200E-2	-2.739280E+1	3.529468E+0	4.798590E+0	1.134500E+0	5.444000E-3	1.000000E-2	0.000000E+0	5.000000E+1	2.000000E+0	5.000000E+1	2.000000E+0	1.000000E+0	2.900000E+1
6.098682E-1	1.503500E+2	-1.550000E+3	-1.549793E+0	-2.630130E+1	5.892458E+1	8.850985E+1	1.136800E+0	1.006180E-1	-9.247800E-2	-2.630130E+1	3.516100E+0	4.901478E+0	1.136800E+0	5.572000E-3	1.000000E-2	0.000000E+0	5.000000E+1	2.000000E+0	5.000000E+1	2.000000E+0	1.000000E+0	3.000000E+1
6.316861E-1	1.503500E+2	-1.500000E+3	-1.500277E+0	-2.524660E+1	5.942491E+1	8.790985E+1	1.131500E+0	9.947000E-2	-8.871800E-2	-2.524660E+1	3.514057E+0	4.732656E+0	1.131500E+0	5.355000E-3	1.000000E-2	0.000000E+0	5.000000E+1	2.000000E+0	5.000000E+1	2.000000E+0	1.000000E+0	3.100000E+1
6.543041E-1	1.503500E+2	-1.450000E+3	-1.449980E+0	-2.418440E+1	5.995518E+1	8.786126E+1	1.146000E+0	1.006890E-1	-8.469300E-2	-2.418440E+1	3.501968E+0	4.806283E+0	1.146000E+0	5.508000E-3	1.000000E-2	0.000000E+0	5.000000E+1	2.000000E+0	5.000000E+1	2.000000E+0	1.000000E+0	3.200000E+1
6.760553E-1	1.503500E+2	-1.400000E+3	-1.399835E+0	-2.320070E+1	6.033590E+1	8.833937E+1	1.132700E+0	1.000620E-1	-8.122600E-2	-2.320070E+1	3.501015E+0	4.594332E+0	1.132700E+0	5.204000E-3	1.000000E-2	0.000000E+0	5.000000E+1	2.000000E+0	5.000000E+1	2.000000E+0	1.000000E+0	3.300000E+1
6.981566E-1	1.503500E+2	-1.350000E+3	-1.350263E+0	-2.219050E+1	6.084870E+1	8.842772E+1	1.137200E+0	1.005600E-1	-7.795500E-2	-2.219050E+1	3.512990E+0	4.881287E+0	1.137200E+0	5.551000E-3	1.000000E-2	0.000000E+0	5.000000E+1	2.000000E+0	5.000000E+1	2.000000E+0	1.000000E+0	3.400000E+1
7.200078E-1	1.503500E+2	-1.300000E+3	-1.299839E+0	-2.112750E+1	6.152356E+1	8.808957E+1	1.134300E+0	9.992000E-2	-7.389700E-2	-2.112750E+1	3.497669E+0	4.765935E+0	1.134300E+0	5.406000E-3	1.000000E-2	0.000000E+0	5.000000E+1	2.000000E+0	5.000000E+1	2.000000E+0	1.000000E+0	3.500000E+1
7.425091E-1	1.503500E+2	-1.250000E+3	-1.250373E+0	-2.017290E+1	6.198281E+1	8.859728E+1	1.132800E+0	1.003630E-1	-7.064900E-2	-2.017290E+1	3.502174E+0	4.912606E+0	1.132800E+0	5.565000E-3	1.000000E-2	0.000000E+0	5.000000E+1	2.000000E+0	5.000000E+1	2.000000E+0	1.000000E+0	3.600000E+1
7.643437E-1	1.503500E+2	-1.200000E+3	-1.199719E+0	-1.919500E+1	6.250164E+1	8.799525E+1	1.136800E+0	1.000330E-1	-6.708400E-2	-1.919500E+1	3.494868E+0	4.554891E+0	1.136800E+0	5.178000E-3	1.000000E-2	0.000000E+0	5.000000E+1	2.000000E+0	5.000000E+1	2.000000E+0	1.000000E+0	3.700000E+1
7.870117E-1	1.503500E+2	-1.150000E+3	-1.149732E+0	-1.817360E+1	6.326386E+1	8.827528E+1	1.131200E+0	9.985700E-2	-6.359100E-2	-1.817360E+1	3.499087E+0	4.817893E+0	1.131200E+0	5.450000E-3	1.000000E-2	0.000000E+0	5.000000E+1	2.000000E+0	5.000000E+1	2.000000E+0	1.000000E+0	3.800000E+1
8.086796E-1	1.503500E+2	-1.100000E+3	-1.099603E+0	-1.724430E+1	6.376617E+1	8.860749E+1	1.121000E+0	9.932900E-2	-6.011000E-2	-1.724430E+1	3.485790E+0	4.198930E+0	1.121000E+0	4.707000E-3	1.000000E-2	0.000000E+0	5.000000E+1	2.000000E+0	5.000000E+1	2.000000E+0	1.000000E+0	3.900000E+1
8.311642E-1	1.503500E+2	-1.050000E+3	-1.050227E+0	-1.626140E+1	6.458405E+1	8.839515E+1	1.137800E+0	1.005760E-1	-5.672400E-2	-1.626140E+1	3.488261E+0	5.325189E+0	1.137800E+0	6.059000E-3	1.000000E-2	0.000000E+0	5.000000E+1	2.000000E+0	5.000000E+1	2.000000E+0	1.000000E+0	4.000000E+1
8.530155E-1	1.503500E+2	-1.000000E+3	-1.000772E+0	-1.534550E+1	6.521599E+1	8.907780E+1	1.123400E+0	1.000700E-1	-5.348700E-2	-1.534550E+1	3.485517E+0	4.711590E+0	1.123400E+0	5.293000E-3	1.000000E-2	0.000000E+0	5.000000E+1	2.000000E+0	5.000000E+1	2.000000E+0	1.000000E+0	4.100000E+1
8.751834E-1	1.503500E+2	-9.500000E+2	-9.497560E-1	-1.440060E+1	6.595253E+1	8.801445E+1	1.135200E+0	9.991400E-2	-5.031400E-2	-1.440060E+1	3.493882E+0	5.175300E+0	1.135200E+0	5.875000E-3	1.000000E-2	0.000000E+0	5.000000E+1	2.000000E+0	5.000000E+1	2.000000E+0	1.000000E+0	4.200000E+1
8.969513E-1	1.503500E+2	-9.000000E+2	-9.005350E-1	-1.348250E+1	6.679288E+1	8.916301E+1	1.115900E+0	9.949700E-2	-4.661000E-2	-1.348250E+1	3.457074E+0	4.896496E+0	1.115900E+0	5.464000E-3	1.000000E-2	0.000000E+0	5.000000E+1	2.000000E+0	5.000000E+1	2.000000E+0	1.000000E+0	4.300000E+1
9.191859E-1	1.503500E+2	-8.500000E+2	-8.504460E-1	-1.260610E+1	6.746305E+1	8.844716E+1	1.123100E+0	9.933500E-2	-4.299100E-2	-1.260610E+1	3.410333E+0	4.438607E+0	1.123100E+0	4.985000E-3	1.000000E-2	0.000000E+0	5.000000E+1	2.000000E+0	5.000000E+1	2.000000E+0	1.000000E+0	4.400000E+1
9.410205E-1	1.503500E+2	-8.000000E+2	-7.993000E-1	-1.169050E+1	6.837175E+1	8.966012E+1	1.115100E+0	9.998000E-2	-4.011100E-2	-1.169050E+1	3.431077E+0	5.296386E+0	1.115100E+0	5.906000E-3	1.000000E-2	0.000000E+0	5.000000E+1	2.000000E+0	5.000000E+1	2.000000E+0	1.000000E+0	4.500000E+1
9.626551E-1	1.503500E+2	-7.500000E+2	-7.504100E-1	-1.085810E+1	6.911062E+1	8.952932E+1	1.123900E+0	1.006220E-1	-3.717400E-2	-1.085810E+1	3.423619E+0	4.436338E+0	1.123900E+0	4.986000E-3	1.000000E-2	0.000000E+0	5.000000E+1	2.000000E+0	5.000000E+1	2.000000E+0	1.000000E+0	4.600000E+1
9.843896E-1	1.503500E+2	-7.000000E+2	-6.996620E-1	-9.952100E+0	7.030295E+1	8.900713E+1	1.122000E+0	9.986600E-2	-3.383900E-2	-9.952100E+0	3.400187E+0	4.679144E+0	1.122000E+0	5.250000E-3	1.000000E-2	0.000000E+0	5.000000E+1	2.000000E+0	5.000000E+1	2.000000E+0	1.000000E+0	4.700000E+1
1.005974E+0	1.503500E+2	-6.500000E+2	-6.501520E-1	-9.133100E+0	7.118634E+1	8.980793E+1	1.119400E+0	1.005310E-1	-3.151200E-2	-9.133100E+0	3.450307E+0	4.362158E+0	1.119400E+0	4.883000E-3	1.000000E-2	0.000000E+0	5.000000E+1	2.000000E+0	5.000000E+1	2.000000E+0	1.000000E+0	4.800000E+1
1.027975E+0	1.503500E+2	-6.000000E+2	-6.002980E-1	-8.321900E+0	7.213473E+1	8.812874E+1	1.137200E+0	1.002200E-1	-2.795700E-2	-8.321900E+0	3.359449E+0	5.322722E+0	1.137200E+0	6.053000E-3	1.000000E-2	0.000000E+0	5.000000E+1	2.000000E+0	5.000000E+1	2.000000E+0	1.000000E+0	4.900000E+1
1.049477E+0	1.503500E+2	-5.500000E+2	-5.500290E-1	-7.521800E+0	7.312465E+1	8.906253E+1	1.124300E+0	1.001330E-1	-2.562300E-2	-7.521800E+0	3.406498E+0	4.998666E+0	1.124300E+0	5.620000E-3	1.000000E-2	0.000000E+0	5.000000E+1	2.000000E+0	5.000000E+1	2.000000E+0	1.000000E+0	5.000000E+1
1.071278E+0	1.503500E+2	-5.000000E+2	-4.998670E-1	-6.721500E+0	7.436837E+1	8.959149E+1	1.123600E+0	1.006650E-1	-2.212100E-2	-6.721500E+0	3.291081E+0	5.034710E+0	1.123600E+0	5.657000E-3	1.000000E-2	0.000000E+0	5.000000E+1	2.000000E+0	5.000000E+1	2.000000E+0	1.000000E+0	5.100000E+1
1.093113E+0	1.503500E+2	-4.500000E+2	-4.496280E-1	-5.932200E+0	7.579448E+1	8.845095E+1	1.126500E+0	9.964000E-2	-1.976100E-2	-5.932200E+0	3.331142E+0	4.848646E+0	1.126500E+0	5.462000E-3	1.000000E-2	0.000000E+0	5.000000E+1	2.000000E+0	5.000000E+1	2.000000E+0	1.000000E+0	5.200000E+1
1.114680E+0	1.503500E+2	-4.000000E+2	-3.999590E-1	-5.188400E+0	7.708716E+1	8.825161E+1	1.135900E+0	1.002450E-1	-1.700800E-2	-5.188400E+0	3.278082E+0	5.129853E+0	1.135900E+0	5.827000E-3	1.000000E-2	0.000000E+0	5.000000E+1	2.000000E+0	5.000000E+1	2.000000E+0	1.000000E+0	5.300000E+1
1.136465E+0	1.503500E+2	-3.500000E+2	-3.507470E-1	-4.473500E+0	7.840550E+1	8.934555E+1	1.118500E+0	9.993300E-2	-1.399400E-2	-4.473500E+0	3.128199E+0	4.923558E+0	1.118500E+0	5.507000E-3	1.000000E-2	0.000000E+0	5.000000E+1	2.000000E+0	5.000000E+1	2.000000E+0	1.000000E+0	5.400000E+1
1.158183E+0	1.503500E+2	-3.000000E+2	-2.996890E-1	-3.745400E+0	8.001522E+1	8.918149E+1	1.124000E+0	1.002400E-1	-1.181900E-2	-3.745400E+0	3.155604E+0	4.951068E+0	1.124000E+0	5.565000E-3	1.000000E-2	0.000000E+0	5.000000E+1	2.000000E+0	5.000000E+1	2.000000E+0	1.000000E+0	5.500000E+1
1.179784E+0	1.503500E+2	-2.509804E+2	-2.508310E-1	-3.056600E+0	8.206210E+1	8.930918E+1	1.123300E+0	1.003210E-1	-9.786000E-3	-3.056600E+0	3.201597E+0	5.207870E+0	1.123300E+0	5.850000E-3	1.000000E-2	0.000000E+0	5.000000E+1	2.000000E+0	5.000000E+1	2.000000E+0	1.000000E+0	5.600000E+1
1.201985E+0	1.503500E+2	-2.019802E+2	-2.016970E-1	-2.399600E+0	8.405443E+1	8.874342E+1	1.140400E+0	1.012030E-1	-7.471000E-3	-2.399600E+0	3.113436E+0	4.565942E+0	1.140400E+0	5.207000E-3	1.000000E-2	0.000000E+0	5.000000E+1	2.000000E+0	5.000000E+1	2.000000E+0	1.000000E+0	5.700000E+1
1.223837E+0	1.503500E+2	-1.529800E+2	-1.528760E-1	-1.795200E+0	8.515820E+1	8.928501E+1	1.114700E+0	9.952600E-2	-4.812000E-3	-1.795200E+0	2.680481E+0	5.282139E+0	1.114700E+0	5.888000E-3	1.000000E-2	0.000000E+0	5.000000E+1	2.000000E+0	5.000000E+1	2.000000E+0	1.000000E+0	5.800000E+1
1.246438E+0	1.503500E+2	-1.039798E+2	-1.039510E-1	-1.204800E+0	8.628071E+1	8.950058E+1	1.121300E+0	1.003570E-1	-2.473000E-3	-1.204800E+0	2.052623E+0	5.017391E+0	1.121300E+0	5.626000E-3	1.000000E-2	0.000000E+0	5.000000E+1	2.000000E+0	5.000000E+1	2.000000E+0	1.000000E+0	5.900000E+1
1.268223E+0	1.503500E+2	-5.497960E+1	-5.479700E-2	-6.393000E-1	8.571406E+1	8.831188E+1	1.126700E+0	9.950100E-2	-5.200000E-4	-6.393000E-1	8.133896E-1	4.693352E+0	1.126700E+0	5.288000E-3	1.000000E-2	0.000000E+0	5.000000E+1	2.000000E+0	5.000000E+1	2.000000E+0	1.000000E+0	6.000000E+1
1.290690E+0	1.503500E+2	-5.979405E+0	-6.129000E-3	-8.310000E-2	7.375451E+1	8.796545E+1	1.140300E+0	1.003070E-1	1.633000E-3	-8.310000E-2	-1.965102E+1	5.459090E+0	1.140300E+0	6.225000E-3	1.000000E-2	0.000000E+0	5.000000E+1	2.000000E+0	5.000000E+1	2.000000E+0	1.000000E+0	6.100000E+1
1.312458E+0	1.503500E+2	4.900020E+1	4.944500E-2	5.382000E-1	9.187105E+1	8.915013E+1	1.123700E+0	1.001780E-1	3.224000E-3	5.382000E-1	5.990338E+0	5.304797E+0	1.123700E+0	5.961000E-3	1.000000E-2	0.000000E+0	5.000000E+1	2.000000E+0	5.000000E+1	2.000000E+0	1.000000E+0	6.200000E+1
1.335093E+0	1.503500E+2	9.800039E+1	9.829000E-2	1.098400E+0	8.948471E+1	8.909746E+1	1.123500E+0	1.001010E-1	5.352000E-3	1.098400E+0	4.872542E+0	5.092123E+0	1.123500E+0	5.721000E-3	1.000000E-2	0.000000E+0	5.000000E+1	2.000000E+0	5.000000E+1	2.000000E+0	1.000000E+0	6.300000E+1
1.356761E+0	1.503500E+2	1.470006E+2	1.471700E-1	1.689500E+0	8.710861E+1	8.906228E+1	1.114400E+0	9.925100E-2	7.538000E-3	1.689500E+0	4.461675E+0	4.944365E+0	1.114400E+0	5.510000E-3	1.000000E-2	0.000000E+0	5.000000E+1	2.000000E+0	5.000000E+1	2.000000E+0	1.000000E+0	6.400000E+1
1.379379E+0	1.503500E+2	1.960008E+2	1.956710E-1	2.314500E+0	8.454137E+1	8.860061E+1	1.121200E+0	9.933900E-2	9.544000E-3	2.314500E+0	4.123569E+0	4.283803E+0	1.121200E+0	4.803000E-3	1.000000E-2	0.000000E+0	5.000000E+1	2.000000E+0	5.000000E+1	2.000000E+0	1.000000E+0	6.500000E+1
1.401097E+0	1.503500E+2	2.450010E+2	2.449910E-1	2.933900E+0	8.350353E+1	8.907716E+1	1.123700E+0	1.000960E-1	1.171000E-2	2.933900E+0	3.991274E+0	5.100116E+0	1.123700E+0	5.731000E-3	1.000000E-2	0.000000E+0	5.000000E+1	2.000000E+0	5.000000E+1	2.000000E+0	1.000000E+0	6.600000E+1
1.423781E+0	1.503500E+2	2.940012E+2	2.939430E-1	3.607400E+0	8.148334E+1	8.928165E+1	1.123400E+0	1.002990E-1	1.463800E-2	3.607400E+0	4.057770E+0	4.732954E+0	1.123400E+0	5.317000E-3	1.000000E-2	0.000000E+0	5.000000E+1	2.000000E+0	5.000000E+1	2.000000E+0	1.000000E+0	6.700000E+1
1.445399E+0	1.503500E+2	3.439814E+2	3.436700E-1	4.308100E+0	7.977299E+1	8.886121E+1	1.124000E+0	9.988000E-2	1.749900E-2	4.308100E+0	4.061883E+0	5.064057E+0	1.124000E+0	5.692000E-3	1.000000E-2	0.000000E+0	5.000000E+1	2.000000E+0	5.000000E+1	2.000000E+0	1.000000E+0	6.800000E+1
1.467584E+0	1.503500E+2	3.939814E+2	3.941390E-1	5.064500E+0	7.782387E+1	8.843945E+1	1.135500E+0	1.004230E-1	1.974700E-2	5.064500E+0	3.899102E+0	4.870982E+0	1.135500E+0	5.531000E-3	1.000000E-2	0.000000E+0	5.000000E+1	2.000000E+0	5.000000E+1	2.000000E+0	1.000000E+0	6.900000E+1
1.489169E+0	1.503500E+2	4.439814E+2	4.440280E-1	5.793600E+0	7.664112E+1	8.836576E+1	1.130800E+0	9.992400E-2	2.282100E-2	5.793600E+0	3.939002E+0	4.971701E+0	1.130800E+0	5.622000E-3	1.000000E-2	0.000000E+0	5.000000E+1	2.000000E+0	5.000000E+1	2.000000E+0	1.000000E+0	7.000000E+1
1.511186E+0	1.503500E+2	4.939814E+2	4.944370E-1	6.608400E+0	7.481947E+1	8.822042E+1	1.135100E+0	1.001390E-1	2.501800E-2	6.608400E+0	3.785788E+0	4.420756E+0	1.135100E+0	5.018000E-3	1.000000E-2	0.000000E+0	5.000000E+1	2.000000E+0	5.000000E+1	2.000000E+0	1.000000E+0	7.100000E+1
1.532838E+0	1.503500E+2	5.439814E+2	5.437580E-1	7.372300E+0	7.375690E+1	8.817574E+1	1.135800E+0	1.001500E-1	2.808600E-2	7.372300E+0	3.809666E+0	4.792217E+0	1.135800E+0	5.443000E-3	1.000000E-2	0.000000E+0	5.000000E+1	2.000000E+0	5.000000E+1	2.000000E+0	1.000000E+0	7.200000E+1
1.555472E+0	1.503500E+2	5.939814E+2	5.935470E-1	8.174400E+0	7.261047E+1	8.770455E+1	1.144000E+0	1.003340E-1	3.027000E-2	8.174400E+0	3.703024E+0	4.533217E+0	1.144000E+0	5.186000E-3	1.000000E-2	0.000000E+0	5.000000E+1	2.000000E+0	5.000000E+1	2.000000E+0	1.000000E+0	7.300000E+1
1.577274E+0	1.503500E+2	6.439814E+2	6.437450E-1	9.033500E+0	7.126197E+1	8.926801E+1	1.125700E+0	1.004890E-1	3.348300E-2	9.033500E+0	3.706537E+0	4.385716E+0	1.125700E+0	4.937000E-3	1.000000E-2	0.000000E+0	5.000000E+1	2.000000E+0	5.000000E+1	2.000000E+0	1.000000E+0	7.400000E+1
1.599825E+0	1.503500E+2	6.939814E+2	6.943360E-1	9.868900E+0	7.035597E+1	8.916312E+1	1.126800E+0	1.004690E-1	3.625800E-2	9.868900E+0	3.673966E+0	4.960951E+0	1.126800E+0	5.590000E-3	1.000000E-2	0.000000E+0	5.000000E+1	2.000000E+0	5.000000E+1	2.000000E+0	1.000000E+0	7.500000E+1
1.621676E+0	1.503500E+2	7.439814E+2	7.440760E-1	1.070790E+1	6.948851E+1	8.891853E+1	1.124400E+0	9.998000E-2	3.920800E-2	1.070790E+1	3.661596E+0	5.061366E+0	1.124400E+0	5.691000E-3	1.000000E-2	0.000000E+0	5.000000E+1	2.000000E+0	5.000000E+1	2.000000E+0	1.000000E+0	7.600000E+1
1.643644E+0	1.503500E+2	7.939814E+2	7.939290E-1	1.157530E+1	6.858820E+1	8.914820E+1	1.123500E+0	1.001580E-1	4.269200E-2	1.157530E+1	3.688198E+0	4.696929E+0	1.123500E+0	5.277000E-3	1.000000E-2	0.000000E+0	5.000000E+1	2.000000E+0	5.000000E+1	2.000000E+0	1.000000E+0	7.700000E+1
1.665445E+0	1.503500E+2	8.439814E+2	8.442540E-1	1.246380E+1	6.773648E+1	8.860723E+1	1.129400E+0	1.000730E-1	4.618200E-2	1.246380E+1	3.705291E+0	4.942447E+0	1.129400E+0	5.582000E-3	1.000000E-2	0.000000E+0	5.000000E+1	2.000000E+0	5.000000E+1	2.000000E+0	1.000000E+0	7.800000E+1
1.687480E+0	1.503500E+2	8.939814E+2	8.939270E-1	1.336930E+1	6.686416E+1	8.847345E+1	1.124100E+0	9.945300E-2	4.949200E-2	1.336930E+1	3.701914E+0	4.851882E+0	1.124100E+0	5.454000E-3	1.000000E-2	0.000000E+0	5.000000E+1	2.000000E+0	5.000000E+1	2.000000E+0	1.000000E+0	7.900000E+1
1.709148E+0	1.503500E+2	9.439814E+2	9.440280E-1	1.428450E+1	6.608758E+1	8.772111E+1	1.135200E+0	9.958100E-2	5.294700E-2	1.428450E+1	3.706605E+0	4.815011E+0	1.135200E+0	5.466000E-3	1.000000E-2	0.000000E+0	5.000000E+1	2.000000E+0	5.000000E+1	2.000000E+0	1.000000E+0	8.000000E+1
1.731682E+0	1.503500E+2	9.939814E+2	9.942250E-1	1.516630E+1	6.555488E+1	8.841603E+1	1.132600E+0	1.001400E-1	5.583400E-2	1.516630E+1	3.681452E+0	5.084761E+0	1.132600E+0	5.759000E-3	1.000000E-2	0.000000E+0	5.000000E+1	2.000000E+0	5.000000E+1	2.000000E+0	1.000000E+0	8.100000E+1
1.753467E+0	1.503500E+2	1.043981E+3	1.044020E+0	1.613860E+1	6.469087E+1	8.942875E+1	1.115100E+0	9.972200E-2	5.909200E-2	1.613860E+1	3.661532E+0	4.998655E+0	1.115100E+0	5.574000E-3	1.000000E-2	0.000000E+0	5.000000E+1	2.000000E+0	5.000000E+1	2.000000E+0	1.000000E+0	8.200000E+1
1.775968E+0	1.503500E+2	1.093981E+3	1.093816E+0	1.700040E+1	6.434060E+1	8.808307E+1	1.138800E+0	1.003090E-1	6.251300E-2	1.700040E+1	3.677149E+0	4.685634E+0	1.138800E+0	5.336000E-3	1.000000E-2	0.000000E+0	5.000000E+1	2.000000E+0	5.000000E+1	2.000000E+0	1.000000E+0	8.300000E+1
1.797653E+0	1.503500E+2	1.143981E+3	1.143128E+0	1.801280E+1	6.346198E+1	8.847178E+1	1.134000E+0	1.003270E-1	6.550600E-2	1.801280E+1	3.636636E+0	4.546737E+0	1.134000E+0	5.156000E-3	1.000000E-2	0.000000E+0	5.000000E+1	2.000000E+0	5.000000E+1	2.000000E+0	1.000000E+0	8.400000E+1
1.820204E+0	1.503500E+2	1.193981E+3	1.194412E+0	1.902380E+1	6.278514E+1	8.893472E+1	1.127400E+0	1.002650E-1	6.929100E-2	1.902380E+1	3.642332E+0	5.288274E+0	1.127400E+0	5.962000E-3	1.000000E-2	0.000000E+0	5.000000E+1	2.000000E+0	5.000000E+1	2.000000E+0	1.000000E+0	8.500000E+1
1.842005E+0	1.503500E+2	1.243981E+3	1.243361E+0	1.996530E+1	6.227610E+1	8.793407E+1	1.146700E+0	1.008340E-1	7.332100E-2	1.996530E+1	3.672422E+0	4.735327E+0	1.146700E+0	5.430000E-3	1.000000E-2	0.000000E+0	5.000000E+1	2.000000E+0	5.000000E+1	2.000000E+0	1.000000E+0	8.600000E+1
1.864157E+0	1.503500E+2	1.293981E+3	1.294053E+0	2.098990E+1	6.165122E+1	8.916167E+1	1.116500E+0	9.954900E-2	7.627800E-2	2.098990E+1	3.634034E+0	4.776534E+0	1.116500E+0	5.333000E-3	1.000000E-2	0.000000E+0	5.000000E+1	2.000000E+0	5.000000E+1	2.000000E+0	1.000000E+0	8.700000E+1
1.885808E+0	1.503500E+2	1.343981E+3	1.343659E+0	2.195440E+1	6.120226E+1	8.924942E+1	1.125800E+0	1.004770E-1	8.005900E-2	2.195440E+1	3.646604E+0	5.348197E+0	1.125800E+0	6.021000E-3	1.000000E-2	0.000000E+0	5.000000E+1	2.000000E+0	5.000000E+1	2.000000E+0	1.000000E+0	8.800000E+1
1.908259E+0	1.503500E+2	1.393981E+3	1.394509E+0	2.296070E+1	6.073460E+1	8.790006E+1	1.146700E+0	1.007950E-1	8.384200E-2	2.296070E+1	3.651544E+0	5.259440E+0	1.146700E+0	6.031000E-3	1.000000E-2	0.000000E+0	5.000000E+1	2.000000E+0	5.000000E+1	2.000000E+0	1.000000E+0	8.900000E+1
1.930060E+0	1.503500E+2	1.443981E+3	1.444428E+0	2.403820E+1	6.008886E+1	8.883849E+1	1.128700E+0	1.002720E-1	8.744900E-2	2.403820E+1	3.637918E+0	4.797555E+0	1.128700E+0	5.415000E-3	1.000000E-2	0.000000E+0	5.000000E+1	2.000000E+0	5.000000E+1	2.000000E+0	1.000000E+0	9.000000E+1
1.952545E+0	1.503500E+2	1.493981E+3	1.494166E+0	2.508660E+1	5.956032E+1	8.782345E+1	1.138500E+0	9.998700E-2	9.085700E-2	2.508660E+1	3.621734E+0	4.724638E+0	1.138500E+0	5.379000E-3	1.000000E-2	0.000000E+0	5.000000E+1	2.000000E+0	5.000000E+1	2.000000E+0	1.000000E+0	9.100000E+1
1.974346E+0	1.503500E+2	1.543981E+3	1.543831E+0	2.614890E+1	5.904000E+1	8.872134E+1	1.125400E+0	9.984700E-2	9.481100E-2	2.614890E+1	3.625812E+0	4.848054E+0	1.125400E+0	5.456000E-3	1.000000E-2	0.000000E+0	5.000000E+1	2.000000E+0	5.000000E+1	2.000000E+0	1.000000E+0	9.200000E+1
1.996998E+0	1.503500E+2	1.593981E+3	1.593578E+0	2.724550E+1	5.848959E+1	8.734957E+1	1.141700E+0	9.972700E-2	9.910800E-2	2.724550E+1	3.637592E+0	5.306998E+0	1.141700E+0	6.059000E-3	1.000000E-2	0.000000E+0	5.000000E+1	2.000000E+0	5.000000E+1	2.000000E+0	1.000000E+0	9.300000E+1
2.018665E+0	1.503500E+2	1.643981E+3	1.643851E+0	2.834450E+1	5.799541E+1	8.850129E+1	1.122300E+0	9.932500E-2	1.027620E-1	2.834450E+1	3.625465E+0	4.426624E+0	1.122300E+0	4.968000E-3	1.000000E-2	0.000000E+0	5.000000E+1	2.000000E+0	5.000000E+1	2.000000E+0	1.000000E+0	9.400000E+1
2.041300E+0	1.503500E+2	1.693981E+3	1.693796E+0	2.935260E+1	5.770514E+1	8.767267E+1	1.143800E+0	1.002800E-1	1.066060E-1	2.935260E+1	3.631910E+0	5.144256E+0	1.143800E+0	5.884000E-3	1.000000E-2	0.000000E+0	5.000000E+1	2.000000E+0	5.000000E+1	2.000000E+0	1.000000E+0	9.500000E+1
2.062951E+0	1.503500E+2	1.743981E+3	1.744236E+0	3.046710E+1	5.724982E+1	8.884161E+1	1.125700E+0	1.000090E-1	1.105790E-1	3.046710E+1	3.629456E+0	4.582926E+0	1.125700E+0	5.159000E-3	1.000000E-2	0.000000E+0	5.000000E+1	2.000000E+0	5.000000E+1	2.000000E+0	1.000000E+0	9.600000E+1
2.085419E+0	1.503500E+2	1.793981E+3	1.794261E+0	3.144750E+1	5.705576E+1	8.872968E+1	1.125700E+0	9.988300E-2	1.142490E-1	3.144750E+1	3.633007E+0	4.776583E+0	1.125700E+0	5.377000E-3	1.000000E-2	0.000000E+0	5.000000E+1	2.000000E+0	5.000000E+1	2.000000E+0	1.000000E+0	9.700000E+1
2.107221E+0	1.503500E+2	1.843981E+3	1.843766E+0	3.266760E+1	5.644020E+1	8.824842E+1	1.120700E+0	9.890000E-2	1.183210E-1	3.266760E+1	3.621968E+0	5.096814E+0	1.120700E+0	5.712000E-3	1.000000E-2	0.000000E+0	5.000000E+1	2.000000E+0	5.000000E+1	2.000000E+0	1.000000E+0	9.800000E+1
2.129788E+0	1.503500E+2	1.893981E+3	1.894117E+0	3.384690E+1	5.596131E+1	8.741441E+1	1.142100E+0	9.983600E-2	1.227510E-1	3.384690E+1	3.626654E+0	5.172927E+0	1.142100E+0	5.908000E-3	1.000000E-2	0.000000E+0	5.000000E+1	2.000000E+0	5.000000E+1	2.000000E+0	1.000000E+0	9.900000E+1
2.152440E+0	1.503500E+2	1.943981E+3	1.944789E+0	3.498620E+1	5.558732E+1	8.737504E+1	1.144400E+0	9.999200E-2	1.266860E-1	3.498620E+1	3.621028E+0	4.903006E+0	1.144400E+0	5.611000E-3	1.000000E-2	0.000000E+0	5.000000E+1	2.000000E+0	5.000000E+1	2.000000E+0	1.000000E+0	1.000000E+2
2.174308E+0	1.503500E+2	1.993981E+3	1.994224E+0	3.616400E+1	5.514390E+1	8.851809E+1	1.133000E+0	1.002910E-1	1.308760E-1	3.616400E+1	3.618958E+0	5.026478E+0	1.133000E+0	5.695000E-3	1.000000E-2	0.000000E+0	5.000000E+1	2.000000E+0	5.000000E+1	2.000000E+0	1.000000E+0	1.010000E+2
2.196409E+0	1.503500E+2	2.043981E+3	2.043703E+0	3.738380E+1	5.466815E+1	8.790520E+1	1.137100E+0	9.995700E-2	1.356650E-1	3.738380E+1	3.628978E+0	5.302084E+0	1.137100E+0	6.029000E-3	1.000000E-2	0.000000E+0	5.000000E+1	2.000000E+0	5.000000E+1	2.000000E+0	1.000000E+0	1.020000E+2
2.217944E+0	1.503500E+2	2.093981E+3	2.094087E+0	3.848920E+1	5.440713E+1	8.894895E+1	1.130300E+0	1.005390E-1	1.386270E-1	3.848920E+1	3.601712E+0	4.816420E+0	1.130300E+0	5.444000E-3	1.000000E-2	0.000000E+0	5.000000E+1	2.000000E+0	5.000000E+1	2.000000E+0	1.000000E+0	1.030000E+2
2.238145E+0	1.503500E+2	2.143981E+3	9.910000E+37	9.910000E+40	1.000000E+0	8.879742E+1	1.133400E+0	1.006430E-1	9.910000E+37	9.910000E+40	1.000000E+0	4.552673E+0	1.133400E+0	5.160000E-3	1.000000E-2	0.000000E+0	5.000000E+1	2.000000E+0	5.000000E+1	2.000000E+0	1.000000E+0	1.040000E+2
2.257962E+0	1.503500E+2	2.193981E+3	9.910000E+37	9.910000E+40	1.000000E+0	8.859963E+1	1.129700E+0	1.000910E-1	9.910000E+37	9.910000E+40	1.000000E+0	4.872975E+0	1.129700E+0	5.505000E-3	1.000000E-2	0.000000E+0	5.000000E+1	2.000000E+0	5.000000E+1	2.000000E+0	1.000000E+0	1.050000E+2
2.277930E+0	1.503500E+2	2.243981E+3	9.910000E+37	9.910000E+40	1.000000E+0	8.886078E+1	1.130600E+0	1.004660E-1	9.910000E+37	9.910000E+40	1.000000E+0	4.858482E+0	1.130600E+0	5.493000E-3	1.000000E-2	0.000000E+0	5.000000E+1	2.000000E+0	5.000000E+1	2.000000E+0	1.000000E+0	1.060000E+2
2.297881E+0	1.503500E+2	2.293981E+3	9.910000E+37	9.910000E+40	1.000000E+0	8.766887E+1	1.135500E+0	9.954800E-2	9.910000E+37	9.910000E+40	1.000000E+0	4.927345E+0	1.135500E+0	5.595000E-3	1.000000E-2	0.000000E+0	5.000000E+1	2.000000E+0	5.000000E+1	2.000000E+0	1.000000E+0	1.070000E+2
2.317683E+0	1.503500E+2	2.343981E+3	9.910000E+37	9.910000E+40	1.000000E+0	8.861741E+1	1.134100E+0	1.005010E-1	9.910000E+37	9.910000E+40	1.000000E+0	4.535755E+0	1.134100E+0	5.144000E-3	1.000000E-2	0.000000E+0	5.000000E+1	2.000000E+0	5.000000E+1	2.000000E+0	1.000000E+0	1.080000E+2
2.337534E+0	1.503500E+2	2.393981E+3	9.910000E+37	9.910000E+40	1.000000E+0	8.823055E+1	1.139900E+0	1.005740E-1	9.910000E+37	9.910000E+40	1.000000E+0	4.405650E+0	1.139900E+0	5.022000E-3	1.000000E-2	0.000000E+0	5.000000E+1	2.000000E+0	5.000000E+1	2.000000E+0	1.000000E+0	1.090000E+2
2.357502E+0	1.503500E+2	2.443981E+3	9.910000E+37	9.910000E+40	1.000000E+0	8.853866E+1	1.129100E+0	9.996900E-2	9.910000E+37	9.910000E+40	1.000000E+0	4.873793E+0	1.129100E+0	5.503000E-3	1.000000E-2	0.000000E+0	5.000000E+1	2.000000E+0	5.000000E+1	2.000000E+0	1.000000E+0	1.100000E+2
2.377486E+0	1.503500E+2	2.493981E+3	9.910000E+37	9.910000E+40	1.000000E+0	8.863298E+1	1.128000E+0	9.997800E-2	9.910000E+37	9.910000E+40	1.000000E+0	5.195922E+0	1.128000E+0	5.861000E-3	1.000000E-2	0.000000E+0	5.000000E+1	2.000000E+0	5.000000E+1	2.000000E+0	1.000000E+0	1.110000E+2
2.397487E+0	1.503500E+2	2.543981E+3	9.910000E+37	9.910000E+40	1.000000E+0	8.830584E+1	1.139800E+0	1.006510E-1	9.910000E+37	9.910000E+40	1.000000E+0	4.932444E+0	1.139800E+0	5.622000E-3	1.000000E-2	0.000000E+0	5.000000E+1	2.000000E+0	5.000000E+1	2.000000E+0	1.000000E+0	1.120000E+2
2.417538E+0	1.503500E+2	2.593981E+3	9.910000E+37	9.910000E+40	1.000000E+0	8.849562E+1	1.130700E+0	1.000620E-1	9.910000E+37	9.910000E+40	1.000000E+0	4.760768E+0	1.130700E+0	5.383000E-3	1.000000E-2	0.000000E+0	5.000000E+1	2.000000E+0	5.000000E+1	2.000000E+0	1.000000E+0	1.130000E+2
2.437489E+0	1.503500E+2	2.643981E+3	9.910000E+37	9.910000E+40	1.000000E+0	8.842727E+1	1.126700E+0	9.963100E-2	9.910000E+37	9.910000E+40	1.000000E+0	5.221443E+0	1.126700E+0	5.883000E-3	1.000000E-2	0.000000E+0	5.000000E+1	2.000000E+0	5.000000E+1	2.000000E+0	1.000000E+0	1.140000E+2
2.457524E+0	1.503500E+2	2.693981E+3	9.910000E+37	9.910000E+40	1.000000E+0	8.885635E+1	1.123600E+0	9.983900E-2	9.910000E+37	9.910000E+40	1.000000E+0	4.579922E+0	1.123600E+0	5.146000E-3	1.000000E-2	0.000000E+0	5.000000E+1	2.000000E+0	5.000000E+1	2.000000E+0	1.000000E+0	1.150000E+2
2.477308E+0	1.503500E+2	2.743981E+3	9.910000E+37	9.910000E+40	1.000000E+0	8.938383E+1	1.118200E+0	9.994900E-2	9.910000E+37	9.910000E+40	1.000000E+0	4.468789E+0	1.118200E+0	4.997000E-3	1.000000E-2	0.000000E+0	5.000000E+1	2.000000E+0	5.000000E+1	2.000000E+0	1.000000E+0	1.160000E+2
2.497226E+0	1.503500E+2	2.793981E+3	9.910000E+37	9.910000E+40	1.000000E+0	8.939681E+1	1.120700E+0	1.001870E-1	9.910000E+37	9.910000E+40	1.000000E+0	4.832694E+0	1.120700E+0	5.416000E-3	1.000000E-2	0.000000E+0	5.000000E+1	2.000000E+0	5.000000E+1	2.000000E+0	1.000000E+0	1.170000E+2
2.517194E+0	1.503500E+2	2.843981E+3	9.910000E+37	9.910000E+40	1.000000E+0	8.929779E+1	1.123600E+0	1.003350E-1	9.910000E+37	9.910000E+40	1.000000E+0	4.513172E+0	1.123600E+0	5.071000E-3	1.000000E-2	0.000000E+0	5.000000E+1	2.000000E+0	5.000000E+1	2.000000E+0	1.000000E+0	1.180000E+2
2.537012E+0	1.503500E+2	2.893981E+3	9.910000E+37	9.910000E+40	1.000000E+0	8.876545E+1	1.124300E+0	9.979900E-2	9.910000E+37	9.910000E+40	1.000000E+0	4.981766E+0	1.124300E+0	5.601000E-3	1.000000E-2	0.000000E+0	5.000000E+1	2.000000E+0	5.000000E+1	2.000000E+0	1.000000E+0	1.190000E+2
2.556713E+0	1.503500E+2	2.943981E+3	9.910000E+37	9.910000E+40	1.000000E+0	8.831282E+1	1.137400E+0	1.004470E-1	9.910000E+37	9.910000E+40	1.000000E+0	5.029014E+0	1.137400E+0	5.720000E-3	1.000000E-2	0.000000E+0	5.000000E+1	2.000000E+0	5.000000E+1	2.000000E+0	1.000000E+0	1.200000E+2
2.576614E+0	1.503500E+2	2.993981E+3	9.910000E+37	9.910000E+40	1.000000E+0	8.801853E+1	1.133500E+0	9.976900E-2	9.910000E+37	9.910000E+40	1.000000E+0	4.775474E+0	1.133500E+0	5.413000E-3	1.000000E-2	0.000000E+0	5.000000E+1	2.000000E+0	5.000000E+1	2.000000E+0	1.000000E+0	1.210000E+2
2.596465E+0	1.503500E+2	3.000000E+3	9.910000E+37	9.910000E+40	1.000000E+0	8.933699E+1	1.113100E+0	9.944100E-2	9.910000E+37	9.910000E+40	1.000000E+0	4.518013E+0	1.113100E+0	5.029000E-3	1.000000E-2	0.000000E+0	5.000000E+1	2.000000E+0	5.000000E+1	2.000000E+0	1.000000E+0	1.220000E+2
2.616333E+0	1.503500E+2	2.950000E+3	9.910000E+37	9.910000E+40	1.000000E+0	8.843953E+1	1.125300E+0	9.952100E-2	9.910000E+37	9.910000E+40	1.000000E+0	4.877810E+0	1.125300E+0	5.489000E-3	1.000000E-2	0.000000E+0	5.000000E+1	2.000000E+0	5.000000E+1	2.000000E+0	1.000000E+0	1.230000E+2
2.636184E+0	1.503500E+2	2.900000E+3	9.910000E+37	9.910000E+40	1.000000E+0	8.869963E+1	1.126600E+0	9.992900E-2	9.910000E+37	9.910000E+40	1.000000E+0	4.918338E+0	1.126600E+0	5.541000E-3	1.000000E-2	0.000000E+0	5.000000E+1	2.000000E+0	5.000000E+1	2.000000E+0	1.000000E+0	1.240000E+2
2.655919E+0	1.503500E+2	2.850000E+3	9.910000E+37	9.910000E+40	1.000000E+0	8.832304E+1	1.133600E+0	1.001230E-1	9.910000E+37	9.910000E+40	1.000000E+0	4.544813E+0	1.133600E+0	5.152000E-3	1.000000E-2	0.000000E+0	5.000000E+1	2.000000E+0	5.000000E+1	2.000000E+0	1.000000E+0	1.250000E+2
2.675736E+0	1.503500E+2	2.800000E+3	9.910000E+37	9.910000E+40	1.000000E+0	8.829545E+1	1.135200E+0	1.002330E-1	9.910000E+37	9.910000E+40	1.000000E+0	4.665257E+0	1.135200E+0	5.296000E-3	1.000000E-2	0.000000E+0	5.000000E+1	2.000000E+0	5.000000E+1	2.000000E+0	1.000000E+0	1.260000E+2
2.695638E+0	1.503500E+2	2.750000E+3	9.910000E+37	9.910000E+40	1.000000E+0	8.795877E+1	1.130200E+0	9.941100E-2	9.910000E+37	9.910000E+40	1.000000E+0	4.439922E+0	1.130200E+0	5.018000E-3	1.000000E-2	0.000000E+0	5.000000E+1	2.000000E+0	5.000000E+1	2.000000E+0	1.000000E+0	1.270000E+2
2.715439E+0	1.503500E+2	2.700000E+3	9.910000E+37	9.910000E+40	1.000000E+0	8.889413E+1	1.124000E+0	9.991700E-2	9.910000E+37	9.910000E+40	1.000000E+0	5.149466E+0	1.124000E+0	5.788000E-3	1.000000E-2	0.000000E+0	5.000000E+1	2.000000E+0	5.000000E+1	2.000000E+0	1.000000E+0	1.280000E+2
2.735390E+0	1.503500E+2	2.650000E+3	9.910000E+37	9.910000E+40	1.000000E+0	8.856217E+1	1.126700E+0	9.978300E-2	9.910000E+37	9.910000E+40	1.000000E+0	4.937428E+0	1.126700E+0	5.563000E-3	1.000000E-2	0.000000E+0	5.000000E+1	2.000000E+0	5.000000E+1	2.000000E+0	1.000000E+0	1.290000E+2
2.755108E+0	1.503500E+2	2.600000E+3	9.910000E+37	9.910000E+40	1.000000E+0	8.907629E+1	1.112900E+0	9.913300E-2	9.910000E+37	9.910000E+40	1.000000E+0	4.598796E+0	1.112900E+0	5.118000E-3	1.000000E-2	0.000000E+0	5.000000E+1	2.000000E+0	5.000000E+1	2.000000E+0	1.000000E+0	1.300000E+2
2.774975E+0	1.503500E+2	2.550000E+3	9.910000E+37	9.910000E+40	1.000000E+0	8.816236E+1	1.130800E+0	9.969400E-2	9.910000E+37	9.910000E+40	1.000000E+0	4.709940E+0	1.130800E+0	5.326000E-3	1.000000E-2	0.000000E+0	5.000000E+1	2.000000E+0	5.000000E+1	2.000000E+0	1.000000E+0	1.310000E+2
2.794943E+0	1.503500E+2	2.500000E+3	9.910000E+37	9.910000E+40	1.000000E+0	8.804902E+1	1.138400E+0	1.002350E-1	9.910000E+37	9.910000E+40	1.000000E+0	5.054462E+0	1.138400E+0	5.754000E-3	1.000000E-2	0.000000E+0	5.000000E+1	2.000000E+0	5.000000E+1	2.000000E+0	1.000000E+0	1.320000E+2
2.814678E+0	1.503500E+2	2.450000E+3	9.910000E+37	9.910000E+40	1.000000E+0	8.881440E+1	1.127700E+0	1.001560E-1	9.910000E+37	9.910000E+40	1.000000E+0	4.974727E+0	1.127700E+0	5.610000E-3	1.000000E-2	0.000000E+0	5.000000E+1	2.000000E+0	5.000000E+1	2.000000E+0	1.000000E+0	1.330000E+2
2.834395E+0	1.503500E+2	2.400000E+3	9.910000E+37	9.910000E+40	1.000000E+0	8.832144E+1	1.134900E+0	1.002360E-1	9.910000E+37	9.910000E+40	1.000000E+0	5.001322E+0	1.134900E+0	5.676000E-3	1.000000E-2	0.000000E+0	5.000000E+1	2.000000E+0	5.000000E+1	2.000000E+0	1.000000E+0	1.340000E+2
2.854280E+0	1.503500E+2	2.350000E+3	9.910000E+37	9.910000E+40	1.000000E+0	8.814180E+1	1.138200E+0	1.003230E-1	9.910000E+37	9.910000E+40	1.000000E+0	4.763662E+0	1.138200E+0	5.422000E-3	1.000000E-2	0.000000E+0	5.000000E+1	2.000000E+0	5.000000E+1	2.000000E+0	1.000000E+0	1.350000E+2
2.874398E+0	1.503500E+2	2.300000E+3	9.910000E+37	9.910000E+40	1.000000E+0	8.827220E+1	1.139600E+0	1.005950E-1	9.910000E+37	9.910000E+40	1.000000E+0	4.731485E+0	1.139600E+0	5.392000E-3	1.000000E-2	0.000000E+0	5.000000E+1	2.000000E+0	5.000000E+1	2.000000E+0	1.000000E+0	1.360000E+2
2.894399E+0	1.503500E+2	2.250000E+3	9.910000E+37	9.910000E+40	1.000000E+0	8.832408E+1	1.134300E+0	1.001860E-1	9.910000E+37	9.910000E+40	1.000000E+0	5.301948E+0	1.134300E+0	6.014000E-3	1.000000E-2	0.000000E+0	5.000000E+1	2.000000E+0	5.000000E+1	2.000000E+0	1.000000E+0	1.370000E+2
2.914450E+0	1.503500E+2	2.200000E+3	9.910000E+37	9.910000E+40	1.000000E+0	8.986445E+1	1.114000E+0	1.001090E-1	9.910000E+37	9.910000E+40	1.000000E+0	4.825853E+0	1.114000E+0	5.376000E-3	1.000000E-2	0.000000E+0	5.000000E+1	2.000000E+0	5.000000E+1	2.000000E+0	1.000000E+0	1.380000E+2
2.934468E+0	1.503500E+2	2.150000E+3	9.910000E+37	9.910000E+40	1.000000E+0	8.800829E+1	1.134200E+0	9.981900E-2	9.910000E+37	9.910000E+40	1.000000E+0	4.797214E+0	1.134200E+0	5.441000E-3	1.000000E-2	0.000000E+0	5.000000E+1	2.000000E+0	5.000000E+1	2.000000E+0	1.000000E+0	1.390000E+2
2.956052E+0	1.503500E+2	2.100000E+3	2.099580E+0	3.857920E+1	5.442259E+1	8.777153E+1	1.138900E+0	9.996300E-2	1.391310E-1	3.857920E+1	3.606373E+0	5.134779E+0	1.138900E+0	5.848000E-3	1.000000E-2	0.000000E+0	5.000000E+1	2.000000E+0	5.000000E+1	2.000000E+0	1.000000E+0	1.400000E+2
2.977787E+0	1.503500E+2	2.050000E+3	2.049581E+0	3.749750E+1	5.465914E+1	8.784496E+1	1.142900E+0	1.003980E-1	1.355920E-1	3.749750E+1	3.616028E+0	4.923440E+0	1.142900E+0	5.627000E-3	1.000000E-2	0.000000E+0	5.000000E+1	2.000000E+0	5.000000E+1	2.000000E+0	1.000000E+0	1.410000E+2
2.999455E+0	1.503500E+2	2.000000E+3	1.999785E+0	3.628010E+1	5.512071E+1	8.837211E+1	1.130300E+0	9.988700E-2	1.318870E-1	3.628010E+1	3.635244E+0	4.850040E+0	1.130300E+0	5.482000E-3	1.000000E-2	0.000000E+0	5.000000E+1	2.000000E+0	5.000000E+1	2.000000E+0	1.000000E+0	1.420000E+2
3.021239E+0	1.503500E+2	1.950000E+3	1.950430E+0	3.509120E+1	5.558174E+1	8.759335E+1	1.143500E+0	1.001630E-1	1.268590E-1	3.509120E+1	3.615123E+0	4.748579E+0	1.143500E+0	5.430000E-3	1.000000E-2	0.000000E+0	5.000000E+1	2.000000E+0	5.000000E+1	2.000000E+0	1.000000E+0	1.430000E+2
3.042924E+0	1.503500E+2	1.900000E+3	1.899660E+0	3.395900E+1	5.593981E+1	8.868887E+1	1.134900E+0	1.006530E-1	1.229750E-1	3.395900E+1	3.621279E+0	4.422416E+0	1.134900E+0	5.019000E-3	1.000000E-2	0.000000E+0	5.000000E+1	2.000000E+0	5.000000E+1	2.000000E+0	1.000000E+0	1.440000E+2
3.065575E+0	1.503500E+2	1.850000E+3	1.849988E+0	3.283520E+1	5.634161E+1	8.888446E+1	1.128600E+0	1.003150E-1	1.192060E-1	3.283520E+1	3.630433E+0	4.575580E+0	1.128600E+0	5.164000E-3	1.000000E-2	0.000000E+0	5.000000E+1	2.000000E+0	5.000000E+1	2.000000E+0	1.000000E+0	1.450000E+2
3.087093E+0	1.503500E+2	1.800000E+3	1.799599E+0	3.171130E+1	5.674946E+1	8.817485E+1	1.134700E+0	1.000520E-1	1.151370E-1	3.171130E+1	3.630788E+0	4.536001E+0	1.134700E+0	5.147000E-3	1.000000E-2	0.000000E+0	5.000000E+1	2.000000E+0	5.000000E+1	2.000000E+0	1.000000E+0	1.460000E+2
3.108811E+0	1.503500E+2	1.750000E+3	1.749883E+0	3.054580E+1	5.728719E+1	8.823052E+1	1.133100E+0	9.997400E-2	1.105660E-1	3.054580E+1	3.619679E+0	4.975730E+0	1.133100E+0	5.638000E-3	1.000000E-2	0.000000E+0	5.000000E+1	2.000000E+0	5.000000E+1	2.000000E+0	1.000000E+0	1.470000E+2
3.130596E+0	1.503500E+2	1.700000E+3	1.700165E+0	2.953340E+1	5.756753E+1	8.887867E+1	1.130800E+0	1.005040E-1	1.071370E-1	2.953340E+1	3.627655E+0	4.614432E+0	1.130800E+0	5.218000E-3	1.000000E-2	0.000000E+0	5.000000E+1	2.000000E+0	5.000000E+1	2.000000E+0	1.000000E+0	1.480000E+2
3.152414E+0	1.503500E+2	1.650000E+3	1.649970E+0	2.840890E+1	5.807933E+1	8.797924E+1	1.136700E+0	1.000060E-1	1.036870E-1	2.840890E+1	3.649807E+0	5.062901E+0	1.136700E+0	5.755000E-3	1.000000E-2	0.000000E+0	5.000000E+1	2.000000E+0	5.000000E+1	2.000000E+0	1.000000E+0	1.490000E+2
3.174332E+0	1.503500E+2	1.600000E+3	1.599725E+0	2.737170E+1	5.844449E+1	8.829105E+1	1.135200E+0	1.002280E-1	9.955200E-2	2.737170E+1	3.637041E+0	5.199965E+0	1.135200E+0	5.903000E-3	1.000000E-2	0.000000E+0	5.000000E+1	2.000000E+0	5.000000E+1	2.000000E+0	1.000000E+0	1.500000E+2
3.196933E+0	1.503500E+2	1.550000E+3	1.550068E+0	2.630850E+1	5.891890E+1	8.819310E+1	1.136200E+0	1.002050E-1	9.552200E-2	2.630850E+1	3.630842E+0	4.790530E+0	1.136200E+0	5.443000E-3	1.000000E-2	0.000000E+0	5.000000E+1	2.000000E+0	5.000000E+1	2.000000E+0	1.000000E+0	1.510000E+2
3.218317E+0	1.503500E+2	1.500000E+3	1.500061E+0	2.519930E+1	5.952788E+1	8.845355E+1	1.127100E+0	9.969600E-2	9.148600E-2	2.519930E+1	3.630498E+0	4.939225E+0	1.127100E+0	5.567000E-3	1.000000E-2	0.000000E+0	5.000000E+1	2.000000E+0	5.000000E+1	2.000000E+0	1.000000E+0	1.520000E+2
3.240119E+0	1.503500E+2	1.450000E+3	1.450333E+0	2.421190E+1	5.990166E+1	8.751686E+1	1.141700E+0	9.991800E-2	8.793100E-2	2.421190E+1	3.631727E+0	4.985548E+0	1.141700E+0	5.692000E-3	1.000000E-2	0.000000E+0	5.000000E+1	2.000000E+0	5.000000E+1	2.000000E+0	1.000000E+0	1.530000E+2
3.261737E+0	1.503500E+2	1.400000E+3	1.400223E+0	2.313770E+1	6.051695E+1	8.788089E+1	1.140100E+0	1.001930E-1	8.428400E-2	2.313770E+1	3.642713E+0	4.371546E+0	1.140100E+0	4.984000E-3	1.000000E-2	0.000000E+0	5.000000E+1	2.000000E+0	5.000000E+1	2.000000E+0	1.000000E+0	1.540000E+2
3.283454E+0	1.503500E+2	1.350000E+3	1.349931E+0	2.210830E+1	6.105992E+1	8.807474E+1	1.142700E+0	1.006430E-1	8.014900E-2	2.210830E+1	3.625290E+0	4.749278E+0	1.142700E+0	5.427000E-3	1.000000E-2	0.000000E+0	5.000000E+1	2.000000E+0	5.000000E+1	2.000000E+0	1.000000E+0	1.550000E+2
3.305189E+0	1.503500E+2	1.300000E+3	1.300430E+0	2.112660E+1	6.155415E+1	8.791444E+1	1.140700E+0	1.002840E-1	7.677100E-2	2.112660E+1	3.633855E+0	5.125800E+0	1.140700E+0	5.847000E-3	1.000000E-2	0.000000E+0	5.000000E+1	2.000000E+0	5.000000E+1	2.000000E+0	1.000000E+0	1.560000E+2
3.326724E+0	1.503500E+2	1.250000E+3	1.249940E+0	2.014170E+1	6.205732E+1	8.762561E+1	1.132500E+0	9.923600E-2	7.336700E-2	2.014170E+1	3.642543E+0	5.086093E+0	1.132500E+0	5.760000E-3	1.000000E-2	0.000000E+0	5.000000E+1	2.000000E+0	5.000000E+1	2.000000E+0	1.000000E+0	1.570000E+2
3.348358E+0	1.503500E+2	1.200000E+3	1.199535E+0	1.912530E+1	6.271980E+1	8.890047E+1	1.122300E+0	9.977300E-2	7.017000E-2	1.912530E+1	3.668962E+0	5.249933E+0	1.122300E+0	5.892000E-3	1.000000E-2	0.000000E+0	5.000000E+1	2.000000E+0	5.000000E+1	2.000000E+0	1.000000E+0	1.580000E+2
3.370276E+0	1.503500E+2	1.150000E+3	1.150040E+0	1.816210E+1	6.332087E+1	8.773784E+1	1.135200E+0	9.960000E-2	6.653900E-2	1.816210E+1	3.663618E+0	4.982382E+0	1.135200E+0	5.656000E-3	1.000000E-2	0.000000E+0	5.000000E+1	2.000000E+0	5.000000E+1	2.000000E+0	1.000000E+0	1.590000E+2
3.391977E+0	1.503500E+2	1.100000E+3	1.099981E+0	1.721450E+1	6.389852E+1	8.897114E+1	1.122600E+0	9.987900E-2	6.293700E-2	1.721450E+1	3.656046E+0	5.124710E+0	1.122600E+0	5.753000E-3	1.000000E-2	0.000000E+0	5.000000E+1	2.000000E+0	5.000000E+1	2.000000E+0	1.000000E+0	1.600000E+2
3.414612E+0	1.503500E+2	1.050000E+3	1.049285E+0	1.626370E+1	6.451699E+1	8.797795E+1	1.142900E+0	1.005500E-1	5.966600E-2	1.626370E+1	3.668661E+0	4.978563E+0	1.142900E+0	5.690000E-3	1.000000E-2	0.000000E+0	5.000000E+1	2.000000E+0	5.000000E+1	2.000000E+0	1.000000E+0	1.610000E+2
3.436430E+0	1.503500E+2	1.000000E+3	1.000143E+0	1.532550E+1	6.526006E+1	8.955021E+1	1.118300E+0	1.001440E-1	5.630700E-2	1.532550E+1	3.674073E+0	5.098811E+0	1.118300E+0	5.702000E-3	1.000000E-2	0.000000E+0	5.000000E+1	2.000000E+0	5.000000E+1	2.000000E+0	1.000000E+0	1.620000E+2
3.458898E+0	1.503500E+2	9.500000E+2	9.510700E-1	1.439240E+1	6.608140E+1	8.821101E+1	1.133600E+0	9.999600E-2	5.282900E-2	1.439240E+1	3.670618E+0	5.182604E+0	1.133600E+0	5.875000E-3	1.000000E-2	0.000000E+0	5.000000E+1	2.000000E+0	5.000000E+1	2.000000E+0	1.000000E+0	1.630000E+2
3.480582E+0	1.503500E+2	9.000000E+2	9.000360E-1	1.349030E+1	6.671727E+1	8.794531E+1	1.137400E+0	1.000290E-1	4.936700E-2	1.349030E+1	3.659444E+0	4.713381E+0	1.137400E+0	5.361000E-3	1.000000E-2	0.000000E+0	5.000000E+1	2.000000E+0	5.000000E+1	2.000000E+0	1.000000E+0	1.640000E+2
3.503084E+0	1.503500E+2	8.500000E+2	8.502940E-1	1.258850E+1	6.754530E+1	8.871904E+1	1.126500E+0	9.994200E-2	4.556700E-2	1.258850E+1	3.619732E+0	4.770528E+0	1.126500E+0	5.374000E-3	1.000000E-2	0.000000E+0	5.000000E+1	2.000000E+0	5.000000E+1	2.000000E+0	1.000000E+0	1.650000E+2
3.524752E+0	1.503500E+2	8.000000E+2	7.995740E-1	1.168750E+1	6.841275E+1	8.844373E+1	1.123200E+0	9.934000E-2	4.335900E-2	1.168750E+1	3.709861E+0	4.940349E+0	1.123200E+0	5.549000E-3	1.000000E-2	0.000000E+0	5.000000E+1	2.000000E+0	5.000000E+1	2.000000E+0	1.000000E+0	1.660000E+2
3.547370E+0	1.503500E+2	7.500000E+2	7.510540E-1	1.083130E+1	6.934108E+1	8.814994E+1	1.135100E+0	1.000590E-1	4.103900E-2	1.083130E+1	3.788927E+0	4.998679E+0	1.135100E+0	5.674000E-3	1.000000E-2	0.000000E+0	5.000000E+1	2.000000E+0	5.000000E+1	2.000000E+0	1.000000E+0	1.670000E+2
3.568987E+0	1.503500E+2	7.000000E+2	7.001830E-1	9.980100E+0	7.015791E+1	8.796322E+1	1.136600E+0	9.997900E-2	3.722100E-2	9.980100E+0	3.729522E+0	4.575048E+0	1.136600E+0	5.200000E-3	1.000000E-2	0.000000E+0	5.000000E+1	2.000000E+0	5.000000E+1	2.000000E+0	1.000000E+0	1.680000E+2
3.591489E+0	1.503500E+2	6.500000E+2	6.502290E-1	9.133400E+0	7.119244E+1	8.905150E+1	1.128100E+0	1.004590E-1	3.460600E-2	9.133400E+0	3.788950E+0	4.904707E+0	1.128100E+0	5.533000E-3	1.000000E-2	0.000000E+0	5.000000E+1	2.000000E+0	5.000000E+1	2.000000E+0	1.000000E+0	1.690000E+2
3.613057E+0	1.503500E+2	6.000000E+2	5.995950E-1	8.281700E+0	7.239999E+1	8.899041E+1	1.126200E+0	1.002210E-1	3.069400E-2	8.281700E+0	3.706244E+0	4.992896E+0	1.126200E+0	5.623000E-3	1.000000E-2	0.000000E+0	5.000000E+1	2.000000E+0	5.000000E+1	2.000000E+0	1.000000E+0	1.700000E+2
3.635141E+0	1.503500E+2	5.500000E+2	5.501320E-1	7.458300E+0	7.376104E+1	8.911571E+1	1.125200E+0	1.002730E-1	2.810400E-2	7.458300E+0	3.768151E+0	4.718272E+0	1.125200E+0	5.309000E-3	1.000000E-2	0.000000E+0	5.000000E+1	2.000000E+0	5.000000E+1	2.000000E+0	1.000000E+0	1.710000E+2
3.656959E+0	1.503500E+2	5.000000E+2	4.999610E-1	6.685900E+0	7.477841E+1	8.830187E+1	1.133600E+0	1.000990E-1	2.621400E-2	6.685900E+0	3.920789E+0	5.064397E+0	1.133600E+0	5.741000E-3	1.000000E-2	0.000000E+0	5.000000E+1	2.000000E+0	5.000000E+1	2.000000E+0	1.000000E+0	1.720000E+2
3.679477E+0	1.503500E+2	4.500000E+2	4.494290E-1	5.907700E+0	7.607512E+1	8.882044E+1	1.125000E+0	9.992300E-2	2.251100E-2	5.907700E+0	3.810451E+0	5.197333E+0	1.125000E+0	5.847000E-3	1.000000E-2	0.000000E+0	5.000000E+1	2.000000E+0	5.000000E+1	2.000000E+0	1.000000E+0	1.730000E+2
3.701095E+0	1.503500E+2	4.000000E+2	4.002160E-1	5.152000E+0	7.768168E+1	8.927541E+1	1.123400E+0	1.002920E-1	1.979000E-2	5.152000E+0	3.841227E+0	5.191383E+0	1.123400E+0	5.832000E-3	1.000000E-2	0.000000E+0	5.000000E+1	2.000000E+0	5.000000E+1	2.000000E+0	1.000000E+0	1.740000E+2
3.723563E+0	1.503500E+2	3.500000E+2	3.502380E-1	4.422200E+0	7.919995E+1	8.820311E+1	1.131400E+0	9.979300E-2	1.689200E-2	4.422200E+0	3.819818E+0	5.049496E+0	1.131400E+0	5.713000E-3	1.000000E-2	0.000000E+0	5.000000E+1	2.000000E+0	5.000000E+1	2.000000E+0	1.000000E+0	1.750000E+2
3.745264E+0	1.503500E+2	3.000000E+2	2.994750E-1	3.711200E+0	8.069492E+1	8.857155E+1	1.136200E+0	1.006350E-1	1.478300E-2	3.711200E+0	3.983348E+0	5.137300E+0	1.136200E+0	5.837000E-3	1.000000E-2	0.000000E+0	5.000000E+1	2.000000E+0	5.000000E+1	2.000000E+0	1.000000E+0	1.760000E+2
3.767715E+0	1.503500E+2	2.509804E+2	2.511920E-1	3.048800E+0	8.239045E+1	8.819847E+1	1.135700E+0	1.001670E-1	1.279900E-2	3.048800E+0	4.198045E+0	4.632385E+0	1.135700E+0	5.261000E-3	1.000000E-2	0.000000E+0	5.000000E+1	2.000000E+0	5.000000E+1	2.000000E+0	1.000000E+0	1.770000E+2
3.789383E+0	1.503500E+2	2.019802E+2	2.021590E-1	2.401200E+0	8.419082E+1	8.943349E+1	1.115600E+0	9.977200E-2	1.006100E-2	2.401200E+0	4.189988E+0	5.533345E+0	1.115600E+0	6.173000E-3	1.000000E-2	0.000000E+0	5.000000E+1	2.000000E+0	5.000000E+1	2.000000E+0	1.000000E+0	1.780000E+2
3.811835E+0	1.503500E+2	1.529800E+2	1.533420E-1	1.765200E+0	8.686948E+1	8.885087E+1	1.133900E+0	1.007480E-1	7.931000E-3	1.765200E+0	4.492975E+0	4.695299E+0	1.133900E+0	5.324000E-3	1.000000E-2	0.000000E+0	5.000000E+1	2.000000E+0	5.000000E+1	2.000000E+0	1.000000E+0	1.790000E+2
3.833453E+0	1.503500E+2	1.039798E+2	1.039670E-1	1.173200E+0	8.861831E+1	8.898924E+1	1.124900E+0	1.001040E-1	5.771000E-3	1.173200E+0	4.919025E+0	4.468842E+0	1.124900E+0	5.027000E-3	1.000000E-2	0.000000E+0	5.000000E+1	2.000000E+0	5.000000E+1	2.000000E+0	1.000000E+0	1.800000E+2
3.856021E+0	1.503500E+2	5.497960E+1	5.523600E-2	6.105000E-1	9.047666E+1	8.828172E+1	1.130200E+0	9.977600E-2	3.598000E-3	6.105000E-1	5.893530E+0	5.443284E+0	1.130200E+0	6.152000E-3	1.000000E-2	0.000000E+0	5.000000E+1	2.000000E+0	5.000000E+1	2.000000E+0	1.000000E+0	1.810000E+2
3.877688E+0	1.503500E+2	5.979405E+0	6.124000E-3	5.430000E-2	1.127808E+2	8.800985E+1	1.137600E+0	1.001200E-1	1.444000E-3	5.430000E-2	2.659300E+1	5.024613E+0	1.137600E+0	5.716000E-3	1.000000E-2	0.000000E+0	5.000000E+1	2.000000E+0	5.000000E+1	2.000000E+0	1.000000E+0	1.820000E+2
3.899840E+0	1.503500E+2	-4.900020E+1	-4.899500E-2	-5.711000E-1	8.579058E+1	8.890740E+1	1.128500E+0	1.003320E-1	1.260000E-4	-5.711000E-1	-2.206269E-1	5.186531E+0	1.128500E+0	5.853000E-3	1.000000E-2	0.000000E+0	5.000000E+1	2.000000E+0	5.000000E+1	2.000000E+0	1.000000E+0	1.830000E+2
3.921608E+0	1.503500E+2	-9.800039E+1	-9.807100E-2	-1.128800E+0	8.688076E+1	8.815189E+1	1.139000E+0	1.004050E-1	-2.278000E-3	-1.128800E+0	2.018072E+0	5.064969E+0	1.139000E+0	5.769000E-3	1.000000E-2	0.000000E+0	5.000000E+1	2.000000E+0	5.000000E+1	2.000000E+0	1.000000E+0	1.840000E+2
3.944159E+0	1.503500E+2	-1.470006E+2	-1.455490E-1	-1.708500E+0	8.519110E+1	8.869958E+1	1.130400E+0	1.002660E-1	-4.656000E-3	-1.708500E+0	2.725198E+0	4.995577E+0	1.130400E+0	5.647000E-3	1.000000E-2	0.000000E+0	5.000000E+1	2.000000E+0	5.000000E+1	2.000000E+0	1.000000E+0	1.850000E+2
3.965927E+0	1.503500E+2	-1.960008E+2	-1.957880E-1	-2.338400E+0	8.372733E+1	8.800865E+1	1.133400E+0	9.974900E-2	-7.405000E-3	-2.338400E+0	3.166695E+0	5.049409E+0	1.133400E+0	5.723000E-3	1.000000E-2	0.000000E+0	5.000000E+1	2.000000E+0	5.000000E+1	2.000000E+0	1.000000E+0	1.860000E+2
3.988411E+0	1.503500E+2	-2.450010E+2	-2.450450E-1	-3.004300E+0	8.156476E+1	8.917536E+1	1.121700E+0	1.000280E-1	-9.023000E-3	-3.004300E+0	3.003362E+0	4.498529E+0	1.121700E+0	5.046000E-3	1.000000E-2	0.000000E+0	5.000000E+1	2.000000E+0	5.000000E+1	2.000000E+0	1.000000E+0	1.870000E+2
4.010213E+0	1.503500E+2	-2.940012E+2	-2.942340E-1	-3.670800E+0	8.015528E+1	8.785117E+1	1.136900E+0	9.987800E-2	-1.135500E-2	-3.670800E+0	3.093331E+0	4.709297E+0	1.136900E+0	5.354000E-3	1.000000E-2	0.000000E+0	5.000000E+1	2.000000E+0	5.000000E+1	2.000000E+0	1.000000E+0	1.880000E+2
4.032797E+0	1.503500E+2	-3.439814E+2	-3.438330E-1	-4.371200E+0	7.865872E+1	8.850389E+1	1.131600E+0	1.001510E-1	-1.409000E-2	-4.371200E+0	3.223371E+0	4.653588E+0	1.131600E+0	5.266000E-3	1.000000E-2	0.000000E+0	5.000000E+1	2.000000E+0	5.000000E+1	2.000000E+0	1.000000E+0	1.890000E+2
4.054482E+0	1.503500E+2	-3.939814E+2	-3.938390E-1	-5.108400E+0	7.709635E+1	8.829808E+1	1.139300E+0	1.005980E-1	-1.719900E-2	-5.108400E+0	3.366808E+0	5.049592E+0	1.139300E+0	5.753000E-3	1.000000E-2	0.000000E+0	5.000000E+1	2.000000E+0	5.000000E+1	2.000000E+0	1.000000E+0	1.900000E+2
4.077100E+0	1.503500E+2	-4.439814E+2	-4.436370E-1	-5.858900E+0	7.572019E+1	8.844288E+1	1.133500E+0	1.002500E-1	-1.942700E-2	-5.858900E+0	3.315810E+0	4.581385E+0	1.133500E+0	5.193000E-3	1.000000E-2	0.000000E+0	5.000000E+1	2.000000E+0	5.000000E+1	2.000000E+0	1.000000E+0	1.910000E+2
4.098918E+0	1.503500E+2	-4.939814E+2	-4.941030E-1	-6.637800E+0	7.443777E+1	8.840992E+1	1.120700E+0	9.908100E-2	-2.230900E-2	-6.637800E+0	3.360903E+0	5.207460E+0	1.120700E+0	5.836000E-3	1.000000E-2	0.000000E+0	5.000000E+1	2.000000E+0	5.000000E+1	2.000000E+0	1.000000E+0	1.920000E+2
4.121469E+0	1.503500E+2	-5.439814E+2	-5.441060E-1	-7.434600E+0	7.318565E+1	8.878311E+1	1.125000E+0	9.988100E-2	-2.519700E-2	-7.434600E+0	3.389153E+0	5.121778E+0	1.125000E+0	5.762000E-3	1.000000E-2	0.000000E+0	5.000000E+1	2.000000E+0	5.000000E+1	2.000000E+0	1.000000E+0	1.930000E+2
4.143370E+0	1.503500E+2	-5.939814E+2	-5.931150E-1	-8.232400E+0	7.204643E+1	8.889296E+1	1.119200E+0	9.948900E-2	-2.798500E-2	-8.232400E+0	3.399373E+0	4.597927E+0	1.119200E+0	5.146000E-3	1.000000E-2	0.000000E+0	5.000000E+1	2.000000E+0	5.000000E+1	2.000000E+0	1.000000E+0	1.940000E+2
4.165222E+0	1.503500E+2	-6.439814E+2	-6.435660E-1	-9.053600E+0	7.108399E+1	8.854189E+1	1.131600E+0	1.001940E-1	-3.069400E-2	-9.053600E+0	3.390254E+0	4.725168E+0	1.131600E+0	5.347000E-3	1.000000E-2	0.000000E+0	5.000000E+1	2.000000E+0	5.000000E+1	2.000000E+0	1.000000E+0	1.950000E+2
4.187289E+0	1.503500E+2	-6.939814E+2	-6.938530E-1	-9.914600E+0	6.998295E+1	8.874036E+1	1.128100E+0	1.001080E-1	-3.396700E-2	-9.914600E+0	3.425958E+0	4.803652E+0	1.128100E+0	5.419000E-3	1.000000E-2	0.000000E+0	5.000000E+1	2.000000E+0	5.000000E+1	2.000000E+0	1.000000E+0	1.960000E+2
4.208724E+0	1.503500E+2	-7.439814E+2	-7.438850E-1	-1.076480E+1	6.910347E+1	8.901173E+1	1.125200E+0	1.001560E-1	-3.678600E-2	-1.076480E+1	3.417249E+0	4.836474E+0	1.125200E+0	5.442000E-3	1.000000E-2	0.000000E+0	5.000000E+1	2.000000E+0	5.000000E+1	2.000000E+0	1.000000E+0	1.970000E+2
4.230442E+0	1.503500E+2	-7.939814E+2	-7.938290E-1	-1.164580E+1	6.816440E+1	8.806204E+1	1.134700E+0	9.992400E-2	-4.052200E-2	-1.164580E+1	3.479538E+0	5.064775E+0	1.134700E+0	5.747000E-3	1.000000E-2	0.000000E+0	5.000000E+1	2.000000E+0	5.000000E+1	2.000000E+0	1.000000E+0	1.980000E+2
4.252177E+0	1.503500E+2	-8.439814E+2	-8.442160E-1	-1.254800E+1	6.727893E+1	8.801895E+1	1.129200E+0	9.939100E-2	-4.331100E-2	-1.254800E+1	3.451626E+0	4.836167E+0	1.129200E+0	5.461000E-3	1.000000E-2	0.000000E+0	5.000000E+1	2.000000E+0	5.000000E+1	2.000000E+0	1.000000E+0	1.990000E+2
4.273911E+0	1.503500E+2	-8.939814E+2	-8.945210E-1	-1.344350E+1	6.653929E+1	8.843825E+1	1.123100E+0	9.932500E-2	-4.650400E-2	-1.344350E+1	3.459218E+0	5.004897E+0	1.123100E+0	5.621000E-3	1.000000E-2	0.000000E+0	5.000000E+1	2.000000E+0	5.000000E+1	2.000000E+0	1.000000E+0	2.000000E+2
4.295779E+0	1.503500E+2	-9.439814E+2	-9.441430E-1	-1.431940E+1	6.593454E+1	8.811220E+1	1.137300E+0	1.002100E-1	-4.969000E-2	-1.431940E+1	3.470117E+0	4.646092E+0	1.137300E+0	5.284000E-3	1.000000E-2	0.000000E+0	5.000000E+1	2.000000E+0	5.000000E+1	2.000000E+0	1.000000E+0	2.010000E+2
4.318414E+0	1.503500E+2	-9.939814E+2	-9.939790E-1	-1.526880E+1	6.509870E+1	8.841532E+1	1.130200E+0	9.992700E-2	-5.266300E-2	-1.526880E+1	3.449060E+0	4.584144E+0	1.130200E+0	5.181000E-3	1.000000E-2	0.000000E+0	5.000000E+1	2.000000E+0	5.000000E+1	2.000000E+0	1.000000E+0	2.020000E+2
4.339948E+0	1.503500E+2	-1.043981E+3	-1.043994E+0	-1.622150E+1	6.435866E+1	8.870111E+1	1.122500E+0	9.956700E-2	-5.652400E-2	-1.622150E+1	3.484511E+0	5.174165E+0	1.122500E+0	5.808000E-3	1.000000E-2	0.000000E+0	5.000000E+1	2.000000E+0	5.000000E+1	2.000000E+0	1.000000E+0	2.030000E+2
4.361683E+0	1.503500E+2	-1.093981E+3	-1.094147E+0	-1.712050E+1	6.390859E+1	8.917160E+1	1.114200E+0	9.935500E-2	-5.978200E-2	-1.712050E+1	3.491837E+0	4.903967E+0	1.114200E+0	5.464000E-3	1.000000E-2	0.000000E+0	5.000000E+1	2.000000E+0	5.000000E+1	2.000000E+0	1.000000E+0	2.040000E+2
4.383517E+0	1.503500E+2	-1.143981E+3	-1.143863E+0	-1.810790E+1	6.316928E+1	8.727891E+1	1.146600E+0	1.000740E-1	-6.318600E-2	-1.810790E+1	3.489416E+0	4.634572E+0	1.146600E+0	5.314000E-3	1.000000E-2	0.000000E+0	5.000000E+1	2.000000E+0	5.000000E+1	2.000000E+0	1.000000E+0	2.050000E+2
4.405069E+0	1.503500E+2	-1.193981E+3	-1.193694E+0	-1.909170E+1	6.252424E+1	8.830209E+1	1.130800E+0	9.985200E-2	-6.689400E-2	-1.909170E+1	3.503826E+0	5.380262E+0	1.130800E+0	6.084000E-3	1.000000E-2	0.000000E+0	5.000000E+1	2.000000E+0	5.000000E+1	2.000000E+0	1.000000E+0	2.060000E+2
4.426987E+0	1.503500E+2	-1.243981E+3	-1.244525E+0	-2.005540E+1	6.205436E+1	8.904524E+1	1.122800E+0	9.998000E-2	-6.996300E-2	-2.005540E+1	3.488487E+0	5.288564E+0	1.122800E+0	5.938000E-3	1.000000E-2	0.000000E+0	5.000000E+1	2.000000E+0	5.000000E+1	2.000000E+0	1.000000E+0	2.070000E+2
4.449655E+0	1.503500E+2	-1.293981E+3	-1.293556E+0	-2.105980E+1	6.142300E+1	8.830393E+1	1.133800E+0	1.001190E-1	-7.398600E-2	-2.105980E+1	3.513139E+0	4.556359E+0	1.133800E+0	5.166000E-3	1.000000E-2	0.000000E+0	5.000000E+1	2.000000E+0	5.000000E+1	2.000000E+0	1.000000E+0	2.080000E+2
4.471472E+0	1.503500E+2	-1.343981E+3	-1.343683E+0	-2.199730E+1	6.108400E+1	8.818918E+1	1.136500E+0	1.002270E-1	-7.726000E-2	-2.199730E+1	3.512249E+0	4.899252E+0	1.136500E+0	5.568000E-3	1.000000E-2	0.000000E+0	5.000000E+1	2.000000E+0	5.000000E+1	2.000000E+0	1.000000E+0	2.090000E+2
4.493990E+0	1.503500E+2	-1.393981E+3	-1.393657E+0	-2.307170E+1	6.040548E+1	8.905877E+1	1.114500E+0	9.925600E-2	-8.121900E-2	-2.307170E+1	3.520287E+0	4.914311E+0	1.114500E+0	5.477000E-3	1.000000E-2	0.000000E+0	5.000000E+1	2.000000E+0	5.000000E+1	2.000000E+0	1.000000E+0	2.100000E+2
4.515892E+0	1.503500E+2	-1.443981E+3	-1.444323E+0	-2.411260E+1	5.989910E+1	8.889935E+1	1.125700E+0	1.000740E-1	-8.429200E-2	-2.411260E+1	3.495766E+0	4.905392E+0	1.125700E+0	5.522000E-3	1.000000E-2	0.000000E+0	5.000000E+1	2.000000E+0	5.000000E+1	2.000000E+0	1.000000E+0	2.110000E+2
4.538326E+0	1.503500E+2	-1.493981E+3	-1.494038E+0	-2.511440E+1	5.948930E+1	8.875889E+1	1.124800E+0	9.983600E-2	-8.797700E-2	-2.511440E+1	3.503050E+0	5.412518E+0	1.124800E+0	6.088000E-3	1.000000E-2	0.000000E+0	5.000000E+1	2.000000E+0	5.000000E+1	2.000000E+0	1.000000E+0	2.120000E+2
4.560111E+0	1.503500E+2	-1.543981E+3	-1.543818E+0	-2.616190E+1	5.901016E+1	8.847249E+1	1.137800E+0	1.006640E-1	-9.140300E-2	-2.616190E+1	3.493745E+0	4.960450E+0	1.137800E+0	5.644000E-3	1.000000E-2	0.000000E+0	5.000000E+1	2.000000E+0	5.000000E+1	2.000000E+0	1.000000E+0	2.130000E+2
4.582712E+0	1.503500E+2	-1.593981E+3	-1.593968E+0	-2.724820E+1	5.849810E+1	8.917945E+1	1.121200E+0	9.998800E-2	-9.587000E-2	-2.724820E+1	3.518398E+0	4.920621E+0	1.121200E+0	5.517000E-3	1.000000E-2	0.000000E+0	5.000000E+1	2.000000E+0	5.000000E+1	2.000000E+0	1.000000E+0	2.140000E+2
4.604530E+0	1.503500E+2	-1.643981E+3	-1.644024E+0	-2.832790E+1	5.803551E+1	8.853251E+1	1.138000E+0	1.007500E-1	-9.988400E-2	-2.832790E+1	3.525994E+0	4.647627E+0	1.138000E+0	5.289000E-3	1.000000E-2	0.000000E+0	5.000000E+1	2.000000E+0	5.000000E+1	2.000000E+0	1.000000E+0	2.150000E+2
4.627031E+0	1.503500E+2	-1.693981E+3	-1.694268E+0	-2.950450E+1	5.742405E+1	8.915640E+1	1.120200E+0	9.987300E-2	-1.046690E-1	-2.950450E+1	3.547561E+0	5.171398E+0	1.120200E+0	5.793000E-3	1.000000E-2	0.000000E+0	5.000000E+1	2.000000E+0	5.000000E+1	2.000000E+0	1.000000E+0	2.160000E+2
4.648683E+0	1.503500E+2	-1.743981E+3	-1.744368E+0	-3.055800E+1	5.708384E+1	8.879573E+1	1.134300E+0	1.007210E-1	-1.082790E-1	-3.055800E+1	3.543393E+0	5.133563E+0	1.134300E+0	5.823000E-3	1.000000E-2	0.000000E+0	5.000000E+1	2.000000E+0	5.000000E+1	2.000000E+0	1.000000E+0	2.170000E+2
4.670384E+0	1.503500E+2	-1.793981E+3	-1.794537E+0	-3.165230E+1	5.669531E+1	8.898111E+1	1.127700E+0	1.003440E-1	-1.115650E-1	-3.165230E+1	3.524704E+0	4.342467E+0	1.127700E+0	4.897000E-3	1.000000E-2	0.000000E+0	5.000000E+1	2.000000E+0	5.000000E+1	2.000000E+0	1.000000E+0	2.180000E+2
4.692202E+0	1.503500E+2	-1.843981E+3	-1.844270E+0	-3.281540E+1	5.620136E+1	8.846161E+1	1.135600E+0	1.004570E-1	-1.159270E-1	-3.281540E+1	3.532701E+0	4.820359E+0	1.135600E+0	5.474000E-3	1.000000E-2	0.000000E+0	5.000000E+1	2.000000E+0	5.000000E+1	2.000000E+0	1.000000E+0	2.190000E+2
4.714786E+0	1.503500E+2	-1.893981E+3	-1.894079E+0	-3.393550E+1	5.581409E+1	8.711344E+1	1.155700E+0	1.006770E-1	-1.198210E-1	-3.393550E+1	3.530845E+0	4.613654E+0	1.155700E+0	5.332000E-3	1.000000E-2	0.000000E+0	5.000000E+1	2.000000E+0	5.000000E+1	2.000000E+0	1.000000E+0	2.200000E+2
4.736471E+0	1.503500E+2	-1.943981E+3	-1.943586E+0	-3.507670E+1	5.540960E+1	8.798364E+1	1.137200E+0	1.000550E-1	-1.239360E-1	-3.507670E+1	3.533286E+0	4.516356E+0	1.137200E+0	5.136000E-3	1.000000E-2	0.000000E+0	5.000000E+1	2.000000E+0	5.000000E+1	2.000000E+0	1.000000E+0	2.210000E+2
4.759072E+0	1.503500E+2	-1.993981E+3	-1.993612E+0	-3.625500E+1	5.498861E+1	8.842087E+1	1.129100E+0	9.983600E-2	-1.281920E-1	-3.625500E+1	3.535843E+0	4.842795E+0	1.129100E+0	5.468000E-3	1.000000E-2	0.000000E+0	5.000000E+1	2.000000E+0	5.000000E+1	2.000000E+0	1.000000E+0	2.220000E+2
4.780940E+0	1.503500E+2	-2.043981E+3	-2.043984E+0	-3.744570E+1	5.458528E+1	8.785658E+1	1.139300E+0	1.000950E-1	-1.327690E-1	-3.744570E+1	3.545641E+0	5.195295E+0	1.139300E+0	5.919000E-3	1.000000E-2	0.000000E+0	5.000000E+1	2.000000E+0	5.000000E+1	2.000000E+0	1.000000E+0	2.230000E+2
4.802725E+0	1.503500E+2	-2.093981E+3	-2.094119E+0	-3.868680E+1	5.413007E+1	8.790681E+1	1.137500E+0	9.999400E-2	-1.369870E-1	-3.868680E+1	3.540924E+0	5.032088E+0	1.137500E+0	5.724000E-3	1.000000E-2	0.000000E+0	5.000000E+1	2.000000E+0	5.000000E+1	2.000000E+0	1.000000E+0	2.240000E+2
4.822826E+0	1.503500E+2	-2.143981E+3	9.910000E+37	9.910000E+40	1.000000E+0	8.796892E+1	1.132400E+0	9.961600E-2	9.910000E+37	9.910000E+40	1.000000E+0	4.775698E+0	1.132400E+0	5.408000E-3	1.000000E-2	0.000000E+0	5.000000E+1	2.000000E+0	5.000000E+1	2.000000E+0	1.000000E+0	2.250000E+2
4.842894E+0	1.503500E+2	-2.193981E+3	9.910000E+37	9.910000E+40	1.000000E+0	8.897917E+1	1.123600E+0	9.997700E-2	9.910000E+37	9.910000E+40	1.000000E+0	4.894980E+0	1.123600E+0	5.500000E-3	1.000000E-2	0.000000E+0	5.000000E+1	2.000000E+0	5.000000E+1	2.000000E+0	1.000000E+0	2.260000E+2
4.862928E+0	1.503500E+2	-2.243981E+3	9.910000E+37	9.910000E+40	1.000000E+0	8.863600E+1	1.130500E+0	1.002030E-1	9.910000E+37	9.910000E+40	1.000000E+0	4.709421E+0	1.130500E+0	5.324000E-3	1.000000E-2	0.000000E+0	5.000000E+1	2.000000E+0	5.000000E+1	2.000000E+0	1.000000E+0	2.270000E+2
4.882913E+0	1.503500E+2	-2.293981E+3	9.910000E+37	9.910000E+40	1.000000E+0	8.914329E+1	1.122900E+0	1.000990E-1	9.910000E+37	9.910000E+40	1.000000E+0	4.354796E+0	1.122900E+0	4.890000E-3	1.000000E-2	0.000000E+0	5.000000E+1	2.000000E+0	5.000000E+1	2.000000E+0	1.000000E+0	2.280000E+2
4.902680E+0	1.503500E+2	-2.343981E+3	9.910000E+37	9.910000E+40	1.000000E+0	8.863108E+1	1.127900E+0	9.996700E-2	9.910000E+37	9.910000E+40	1.000000E+0	4.977392E+0	1.127900E+0	5.614000E-3	1.000000E-2	0.000000E+0	5.000000E+1	2.000000E+0	5.000000E+1	2.000000E+0	1.000000E+0	2.290000E+2
4.922615E+0	1.503500E+2	-2.393981E+3	9.910000E+37	9.910000E+40	1.000000E+0	8.909432E+1	1.119600E+0	9.975000E-2	9.910000E+37	9.910000E+40	1.000000E+0	4.719543E+0	1.119600E+0	5.284000E-3	1.000000E-2	0.000000E+0	5.000000E+1	2.000000E+0	5.000000E+1	2.000000E+0	1.000000E+0	2.300000E+2
4.942483E+0	1.503500E+2	-2.443981E+3	9.910000E+37	9.910000E+40	1.000000E+0	8.829787E+1	1.128000E+0	9.960000E-2	9.910000E+37	9.910000E+40	1.000000E+0	4.960993E+0	1.128000E+0	5.596000E-3	1.000000E-2	0.000000E+0	5.000000E+1	2.000000E+0	5.000000E+1	2.000000E+0	1.000000E+0	2.310000E+2
4.962484E+0	1.503500E+2	-2.493981E+3	9.910000E+37	9.910000E+40	1.000000E+0	8.781571E+1	1.139500E+0	1.000660E-1	9.910000E+37	9.910000E+40	1.000000E+0	4.791575E+0	1.139500E+0	5.460000E-3	1.000000E-2	0.000000E+0	5.000000E+1	2.000000E+0	5.000000E+1	2.000000E+0	1.000000E+0	2.320000E+2
4.982518E+0	1.503500E+2	-2.543981E+3	9.910000E+37	9.910000E+40	1.000000E+0	8.838179E+1	1.131500E+0	1.000040E-1	9.910000E+37	9.910000E+40	1.000000E+0	5.171012E+0	1.131500E+0	5.851000E-3	1.000000E-2	0.000000E+0	5.000000E+1	2.000000E+0	5.000000E+1	2.000000E+0	1.000000E+0	2.330000E+2
5.002353E+0	1.503500E+2	-2.593981E+3	9.910000E+37	9.910000E+40	1.000000E+0	8.887619E+1	1.128300E+0	1.002790E-1	9.910000E+37	9.910000E+40	1.000000E+0	4.917132E+0	1.128300E+0	5.548000E-3	1.000000E-2	0.000000E+0	5.000000E+1	2.000000E+0	5.000000E+1	2.000000E+0	1.000000E+0	2.340000E+2
5.022387E+0	1.503500E+2	-2.643981E+3	9.910000E+37	9.910000E+40	1.000000E+0	8.877835E+1	1.128800E+0	1.002130E-1	9.910000E+37	9.910000E+40	1.000000E+0	4.706768E+0	1.128800E+0	5.313000E-3	1.000000E-2	0.000000E+0	5.000000E+1	2.000000E+0	5.000000E+1	2.000000E+0	1.000000E+0	2.350000E+2
5.042172E+0	1.503500E+2	-2.693981E+3	9.910000E+37	9.910000E+40	1.000000E+0	8.837242E+1	1.134200E+0	1.002320E-1	9.910000E+37	9.910000E+40	1.000000E+0	4.932992E+0	1.134200E+0	5.595000E-3	1.000000E-2	0.000000E+0	5.000000E+1	2.000000E+0	5.000000E+1	2.000000E+0	1.000000E+0	2.360000E+2
5.062073E+0	1.503500E+2	-2.743981E+3	9.910000E+37	9.910000E+40	1.000000E+0	8.953680E+1	1.114000E+0	9.974400E-2	9.910000E+37	9.910000E+40	1.000000E+0	4.759425E+0	1.114000E+0	5.302000E-3	1.000000E-2	0.000000E+0	5.000000E+1	2.000000E+0	5.000000E+1	2.000000E+0	1.000000E+0	2.370000E+2
5.082007E+0	1.503500E+2	-2.793981E+3	9.910000E+37	9.910000E+40	1.000000E+0	8.884381E+1	1.133900E+0	1.007400E-1	9.910000E+37	9.910000E+40	1.000000E+0	5.750066E+0	1.133900E+0	6.520000E-3	1.000000E-2	0.000000E+0	5.000000E+1	2.000000E+0	5.000000E+1	2.000000E+0	1.000000E+0	2.380000E+2
5.102108E+0	1.503500E+2	-2.843981E+3	9.910000E+37	9.910000E+40	1.000000E+0	8.910073E+1	1.129800E+0	1.006660E-1	9.910000E+37	9.910000E+40	1.000000E+0	5.100903E+0	1.129800E+0	5.763000E-3	1.000000E-2	0.000000E+0	5.000000E+1	2.000000E+0	5.000000E+1	2.000000E+0	1.000000E+0	2.390000E+2
5.121876E+0	1.503500E+2	-2.893981E+3	9.910000E+37	9.910000E+40	1.000000E+0	8.786562E+1	1.137100E+0	9.991200E-2	9.910000E+37	9.910000E+40	1.000000E+0	5.193035E+0	1.137100E+0	5.905000E-3	1.000000E-2	0.000000E+0	5.000000E+1	2.000000E+0	5.000000E+1	2.000000E+0	1.000000E+0	2.400000E+2
5.141844E+0	1.503500E+2	-2.943981E+3	9.910000E+37	9.910000E+40	1.000000E+0	8.836186E+1	1.133600E+0	1.001670E-1	9.910000E+37	9.910000E+40	1.000000E+0	5.131440E+0	1.133600E+0	5.817000E-3	1.000000E-2	0.000000E+0	5.000000E+1	3.000000E+0	5.000000E+1	2.000000E+0	1.000000E+0	2.410000E+2
5.163912E+0	1.503500E+2	-2.993981E+3	-2.545280E+0	-4.998070E+1	5.092526E+1	8.797891E+1	1.138000E+0	1.001200E-1	-1.779670E-1	-4.998070E+1	3.560714E+0	4.140598E+0	1.138000E+0	4.712000E-3	1.000000E-2	0.000000E+0	5.000000E+1	3.000000E+0	5.000000E+1	2.000000E+0	1.000000E+0	2.420000E+2
5.186997E+0	1.503500E+2	-3.000000E+3	-2.545080E+0	-5.002100E+1	5.088023E+1	8.752284E+1	1.149300E+0	1.005900E-1	-1.780750E-1	-5.002100E+1	3.560005E+0	4.634125E+0	1.149300E+0	5.326000E-3	1.000000E-2	0.000000E+0	5.000000E+1	3.000000E+0	5.000000E+1	2.000000E+0	1.000000E+0	2.430000E+2
5.208515E+0	1.503500E+2	-2.950000E+3	-2.542660E+0	-4.999840E+1	5.085483E+1	8.833085E+1	1.138900E+0	1.006000E-1	-1.782830E-1	-4.999840E+1	3.565774E+0	3.459478E+0	1.138900E+0	3.940000E-3	1.000000E-2	0.000000E+0	5.000000E+1	3.000000E+0	5.000000E+1	3.000000E+0	1.000000E+0	2.440000E+2
