Tiempo (min)	T (K) 	I pulso(mA)	Vinst 1 (V)	Iinst 1 (mA)	Rinst 1(Ohm)	Rrem 1 (Ohm)	Ibias 1 (mA)	Vbias 1 (V)	Vinst 2 (V)	Iinst 2 (mA)	Rinst 2(Ohm)	Rrem 2 (Ohm)	Ibias 2 (mA)	Vbias 2 (V)	Ancho pulso (s)	Periodo (s)	Icc 1 (mA)	Vcc 1 (V)	Icc 2 (mA)	Vcc 2 (V)	2W 1?	N
1.051726E-2	1.601900E+2	-1.500000E+3	-1.499860E+0	-2.875970E+1	5.215145E+1	7.078990E+1	5.621000E-1	3.979100E-2	-9.470000E-2	-2.875970E+1	3.292802E+0	5.934887E+0	5.621000E-1	3.336000E-3	1.000000E-2	0.000000E+0	6.000000E+1	2.000000E+0	6.000000E+1	2.000000E+0	1.000000E+0	1.000000E+0
3.221852E-2	1.601900E+2	-1.450000E+3	-1.449671E+0	-2.759650E+1	5.253097E+1	7.050865E+1	5.662000E-1	3.992200E-2	-9.090200E-2	-2.759650E+1	3.293968E+0	4.655599E+0	5.662000E-1	2.636000E-3	1.000000E-2	0.000000E+0	6.000000E+1	2.000000E+0	6.000000E+1	2.000000E+0	1.000000E+0	2.000000E+0
5.466980E-2	1.601900E+2	-1.400000E+3	-1.399596E+0	-2.647550E+1	5.286382E+1	7.243982E+1	5.525000E-1	4.002300E-2	-8.750000E-2	-2.647550E+1	3.304942E+0	5.216290E+0	5.525000E-1	2.882000E-3	1.000000E-2	0.000000E+0	6.000000E+1	2.000000E+0	6.000000E+1	2.000000E+0	1.000000E+0	3.000000E+0
7.632103E-2	1.601900E+2	-1.350000E+3	-1.350339E+0	-2.537070E+1	5.322435E+1	7.207466E+1	5.572000E-1	4.016000E-2	-8.312100E-2	-2.537070E+1	3.276260E+0	5.141780E+0	5.572000E-1	2.865000E-3	1.000000E-2	0.000000E+0	6.000000E+1	2.000000E+0	6.000000E+1	2.000000E+0	1.000000E+0	4.000000E+0
9.805561E-2	1.601900E+2	-1.300000E+3	-1.299800E+0	-2.424680E+1	5.360707E+1	7.235488E+1	5.461000E-1	3.951300E-2	-7.947000E-2	-2.424680E+1	3.277546E+0	6.185680E+0	5.461000E-1	3.378000E-3	1.000000E-2	0.000000E+0	6.000000E+1	2.000000E+0	6.000000E+1	2.000000E+0	1.000000E+0	5.000000E+0
1.197902E-1	1.601900E+2	-1.250000E+3	-1.250248E+0	-2.312360E+1	5.406805E+1	7.156457E+1	5.599000E-1	4.006900E-2	-7.573100E-2	-2.312360E+1	3.275052E+0	5.199143E+0	5.599000E-1	2.911000E-3	1.000000E-2	0.000000E+0	6.000000E+1	2.000000E+0	6.000000E+1	2.000000E+0	1.000000E+0	6.000000E+0
1.422581E-1	1.601900E+2	-1.200000E+3	-1.200036E+0	-2.202230E+1	5.449186E+1	7.283276E+1	5.507000E-1	4.010900E-2	-7.256300E-2	-2.202230E+1	3.294978E+0	5.278736E+0	5.507000E-1	2.907000E-3	1.000000E-2	0.000000E+0	6.000000E+1	2.000000E+0	6.000000E+1	2.000000E+0	1.000000E+0	7.000000E+0
1.639594E-1	1.601900E+2	-1.150000E+3	-1.150196E+0	-2.095650E+1	5.488493E+1	7.211652E+1	5.613000E-1	4.047900E-2	-6.835500E-2	-2.095650E+1	3.261756E+0	4.596472E+0	5.613000E-1	2.580000E-3	1.000000E-2	0.000000E+0	6.000000E+1	2.000000E+0	6.000000E+1	2.000000E+0	1.000000E+0	8.000000E+0
1.859273E-1	1.601900E+2	-1.100000E+3	-1.100373E+0	-1.987270E+1	5.537109E+1	7.050790E+1	5.631000E-1	3.970300E-2	-6.476800E-2	-1.987270E+1	3.259144E+0	4.604866E+0	5.631000E-1	2.593000E-3	1.000000E-2	0.000000E+0	6.000000E+1	2.000000E+0	6.000000E+1	2.000000E+0	1.000000E+0	9.000000E+0
2.075785E-1	1.601900E+2	-1.050000E+3	-1.050000E+0	-1.880720E+1	5.582968E+1	7.250820E+1	5.486000E-1	3.977800E-2	-6.144300E-2	-1.880720E+1	3.266993E+0	4.987240E+0	5.486000E-1	2.736000E-3	1.000000E-2	0.000000E+0	6.000000E+1	2.000000E+0	6.000000E+1	2.000000E+0	1.000000E+0	1.000000E+1
2.300465E-1	1.601900E+2	-1.000000E+3	-1.000142E+0	-1.775350E+1	5.633492E+1	7.332108E+1	5.441000E-1	3.989400E-2	-5.807200E-2	-1.775350E+1	3.271017E+0	5.184709E+0	5.441000E-1	2.821000E-3	1.000000E-2	0.000000E+0	6.000000E+1	2.000000E+0	6.000000E+1	2.000000E+0	1.000000E+0	1.100000E+1
2.517811E-1	1.601900E+2	-9.500000E+2	-9.494070E-1	-1.673190E+1	5.674233E+1	7.064168E+1	5.657000E-1	3.996200E-2	-5.470700E-2	-1.673190E+1	3.269623E+0	4.953155E+0	5.657000E-1	2.802000E-3	1.000000E-2	0.000000E+0	6.000000E+1	2.000000E+0	6.000000E+1	2.000000E+0	1.000000E+0	1.200000E+1
2.737990E-1	1.601900E+2	-9.000000E+2	-8.997880E-1	-1.568470E+1	5.736724E+1	7.080093E+1	5.581000E-1	3.951400E-2	-5.052900E-2	-1.568470E+1	3.221547E+0	5.267873E+0	5.581000E-1	2.940000E-3	1.000000E-2	0.000000E+0	6.000000E+1	2.000000E+0	6.000000E+1	2.000000E+0	1.000000E+0	1.300000E+1
2.954836E-1	1.601900E+2	-8.500000E+2	-8.496860E-1	-1.467990E+1	5.788091E+1	7.178138E+1	5.608000E-1	4.025500E-2	-4.749700E-2	-1.467990E+1	3.235513E+0	5.162268E+0	5.608000E-1	2.895000E-3	1.000000E-2	0.000000E+0	6.000000E+1	2.000000E+0	6.000000E+1	2.000000E+0	1.000000E+0	1.400000E+1
3.171681E-1	1.601900E+2	-8.000000E+2	-7.996380E-1	-1.367580E+1	5.847102E+1	7.142014E+1	5.591000E-1	3.993100E-2	-4.447700E-2	-1.367580E+1	3.252241E+0	5.133250E+0	5.591000E-1	2.870000E-3	1.000000E-2	0.000000E+0	6.000000E+1	2.000000E+0	6.000000E+1	2.000000E+0	1.000000E+0	1.500000E+1
3.388360E-1	1.601900E+2	-7.500000E+2	-7.503780E-1	-1.271950E+1	5.899430E+1	7.161076E+1	5.575000E-1	3.992300E-2	-4.108400E-2	-1.271950E+1	3.230001E+0	4.661883E+0	5.575000E-1	2.599000E-3	1.000000E-2	0.000000E+0	6.000000E+1	2.000000E+0	6.000000E+1	2.000000E+0	1.000000E+0	1.600000E+1
3.605873E-1	1.601900E+2	-7.000000E+2	-6.997030E-1	-1.174700E+1	5.956440E+1	7.206193E+1	5.587000E-1	4.026100E-2	-3.787300E-2	-1.174700E+1	3.224057E+0	4.956148E+0	5.587000E-1	2.769000E-3	1.000000E-2	0.000000E+0	6.000000E+1	2.000000E+0	6.000000E+1	2.000000E+0	1.000000E+0	1.700000E+1
3.822885E-1	1.601900E+2	-6.500000E+2	-6.494300E-1	-1.076650E+1	6.031951E+1	7.242359E+1	5.595000E-1	4.052100E-2	-3.427500E-2	-1.076650E+1	3.183486E+0	4.303843E+0	5.595000E-1	2.408000E-3	1.000000E-2	0.000000E+0	6.000000E+1	2.000000E+0	6.000000E+1	2.000000E+0	1.000000E+0	1.800000E+1
4.047731E-1	1.601900E+2	-6.000000E+2	-5.993990E-1	-9.817600E+0	6.105352E+1	7.148702E+1	5.548000E-1	3.966100E-2	-3.190800E-2	-9.817600E+0	3.250081E+0	4.571017E+0	5.548000E-1	2.536000E-3	1.000000E-2	0.000000E+0	6.000000E+1	2.000000E+0	6.000000E+1	2.000000E+0	1.000000E+0	1.900000E+1
4.265577E-1	1.601900E+2	-5.500000E+2	-5.503090E-1	-8.921500E+0	6.168346E+1	7.226500E+1	5.532000E-1	3.997700E-2	-2.875900E-2	-8.921500E+0	3.223561E+0	5.742950E+0	5.532000E-1	3.177000E-3	1.000000E-2	0.000000E+0	6.000000E+1	2.000000E+0	6.000000E+1	2.000000E+0	1.000000E+0	2.000000E+1
4.490924E-1	1.601900E+2	-5.000000E+2	-5.001340E-1	-7.999200E+0	6.252300E+1	7.038630E+1	5.695000E-1	4.008500E-2	-2.547200E-2	-7.999200E+0	3.184318E+0	4.245830E+0	5.695000E-1	2.418000E-3	1.000000E-2	0.000000E+0	6.000000E+1	2.000000E+0	6.000000E+1	2.000000E+0	1.000000E+0	2.100000E+1
4.709269E-1	1.601900E+2	-4.500000E+2	-4.500670E-1	-7.114400E+0	6.326141E+1	7.214995E+1	5.535000E-1	3.993500E-2	-2.212500E-2	-7.114400E+0	3.109890E+0	5.295393E+0	5.535000E-1	2.931000E-3	1.000000E-2	0.000000E+0	6.000000E+1	2.000000E+0	6.000000E+1	2.000000E+0	1.000000E+0	2.200000E+1
4.929615E-1	1.601900E+2	-4.000000E+2	-3.996610E-1	-6.240100E+0	6.404721E+1	7.077723E+1	5.674000E-1	4.015900E-2	-2.018100E-2	-6.240100E+0	3.234083E+0	5.437081E+0	5.674000E-1	3.085000E-3	1.000000E-2	0.000000E+0	6.000000E+1	2.000000E+0	6.000000E+1	2.000000E+0	1.000000E+0	2.300000E+1
5.146294E-1	1.601900E+2	-3.500000E+2	-3.499950E-1	-5.395100E+0	6.487275E+1	7.133623E+1	5.523000E-1	3.939900E-2	-1.639300E-2	-5.395100E+0	3.038498E+0	4.705776E+0	5.523000E-1	2.599000E-3	1.000000E-2	0.000000E+0	6.000000E+1	2.000000E+0	6.000000E+1	2.000000E+0	1.000000E+0	2.400000E+1
5.371474E-1	1.601900E+2	-3.000000E+2	-3.002010E-1	-4.571400E+0	6.566938E+1	7.297957E+1	5.531000E-1	4.036500E-2	-1.380200E-2	-4.571400E+0	3.019206E+0	5.512566E+0	5.531000E-1	3.049000E-3	1.000000E-2	0.000000E+0	6.000000E+1	2.000000E+0	6.000000E+1	2.000000E+0	1.000000E+0	2.500000E+1
5.587986E-1	1.601900E+2	-2.500000E+2	-2.498630E-1	-3.744400E+0	6.672978E+1	7.255415E+1	5.540000E-1	4.019500E-2	-1.129500E-2	-3.744400E+0	3.016505E+0	4.203971E+0	5.540000E-1	2.329000E-3	1.000000E-2	0.000000E+0	6.000000E+1	2.000000E+0	6.000000E+1	2.000000E+0	1.000000E+0	2.600000E+1
5.808499E-1	1.601900E+2	-2.000000E+2	-2.002580E-1	-2.969100E+0	6.744737E+1	7.191778E+1	5.522000E-1	3.971300E-2	-8.599000E-3	-2.969100E+0	2.896164E+0	5.432814E+0	5.522000E-1	3.000000E-3	1.000000E-2	0.000000E+0	6.000000E+1	2.000000E+0	6.000000E+1	2.000000E+0	1.000000E+0	2.700000E+1
6.025511E-1	1.601900E+2	-1.500000E+2	-1.499080E-1	-2.196700E+0	6.824236E+1	7.278460E+1	5.455000E-1	3.970400E-2	-6.256000E-3	-2.196700E+0	2.847908E+0	5.417049E+0	5.455000E-1	2.955000E-3	1.000000E-2	0.000000E+0	6.000000E+1	2.000000E+0	6.000000E+1	2.000000E+0	1.000000E+0	2.800000E+1
6.251024E-1	1.601900E+2	-1.009804E+2	-1.008100E-1	-1.457500E+0	6.916638E+1	7.133441E+1	5.583000E-1	3.982600E-2	-3.614000E-3	-1.457500E+0	2.479588E+0	4.762672E+0	5.583000E-1	2.659000E-3	1.000000E-2	0.000000E+0	6.000000E+1	2.000000E+0	6.000000E+1	2.000000E+0	1.000000E+0	2.900000E+1
6.468203E-1	1.601900E+2	-5.198019E+1	-5.223800E-2	-7.650000E-1	6.828497E+1	7.234893E+1	5.428000E-1	3.927100E-2	-1.927000E-3	-7.650000E-1	2.518954E+0	5.821665E+0	5.428000E-1	3.160000E-3	1.000000E-2	0.000000E+0	6.000000E+1	2.000000E+0	6.000000E+1	2.000000E+0	1.000000E+0	3.000000E+1
6.688549E-1	1.601900E+2	-2.979997E+0	-2.462000E-3	-4.940000E-2	4.983806E+1	7.171289E+1	5.517000E-1	3.956400E-2	8.220000E-4	-4.940000E-2	-1.663968E+1	5.448613E+0	5.517000E-1	3.006000E-3	1.000000E-2	0.000000E+0	6.000000E+1	2.000000E+0	6.000000E+1	2.000000E+0	1.000000E+0	3.100000E+1
6.905395E-1	1.601900E+2	4.900020E+1	4.900000E-2	6.832000E-1	7.172131E+1	7.244528E+1	5.574000E-1	4.038100E-2	2.995000E-3	6.832000E-1	4.383782E+0	4.730893E+0	5.574000E-1	2.637000E-3	1.000000E-2	0.000000E+0	6.000000E+1	2.000000E+0	6.000000E+1	2.000000E+0	1.000000E+0	3.200000E+1
7.130408E-1	1.601900E+2	9.800039E+1	9.838900E-2	1.404600E+0	7.004770E+1	7.168229E+1	5.546000E-1	3.975500E-2	5.348000E-3	1.404600E+0	3.807490E+0	4.954922E+0	5.546000E-1	2.748000E-3	1.000000E-2	0.000000E+0	6.000000E+1	2.000000E+0	6.000000E+1	2.000000E+0	1.000000E+0	3.300000E+1
7.347254E-1	1.601900E+2	1.470006E+2	1.460680E-1	2.106600E+0	6.933827E+1	7.153045E+1	5.665000E-1	4.052200E-2	7.996000E-3	2.106600E+0	3.795690E+0	5.495146E+0	5.665000E-1	3.113000E-3	1.000000E-2	0.000000E+0	6.000000E+1	2.000000E+0	6.000000E+1	2.000000E+0	1.000000E+0	3.400000E+1
7.572433E-1	1.601900E+2	1.969808E+2	1.974050E-1	2.881500E+0	6.850772E+1	7.307860E+1	5.509000E-1	4.025900E-2	1.047600E-2	2.881500E+0	3.635606E+0	6.371392E+0	5.509000E-1	3.510000E-3	1.000000E-2	0.000000E+0	6.000000E+1	2.000000E+0	6.000000E+1	2.000000E+0	1.000000E+0	3.500000E+1
7.789446E-1	1.601900E+2	2.469808E+2	2.480930E-1	3.679100E+0	6.743307E+1	7.151515E+1	5.544000E-1	3.964800E-2	1.324600E-2	3.679100E+0	3.600337E+0	4.590548E+0	5.544000E-1	2.545000E-3	1.000000E-2	0.000000E+0	6.000000E+1	2.000000E+0	6.000000E+1	2.000000E+0	1.000000E+0	3.600000E+1
8.015792E-1	1.601900E+2	2.969808E+2	2.965320E-1	4.454600E+0	6.656759E+1	7.285793E+1	5.469000E-1	3.984600E-2	1.621200E-2	4.454600E+0	3.639384E+0	4.781496E+0	5.469000E-1	2.615000E-3	1.000000E-2	0.000000E+0	6.000000E+1	2.000000E+0	6.000000E+1	2.000000E+0	1.000000E+0	3.700000E+1
8.233971E-1	1.601900E+2	3.469808E+2	3.472740E-1	5.312100E+0	6.537415E+1	7.357051E+1	5.425000E-1	3.991200E-2	1.802400E-2	5.312100E+0	3.393008E+0	4.995392E+0	5.425000E-1	2.710000E-3	1.000000E-2	0.000000E+0	6.000000E+1	2.000000E+0	6.000000E+1	2.000000E+0	1.000000E+0	3.800000E+1
8.460484E-1	1.601900E+2	3.969808E+2	3.967460E-1	6.151700E+0	6.449372E+1	7.126652E+1	5.598000E-1	3.989500E-2	2.096200E-2	6.151700E+0	3.407513E+0	5.078599E+0	5.598000E-1	2.843000E-3	1.000000E-2	0.000000E+0	6.000000E+1	2.000000E+0	6.000000E+1	2.000000E+0	1.000000E+0	3.900000E+1
8.678830E-1	1.601900E+2	4.469808E+2	4.466450E-1	7.008600E+0	6.372813E+1	7.253099E+1	5.567000E-1	4.037800E-2	2.409100E-2	7.008600E+0	3.437348E+0	5.994252E+0	5.567000E-1	3.337000E-3	1.000000E-2	0.000000E+0	6.000000E+1	2.000000E+0	6.000000E+1	2.000000E+0	1.000000E+0	4.000000E+1
8.904509E-1	1.601900E+2	4.969808E+2	4.973170E-1	7.905500E+0	6.290772E+1	7.232401E+1	5.469000E-1	3.955400E-2	2.752200E-2	7.905500E+0	3.481374E+0	5.167307E+0	5.469000E-1	2.826000E-3	1.000000E-2	0.000000E+0	6.000000E+1	2.000000E+0	6.000000E+1	2.000000E+0	1.000000E+0	4.100000E+1
9.122522E-1	1.601900E+2	5.469808E+2	5.471330E-1	8.790300E+0	6.224281E+1	7.116103E+1	5.676000E-1	4.039100E-2	3.057300E-2	8.790300E+0	3.478038E+0	4.226568E+0	5.676000E-1	2.399000E-3	1.000000E-2	0.000000E+0	6.000000E+1	2.000000E+0	6.000000E+1	2.000000E+0	1.000000E+0	4.200000E+1
9.348868E-1	1.601900E+2	5.969808E+2	5.968130E-1	9.723800E+0	6.137652E+1	7.192328E+1	5.631000E-1	4.050000E-2	3.298500E-2	9.723800E+0	3.392192E+0	4.320725E+0	5.631000E-1	2.433000E-3	1.000000E-2	0.000000E+0	6.000000E+1	2.000000E+0	6.000000E+1	2.000000E+0	1.000000E+0	4.300000E+1
9.567381E-1	1.601900E+2	6.469808E+2	6.473560E-1	1.068860E+1	6.056509E+1	7.217635E+1	5.523000E-1	3.986300E-2	3.645600E-2	1.068860E+1	3.410737E+0	4.345464E+0	5.523000E-1	2.400000E-3	1.000000E-2	0.000000E+0	6.000000E+1	2.000000E+0	6.000000E+1	2.000000E+0	1.000000E+0	4.400000E+1
9.789060E-1	1.601900E+2	6.969808E+2	6.964060E-1	1.160670E+1	6.000034E+1	7.232562E+1	5.534000E-1	4.002500E-2	3.981900E-2	1.160670E+1	3.430691E+0	5.193350E+0	5.534000E-1	2.874000E-3	1.000000E-2	0.000000E+0	6.000000E+1	2.000000E+0	6.000000E+1	2.000000E+0	1.000000E+0	4.500000E+1
1.000741E+0	1.601900E+2	7.469808E+2	7.473310E-1	1.261670E+1	5.923348E+1	7.257713E+1	5.510000E-1	3.999000E-2	4.208000E-2	1.261670E+1	3.335262E+0	5.039927E+0	5.510000E-1	2.777000E-3	1.000000E-2	0.000000E+0	6.000000E+1	2.000000E+0	6.000000E+1	2.000000E+0	1.000000E+0	4.600000E+1
1.023209E+0	1.601900E+2	7.969808E+2	7.966850E-1	1.356060E+1	5.874998E+1	7.217834E+1	5.495000E-1	3.966200E-2	4.608800E-2	1.356060E+1	3.398670E+0	5.226570E+0	5.495000E-1	2.872000E-3	1.000000E-2	0.000000E+0	6.000000E+1	2.000000E+0	6.000000E+1	2.000000E+0	1.000000E+0	4.700000E+1
1.044876E+0	1.601900E+2	8.469808E+2	8.462670E-1	1.454150E+1	5.819668E+1	7.319013E+1	5.470000E-1	4.003500E-2	4.910700E-2	1.454150E+1	3.377024E+0	4.608775E+0	5.470000E-1	2.521000E-3	1.000000E-2	0.000000E+0	6.000000E+1	2.000000E+0	6.000000E+1	2.000000E+0	1.000000E+0	4.800000E+1
1.066894E+0	1.601900E+2	8.969808E+2	8.969420E-1	1.556480E+1	5.762631E+1	7.236775E+1	5.520000E-1	3.994700E-2	5.255200E-2	1.556480E+1	3.376336E+0	5.068841E+0	5.520000E-1	2.798000E-3	1.000000E-2	0.000000E+0	6.000000E+1	2.000000E+0	6.000000E+1	2.000000E+0	1.000000E+0	4.900000E+1
1.088579E+0	1.601900E+2	9.469808E+2	9.471990E-1	1.658020E+1	5.712832E+1	7.076023E+1	5.643000E-1	3.993000E-2	5.628900E-2	1.658020E+1	3.394953E+0	5.307461E+0	5.643000E-1	2.995000E-3	1.000000E-2	0.000000E+0	6.000000E+1	2.000000E+0	6.000000E+1	2.000000E+0	1.000000E+0	5.000000E+1
1.110564E+0	1.601900E+2	9.969808E+2	9.975820E-1	1.761770E+1	5.662385E+1	7.212635E+1	5.540000E-1	3.995800E-2	5.929500E-2	1.761770E+1	3.365649E+0	5.841155E+0	5.540000E-1	3.236000E-3	1.000000E-2	0.000000E+0	6.000000E+1	2.000000E+0	6.000000E+1	2.000000E+0	1.000000E+0	5.100000E+1
1.132348E+0	1.601900E+2	1.046981E+3	1.047023E+0	1.866380E+1	5.609913E+1	7.182927E+1	5.576000E-1	4.005200E-2	6.235200E-2	1.866380E+1	3.340799E+0	5.434003E+0	5.576000E-1	3.030000E-3	1.000000E-2	0.000000E+0	6.000000E+1	2.000000E+0	6.000000E+1	2.000000E+0	1.000000E+0	5.200000E+1
1.154899E+0	1.601900E+2	1.096981E+3	1.097373E+0	1.972800E+1	5.562515E+1	7.249054E+1	5.549000E-1	4.022500E-2	6.642700E-2	1.972800E+1	3.367143E+0	5.199135E+0	5.549000E-1	2.885000E-3	1.000000E-2	0.000000E+0	6.000000E+1	2.000000E+0	6.000000E+1	2.000000E+0	1.000000E+0	5.300000E+1
1.176551E+0	1.601900E+2	1.146981E+3	1.146393E+0	2.080940E+1	5.509015E+1	7.215993E+1	5.565000E-1	4.015700E-2	7.040300E-2	2.080940E+1	3.383231E+0	6.167116E+0	5.565000E-1	3.432000E-3	1.000000E-2	0.000000E+0	6.000000E+1	2.000000E+0	6.000000E+1	2.000000E+0	1.000000E+0	5.400000E+1
1.198185E+0	1.601900E+2	1.196981E+3	1.196509E+0	2.187840E+1	5.468905E+1	7.222202E+1	5.531000E-1	3.994600E-2	7.399400E-2	2.187840E+1	3.382057E+0	4.997288E+0	5.531000E-1	2.764000E-3	1.000000E-2	0.000000E+0	6.000000E+1	2.000000E+0	6.000000E+1	2.000000E+0	1.000000E+0	5.500000E+1
1.219853E+0	1.601900E+2	1.246981E+3	1.247243E+0	2.297820E+1	5.427940E+1	7.245564E+1	5.579000E-1	4.042300E-2	7.728200E-2	2.297820E+1	3.363275E+0	6.038717E+0	5.579000E-1	3.369000E-3	1.000000E-2	0.000000E+0	6.000000E+1	2.000000E+0	6.000000E+1	2.000000E+0	1.000000E+0	5.600000E+1
1.242354E+0	1.601900E+2	1.296981E+3	1.296418E+0	2.408830E+1	5.381941E+1	7.156217E+1	5.614000E-1	4.017500E-2	8.109900E-2	2.408830E+1	3.366738E+0	5.283221E+0	5.614000E-1	2.966000E-3	1.000000E-2	0.000000E+0	6.000000E+1	2.000000E+0	6.000000E+1	2.000000E+0	1.000000E+0	5.700000E+1
1.264039E+0	1.601900E+2	1.346981E+3	1.346669E+0	2.519710E+1	5.344540E+1	7.127458E+1	5.594000E-1	3.987100E-2	8.497000E-2	2.519710E+1	3.372213E+0	3.219521E+0	5.594000E-1	1.801000E-3	1.000000E-2	0.000000E+0	6.000000E+1	2.000000E+0	6.000000E+1	2.000000E+0	1.000000E+0	5.800000E+1
1.286524E+0	1.601900E+2	1.396981E+3	1.396947E+0	2.631480E+1	5.308598E+1	7.214633E+1	5.549000E-1	4.003400E-2	8.879000E-2	2.631480E+1	3.374147E+0	5.359524E+0	5.549000E-1	2.974000E-3	1.000000E-2	0.000000E+0	6.000000E+1	2.000000E+0	6.000000E+1	2.000000E+0	1.000000E+0	5.900000E+1
1.308208E+0	1.601900E+2	1.446981E+3	1.446679E+0	2.747100E+1	5.266204E+1	7.164249E+1	5.583000E-1	3.999800E-2	9.249000E-2	2.747100E+1	3.366823E+0	4.587140E+0	5.583000E-1	2.561000E-3	1.000000E-2	0.000000E+0	6.000000E+1	2.000000E+0	6.000000E+1	2.000000E+0	1.000000E+0	6.000000E+1
1.330759E+0	1.601900E+2	1.496981E+3	1.497504E+0	2.862000E+1	5.232369E+1	7.118501E+1	5.578000E-1	3.970700E-2	9.625000E-2	2.862000E+1	3.363033E+0	5.989602E+0	5.578000E-1	3.341000E-3	1.000000E-2	0.000000E+0	6.000000E+1	2.000000E+0	6.000000E+1	2.000000E+0	1.000000E+0	6.100000E+1
1.352444E+0	1.601900E+2	1.500000E+3	1.499922E+0	2.870050E+1	5.226118E+1	7.067505E+1	5.644000E-1	3.988900E-2	9.596400E-2	2.870050E+1	3.343635E+0	5.407512E+0	5.644000E-1	3.052000E-3	1.000000E-2	0.000000E+0	6.000000E+1	2.000000E+0	6.000000E+1	2.000000E+0	1.000000E+0	6.200000E+1
1.374995E+0	1.601900E+2	1.450000E+3	1.449477E+0	2.754370E+1	5.262463E+1	7.237428E+1	5.568000E-1	4.029800E-2	9.276600E-2	2.754370E+1	3.367957E+0	4.137931E+0	5.568000E-1	2.304000E-3	1.000000E-2	0.000000E+0	6.000000E+1	2.000000E+0	6.000000E+1	2.000000E+0	1.000000E+0	6.300000E+1
1.396663E+0	1.601900E+2	1.400000E+3	1.399559E+0	2.638420E+1	5.304535E+1	7.285508E+1	5.534000E-1	4.031800E-2	8.920900E-2	2.638420E+1	3.381152E+0	5.977593E+0	5.534000E-1	3.308000E-3	1.000000E-2	0.000000E+0	6.000000E+1	2.000000E+0	6.000000E+1	2.000000E+0	1.000000E+0	6.400000E+1
1.419181E+0	1.601900E+2	1.350000E+3	1.350000E+0	2.527160E+1	5.341965E+1	7.099699E+1	5.647000E-1	4.009200E-2	8.509800E-2	2.527160E+1	3.367337E+0	4.113689E+0	5.647000E-1	2.323000E-3	1.000000E-2	0.000000E+0	6.000000E+1	2.000000E+0	6.000000E+1	2.000000E+0	1.000000E+0	6.500000E+1
1.440999E+0	1.601900E+2	1.300000E+3	1.299114E+0	2.413510E+1	5.382675E+1	7.200901E+1	5.550000E-1	3.996500E-2	8.172000E-2	2.413510E+1	3.385940E+0	5.302703E+0	5.550000E-1	2.943000E-3	1.000000E-2	0.000000E+0	6.000000E+1	2.000000E+0	6.000000E+1	2.000000E+0	1.000000E+0	6.600000E+1
1.462800E+0	1.601900E+2	1.250000E+3	1.250407E+0	2.306070E+1	5.422242E+1	7.142066E+1	5.596000E-1	3.996700E-2	7.683600E-2	2.306070E+1	3.331902E+0	5.226948E+0	5.596000E-1	2.925000E-3	1.000000E-2	0.000000E+0	6.000000E+1	2.000000E+0	6.000000E+1	2.000000E+0	1.000000E+0	6.700000E+1
1.484485E+0	1.601900E+2	1.200000E+3	1.200120E+0	2.196590E+1	5.463559E+1	7.132524E+1	5.599000E-1	3.993500E-2	7.365800E-2	2.196590E+1	3.353289E+0	5.483122E+0	5.599000E-1	3.070000E-3	1.000000E-2	0.000000E+0	6.000000E+1	2.000000E+0	6.000000E+1	2.000000E+0	1.000000E+0	6.800000E+1
1.506236E+0	1.601900E+2	1.150000E+3	1.149542E+0	2.087280E+1	5.507368E+1	7.119269E+1	5.584000E-1	3.975400E-2	7.010300E-2	2.087280E+1	3.358582E+0	5.553367E+0	5.584000E-1	3.101000E-3	1.000000E-2	0.000000E+0	6.000000E+1	2.000000E+0	6.000000E+1	2.000000E+0	1.000000E+0	6.900000E+1
1.528187E+0	1.601900E+2	1.100000E+3	1.100167E+0	1.980000E+1	5.556399E+1	7.107891E+1	5.728000E-1	4.071400E-2	6.678300E-2	1.980000E+1	3.372879E+0	4.729399E+0	5.728000E-1	2.709000E-3	1.000000E-2	0.000000E+0	6.000000E+1	2.000000E+0	6.000000E+1	2.000000E+0	1.000000E+0	7.000000E+1
1.549605E+0	1.601900E+2	1.050000E+3	1.049572E+0	1.873870E+1	5.601093E+1	7.174402E+1	5.602000E-1	4.019100E-2	6.220500E-2	1.873870E+1	3.319601E+0	5.319529E+0	5.602000E-1	2.980000E-3	1.000000E-2	0.000000E+0	6.000000E+1	2.000000E+0	6.000000E+1	2.000000E+0	1.000000E+0	7.100000E+1
1.571373E+0	1.601900E+2	1.000000E+3	1.000034E+0	1.767290E+1	5.658573E+1	7.255831E+1	5.488000E-1	3.982000E-2	6.000700E-2	1.767290E+1	3.395425E+0	5.548469E+0	5.488000E-1	3.045000E-3	1.000000E-2	0.000000E+0	6.000000E+1	2.000000E+0	6.000000E+1	2.000000E+0	1.000000E+0	7.200000E+1
1.593058E+0	1.601900E+2	9.500000E+2	9.502850E-1	1.666400E+1	5.702622E+1	7.206784E+1	5.513000E-1	3.973100E-2	5.650000E-2	1.666400E+1	3.390542E+0	5.222202E+0	5.513000E-1	2.879000E-3	1.000000E-2	0.000000E+0	6.000000E+1	2.000000E+0	6.000000E+1	2.000000E+0	1.000000E+0	7.300000E+1
1.614809E+0	1.601900E+2	9.000000E+2	8.997430E-1	1.563570E+1	5.754415E+1	7.147641E+1	5.554000E-1	3.969800E-2	5.326800E-2	1.563570E+1	3.406819E+0	4.942384E+0	5.554000E-1	2.745000E-3	1.000000E-2	0.000000E+0	6.000000E+1	2.000000E+0	6.000000E+1	2.000000E+0	1.000000E+0	7.400000E+1
1.636760E+0	1.601900E+2	8.500000E+2	8.494630E-1	1.461240E+1	5.813302E+1	7.318833E+1	5.448000E-1	3.987300E-2	4.992700E-2	1.461240E+1	3.416756E+0	4.777900E+0	5.448000E-1	2.603000E-3	1.000000E-2	0.000000E+0	6.000000E+1	2.000000E+0	6.000000E+1	2.000000E+0	1.000000E+0	7.500000E+1
1.658278E+0	1.601900E+2	8.000000E+2	7.999750E-1	1.363510E+1	5.867027E+1	7.126615E+1	5.497000E-1	3.917500E-2	4.654100E-2	1.363510E+1	3.413323E+0	5.031836E+0	5.497000E-1	2.766000E-3	1.000000E-2	0.000000E+0	6.000000E+1	2.000000E+0	6.000000E+1	2.000000E+0	1.000000E+0	7.600000E+1
1.680013E+0	1.601900E+2	7.500000E+2	7.497540E-1	1.263710E+1	5.932959E+1	7.222945E+1	5.535000E-1	3.997900E-2	4.273000E-2	1.263710E+1	3.381314E+0	4.429991E+0	5.535000E-1	2.452000E-3	1.000000E-2	0.000000E+0	6.000000E+1	2.000000E+0	6.000000E+1	2.000000E+0	1.000000E+0	7.700000E+1
1.702631E+0	1.601900E+2	7.000000E+2	7.003730E-1	1.169250E+1	5.989934E+1	7.218326E+1	5.533000E-1	3.993900E-2	3.896500E-2	1.169250E+1	3.332478E+0	5.178023E+0	5.533000E-1	2.865000E-3	1.000000E-2	0.000000E+0	6.000000E+1	2.000000E+0	6.000000E+1	2.000000E+0	1.000000E+0	7.800000E+1
1.724515E+0	1.601900E+2	6.500000E+2	6.506530E-1	1.072600E+1	6.066129E+1	7.181835E+1	5.560000E-1	3.993100E-2	3.631300E-2	1.072600E+1	3.385512E+0	4.816547E+0	5.560000E-1	2.678000E-3	1.000000E-2	0.000000E+0	6.000000E+1	2.000000E+0	6.000000E+1	2.000000E+0	1.000000E+0	7.900000E+1
1.746367E+0	1.601900E+2	6.000000E+2	6.003630E-1	9.791000E+0	6.131784E+1	7.241542E+1	5.527000E-1	4.002400E-2	3.321600E-2	9.791000E+0	3.392503E+0	4.327845E+0	5.527000E-1	2.392000E-3	1.000000E-2	0.000000E+0	6.000000E+1	2.000000E+0	6.000000E+1	2.000000E+0	1.000000E+0	8.000000E+1
1.768118E+0	1.601900E+2	5.500000E+2	5.494680E-1	8.851300E+0	6.207766E+1	7.220154E+1	5.587000E-1	4.033900E-2	3.020300E-2	8.851300E+0	3.412267E+0	4.991946E+0	5.587000E-1	2.789000E-3	1.000000E-2	0.000000E+0	6.000000E+1	2.000000E+0	6.000000E+1	2.000000E+0	1.000000E+0	8.100000E+1
1.789852E+0	1.601900E+2	5.000000E+2	5.001760E-1	7.966800E+0	6.278255E+1	7.090475E+1	5.659000E-1	4.012500E-2	2.721600E-2	7.966800E+0	3.416177E+0	5.432055E+0	5.659000E-1	3.074000E-3	1.000000E-2	0.000000E+0	6.000000E+1	2.000000E+0	6.000000E+1	2.000000E+0	1.000000E+0	8.200000E+1
1.812570E+0	1.601900E+2	4.500000E+2	4.502620E-1	7.070200E+0	6.368448E+1	7.290996E+1	5.409000E-1	3.943700E-2	2.444600E-2	7.070200E+0	3.457611E+0	5.714550E+0	5.409000E-1	3.091000E-3	1.000000E-2	0.000000E+0	6.000000E+1	2.000000E+0	6.000000E+1	2.000000E+0	1.000000E+0	8.300000E+1
1.833988E+0	1.601900E+2	4.000000E+2	4.006500E-1	6.209300E+0	6.452418E+1	7.235975E+1	5.526000E-1	3.998600E-2	2.111900E-2	6.209300E+0	3.401189E+0	5.622512E+0	5.526000E-1	3.107000E-3	1.000000E-2	0.000000E+0	6.000000E+1	2.000000E+0	6.000000E+1	2.000000E+0	1.000000E+0	8.400000E+1
1.855789E+0	1.601900E+2	3.500000E+2	3.502190E-1	5.339600E+0	6.558900E+1	7.280980E+1	5.552000E-1	4.042400E-2	1.821900E-2	5.339600E+0	3.412053E+0	5.392651E+0	5.552000E-1	2.994000E-3	1.000000E-2	0.000000E+0	6.000000E+1	2.000000E+0	6.000000E+1	2.000000E+0	1.000000E+0	8.500000E+1
1.877474E+0	1.601900E+2	3.000000E+2	3.001360E-1	4.508700E+0	6.656819E+1	7.102468E+1	5.631000E-1	3.999400E-2	1.545900E-2	4.508700E+0	3.428705E+0	5.286805E+0	5.631000E-1	2.977000E-3	1.000000E-2	0.000000E+0	6.000000E+1	2.000000E+0	6.000000E+1	2.000000E+0	1.000000E+0	8.600000E+1
1.901242E+0	1.601900E+2	2.500000E+2	2.500520E-1	3.701500E+0	6.755423E+1	7.070801E+1	5.692000E-1	4.024700E-2	1.344400E-2	3.701500E+0	3.632041E+0	5.008784E+0	5.692000E-1	2.851000E-3	1.000000E-2	0.000000E+0	6.000000E+1	2.000000E+0	6.000000E+1	2.000000E+0	1.000000E+0	8.700000E+1
1.922760E+0	1.601900E+2	2.000000E+2	1.996870E-1	2.917500E+0	6.844456E+1	7.314363E+1	5.535000E-1	4.048500E-2	9.852000E-3	2.917500E+0	3.376864E+0	5.770551E+0	5.535000E-1	3.194000E-3	1.000000E-2	0.000000E+0	6.000000E+1	2.000000E+0	6.000000E+1	2.000000E+0	1.000000E+0	8.800000E+1
1.944628E+0	1.601900E+2	1.500000E+2	1.501170E-1	2.167800E+0	6.924855E+1	7.142883E+1	5.627000E-1	4.019300E-2	8.265000E-3	2.167800E+0	3.812621E+0	4.538831E+0	5.627000E-1	2.554000E-3	1.000000E-2	0.000000E+0	6.000000E+1	2.000000E+0	6.000000E+1	2.000000E+0	1.000000E+0	8.900000E+1
1.966479E+0	1.601900E+2	1.009804E+2	1.007360E-1	1.428500E+0	7.051873E+1	7.261286E+1	5.538000E-1	4.021300E-2	5.876000E-3	1.428500E+0	4.113406E+0	4.644276E+0	5.538000E-1	2.572000E-3	1.000000E-2	0.000000E+0	6.000000E+1	2.000000E+0	6.000000E+1	2.000000E+0	1.000000E+0	9.000000E+1
1.987980E+0	1.601900E+2	5.198019E+1	5.201200E-2	7.298000E-1	7.126884E+1	7.158140E+1	5.590000E-1	4.001400E-2	3.553000E-3	7.298000E-1	4.868457E+0	4.647585E+0	5.590000E-1	2.598000E-3	1.000000E-2	0.000000E+0	6.000000E+1	2.000000E+0	6.000000E+1	2.000000E+0	1.000000E+0	9.100000E+1
2.009748E+0	1.601900E+2	2.979997E+0	3.157000E-3	3.840000E-2	8.221354E+1	7.199276E+1	5.525000E-1	3.977600E-2	1.095000E-3	3.840000E-2	2.851563E+1	4.470588E+0	5.525000E-1	2.470000E-3	1.000000E-2	0.000000E+0	6.000000E+1	2.000000E+0	6.000000E+1	2.000000E+0	1.000000E+0	9.200000E+1
2.032266E+0	1.601900E+2	-4.900020E+1	-4.837800E-2	-7.068000E-1	6.844652E+1	7.340093E+1	5.375000E-1	3.945300E-2	-1.159000E-3	-7.068000E-1	1.639785E+0	5.211163E+0	5.375000E-1	2.801000E-3	1.000000E-2	0.000000E+0	6.000000E+1	2.000000E+0	6.000000E+1	2.000000E+0	1.000000E+0	9.300000E+1
2.054001E+0	1.601900E+2	-9.800039E+1	-9.820900E-2	-1.428700E+0	6.874011E+1	7.107930E+1	5.624000E-1	3.997500E-2	-3.330000E-3	-1.428700E+0	2.330790E+0	5.001778E+0	5.624000E-1	2.813000E-3	1.000000E-2	0.000000E+0	6.000000E+1	2.000000E+0	6.000000E+1	2.000000E+0	1.000000E+0	9.400000E+1
2.076602E+0	1.601900E+2	-1.470006E+2	-1.465880E-1	-2.141200E+0	6.846068E+1	7.263390E+1	5.452000E-1	3.960000E-2	-5.859000E-3	-2.141200E+0	2.736316E+0	5.447542E+0	5.452000E-1	2.970000E-3	1.000000E-2	0.000000E+0	6.000000E+1	2.000000E+0	6.000000E+1	2.000000E+0	1.000000E+0	9.500000E+1
2.098437E+0	1.601900E+2	-1.969808E+2	-1.967450E-1	-2.890700E+0	6.806137E+1	7.150593E+1	5.651000E-1	4.040800E-2	-8.557000E-3	-2.890700E+0	2.960183E+0	4.675279E+0	5.651000E-1	2.642000E-3	1.000000E-2	0.000000E+0	6.000000E+1	2.000000E+0	6.000000E+1	2.000000E+0	1.000000E+0	9.600000E+1
2.121071E+0	1.601900E+2	-2.469808E+2	-2.469460E-1	-3.691900E+0	6.688859E+1	7.281888E+1	5.488000E-1	3.996300E-2	-1.094600E-2	-3.691900E+0	2.964869E+0	5.384475E+0	5.488000E-1	2.955000E-3	1.000000E-2	0.000000E+0	6.000000E+1	2.000000E+0	6.000000E+1	2.000000E+0	1.000000E+0	9.700000E+1
2.142906E+0	1.601900E+2	-2.969808E+2	-2.963640E-1	-4.484000E+0	6.609367E+1	7.186567E+1	5.628000E-1	4.044600E-2	-1.420900E-2	-4.484000E+0	3.168822E+0	3.761549E+0	5.628000E-1	2.117000E-3	1.000000E-2	0.000000E+0	6.000000E+1	2.000000E+0	6.000000E+1	2.000000E+0	1.000000E+0	9.800000E+1
2.165491E+0	1.601900E+2	-3.469808E+2	-3.466130E-1	-5.312300E+0	6.524726E+1	7.099485E+1	5.629000E-1	3.996300E-2	-1.637900E-2	-5.312300E+0	3.083222E+0	5.338426E+0	5.629000E-1	3.005000E-3	1.000000E-2	0.000000E+0	6.000000E+1	2.000000E+0	6.000000E+1	2.000000E+0	1.000000E+0	9.900000E+1
2.187308E+0	1.601900E+2	-3.969808E+2	-3.982500E-1	-6.188800E+0	6.435012E+1	7.293138E+1	5.465000E-1	3.985700E-2	-1.930800E-2	-6.188800E+0	3.119829E+0	6.201281E+0	5.465000E-1	3.389000E-3	1.000000E-2	0.000000E+0	6.000000E+1	2.000000E+0	6.000000E+1	2.000000E+0	1.000000E+0	1.000000E+2
2.209460E+0	1.601900E+2	-4.469808E+2	-4.469180E-1	-7.049600E+0	6.339622E+1	7.301144E+1	5.509000E-1	4.022200E-2	-2.265800E-2	-7.049600E+0	3.214083E+0	5.599927E+0	5.509000E-1	3.085000E-3	1.000000E-2	0.000000E+0	6.000000E+1	2.000000E+0	6.000000E+1	2.000000E+0	1.000000E+0	1.010000E+2
2.231128E+0	1.601900E+2	-4.969808E+2	-4.964600E-1	-7.928500E+0	6.261714E+1	7.109708E+1	5.624000E-1	3.998500E-2	-2.564900E-2	-7.928500E+0	3.235038E+0	4.615932E+0	5.624000E-1	2.596000E-3	1.000000E-2	0.000000E+0	6.000000E+1	2.000000E+0	6.000000E+1	2.000000E+0	1.000000E+0	1.020000E+2
2.253712E+0	1.601900E+2	-5.469808E+2	-5.467290E-1	-8.834600E+0	6.188497E+1	7.227602E+1	5.514000E-1	3.985300E-2	-2.806300E-2	-8.834600E+0	3.176488E+0	4.862169E+0	5.514000E-1	2.681000E-3	1.000000E-2	0.000000E+0	6.000000E+1	2.000000E+0	6.000000E+1	2.000000E+0	1.000000E+0	1.030000E+2
2.275363E+0	1.601900E+2	-5.969808E+2	-5.969290E-1	-9.767900E+0	6.111129E+1	7.237391E+1	5.413000E-1	3.917600E-2	-3.157200E-2	-9.767900E+0	3.232220E+0	6.140772E+0	5.413000E-1	3.324000E-3	1.000000E-2	0.000000E+0	6.000000E+1	2.000000E+0	6.000000E+1	2.000000E+0	1.000000E+0	1.040000E+2
2.297181E+0	1.601900E+2	-6.469808E+2	-6.462670E-1	-1.066780E+1	6.058109E+1	7.093077E+1	5.662000E-1	4.016100E-2	-3.507000E-2	-1.066780E+1	3.287463E+0	4.750971E+0	5.662000E-1	2.690000E-3	1.000000E-2	0.000000E+0	6.000000E+1	2.000000E+0	6.000000E+1	2.000000E+0	1.000000E+0	1.050000E+2
2.318983E+0	1.601900E+2	-6.969808E+2	-6.970260E-1	-1.162590E+1	5.995458E+1	7.256272E+1	5.580000E-1	4.049000E-2	-3.771900E-2	-1.162590E+1	3.244394E+0	5.001792E+0	5.580000E-1	2.791000E-3	1.000000E-2	0.000000E+0	6.000000E+1	2.000000E+0	6.000000E+1	2.000000E+0	1.000000E+0	1.060000E+2
2.341601E+0	1.601900E+2	-7.469808E+2	-7.467700E-1	-1.259080E+1	5.931077E+1	7.091396E+1	5.602000E-1	3.972600E-2	-4.074300E-2	-1.259080E+1	3.235934E+0	5.267762E+0	5.602000E-1	2.951000E-3	1.000000E-2	0.000000E+0	6.000000E+1	2.000000E+0	6.000000E+1	2.000000E+0	1.000000E+0	1.070000E+2
2.363352E+0	1.601900E+2	-7.969808E+2	-7.966230E-1	-1.357570E+1	5.868007E+1	7.322224E+1	5.521000E-1	4.042600E-2	-4.477200E-2	-1.357570E+1	3.297951E+0	4.942945E+0	5.521000E-1	2.729000E-3	1.000000E-2	0.000000E+0	6.000000E+1	2.000000E+0	6.000000E+1	2.000000E+0	1.000000E+0	1.080000E+2
2.385370E+0	1.601900E+2	-8.469808E+2	-8.467650E-1	-1.458880E+1	5.804213E+1	7.284586E+1	5.573000E-1	4.059700E-2	-4.778300E-2	-1.458880E+1	3.275321E+0	5.876548E+0	5.573000E-1	3.275000E-3	1.000000E-2	0.000000E+0	6.000000E+1	2.000000E+0	6.000000E+1	2.000000E+0	1.000000E+0	1.090000E+2
2.407088E+0	1.601900E+2	-8.969808E+2	-8.970260E-1	-1.559490E+1	5.752047E+1	7.212618E+1	5.611000E-1	4.047000E-2	-5.066200E-2	-1.559490E+1	3.248626E+0	5.539120E+0	5.611000E-1	3.108000E-3	1.000000E-2	0.000000E+0	6.000000E+1	2.000000E+0	6.000000E+1	2.000000E+0	1.000000E+0	1.100000E+2
2.429589E+0	1.601900E+2	-9.469808E+2	-9.467280E-1	-1.660200E+1	5.702494E+1	7.120458E+1	5.587000E-1	3.978200E-2	-5.400700E-2	-1.660200E+1	3.253042E+0	5.434043E+0	5.587000E-1	3.036000E-3	1.000000E-2	0.000000E+0	6.000000E+1	2.000000E+0	6.000000E+1	2.000000E+0	1.000000E+0	1.110000E+2
2.451390E+0	1.601900E+2	-9.969808E+2	-9.970350E-1	-1.765890E+1	5.646076E+1	7.235042E+1	5.599000E-1	4.050900E-2	-5.726300E-2	-1.765890E+1	3.242727E+0	5.597428E+0	5.599000E-1	3.134000E-3	1.000000E-2	0.000000E+0	6.000000E+1	2.000000E+0	6.000000E+1	2.000000E+0	1.000000E+0	1.120000E+2
2.473658E+0	1.601900E+2	-1.046981E+3	-1.046960E+0	-1.867270E+1	5.606902E+1	7.117101E+1	5.602000E-1	3.987000E-2	-6.132200E-2	-1.867270E+1	3.284046E+0	4.846483E+0	5.602000E-1	2.715000E-3	1.000000E-2	0.000000E+0	6.000000E+1	2.000000E+0	6.000000E+1	2.000000E+0	1.000000E+0	1.130000E+2
2.495309E+0	1.601900E+2	-1.096981E+3	-1.097734E+0	-1.975540E+1	5.556628E+1	7.066408E+1	5.677000E-1	4.011600E-2	-6.477200E-2	-1.975540E+1	3.278698E+0	4.690858E+0	5.677000E-1	2.663000E-3	1.000000E-2	0.000000E+0	6.000000E+1	2.000000E+0	6.000000E+1	2.000000E+0	1.000000E+0	1.140000E+2
2.517044E+0	1.601900E+2	-1.146981E+3	-1.147259E+0	-2.082880E+1	5.508042E+1	7.229056E+1	5.479000E-1	3.960800E-2	-6.845300E-2	-2.082880E+1	3.286459E+0	4.679686E+0	5.479000E-1	2.564000E-3	1.000000E-2	0.000000E+0	6.000000E+1	2.000000E+0	6.000000E+1	2.000000E+0	1.000000E+0	1.150000E+2
2.538729E+0	1.601900E+2	-1.196981E+3	-1.197058E+0	-2.194150E+1	5.455680E+1	7.229661E+1	5.482000E-1	3.963300E-2	-7.204000E-2	-2.194150E+1	3.283276E+0	4.987231E+0	5.482000E-1	2.734000E-3	1.000000E-2	0.000000E+0	6.000000E+1	2.000000E+0	6.000000E+1	2.000000E+0	1.000000E+0	1.160000E+2
2.560830E+0	1.601900E+2	-1.246981E+3	-1.247642E+0	-2.302610E+1	5.418382E+1	7.216539E+1	5.611000E-1	4.049200E-2	-7.574900E-2	-2.302610E+1	3.289702E+0	4.077705E+0	5.611000E-1	2.288000E-3	1.000000E-2	0.000000E+0	6.000000E+1	2.000000E+0	6.000000E+1	2.000000E+0	1.000000E+0	1.170000E+2
2.582498E+0	1.601900E+2	-1.296981E+3	-1.297497E+0	-2.412870E+1	5.377401E+1	7.307190E+1	5.508000E-1	4.024800E-2	-7.941300E-2	-2.412870E+1	3.291226E+0	5.254176E+0	5.508000E-1	2.894000E-3	1.000000E-2	0.000000E+0	6.000000E+1	2.000000E+0	6.000000E+1	2.000000E+0	1.000000E+0	1.180000E+2
2.604516E+0	1.601900E+2	-1.346981E+3	-1.346607E+0	-2.520140E+1	5.343382E+1	7.292625E+1	5.519000E-1	4.024800E-2	-8.283500E-2	-2.520140E+1	3.286921E+0	5.488313E+0	5.519000E-1	3.029000E-3	1.000000E-2	0.000000E+0	6.000000E+1	2.000000E+0	6.000000E+1	2.000000E+0	1.000000E+0	1.190000E+2
2.626234E+0	1.601900E+2	-1.396981E+3	-1.396998E+0	-2.636390E+1	5.298905E+1	7.092316E+1	5.622000E-1	3.987300E-2	-8.645700E-2	-2.636390E+1	3.279371E+0	4.813234E+0	5.622000E-1	2.706000E-3	1.000000E-2	0.000000E+0	6.000000E+1	2.000000E+0	6.000000E+1	2.000000E+0	1.000000E+0	1.200000E+2
2.648751E+0	1.601900E+2	-1.446981E+3	-1.446876E+0	-2.750630E+1	5.260162E+1	7.166817E+1	5.551000E-1	3.978300E-2	-9.071100E-2	-2.750630E+1	3.297826E+0	6.179067E+0	5.551000E-1	3.430000E-3	1.000000E-2	0.000000E+0	6.000000E+1	2.000000E+0	6.000000E+1	2.000000E+0	1.000000E+0	1.210000E+2
2.670419E+0	1.601900E+2	-1.496981E+3	-1.496770E+0	-2.861020E+1	5.231596E+1	7.263062E+1	5.493000E-1	3.989600E-2	-9.392100E-2	-2.861020E+1	3.282780E+0	4.420171E+0	5.493000E-1	2.428000E-3	1.000000E-2	0.000000E+0	6.000000E+1	2.000000E+0	6.000000E+1	2.000000E+0	1.000000E+0	1.220000E+2
2.692471E+0	1.601900E+2	-1.500000E+3	-1.499940E+0	-2.867190E+1	5.231394E+1	7.211725E+1	5.578000E-1	4.022700E-2	-9.464200E-2	-2.867190E+1	3.300863E+0	5.487630E+0	5.578000E-1	3.061000E-3	1.000000E-2	0.000000E+0	6.000000E+1	2.000000E+0	6.000000E+1	2.000000E+0	1.000000E+0	1.230000E+2
2.714155E+0	1.601900E+2	-1.450000E+3	-1.449986E+0	-2.753370E+1	5.266223E+1	7.218096E+1	5.493000E-1	3.964900E-2	-9.086200E-2	-2.753370E+1	3.300029E+0	4.523940E+0	5.493000E-1	2.485000E-3	1.000000E-2	0.000000E+0	6.000000E+1	2.000000E+0	6.000000E+1	2.000000E+0	1.000000E+0	1.240000E+2
