Tiempo (min)	T (K) 	I pulso(mA)	Vinst 1 (V)	Iinst 1 (mA)	Rinst 1(Ohm)	Rrem 1 (Ohm)	Ibias 1 (mA)	Vbias 1 (V)	Vinst 2 (V)	Iinst 2 (mA)	Rinst 2(Ohm)	Rrem 2 (Ohm)	Ibias 2 (mA)	Vbias 2 (V)	Ancho pulso (s)	Periodo (s)	Icc 1 (mA)	Vcc 1 (V)	Icc 2 (mA)	Vcc 2 (V)	2W 1?	N
1.065061E-2	1.704800E+2	-3.000000E+3	-2.350890E+0	-4.997840E+1	4.703812E+1	7.190712E+1	1.391100E+0	1.000300E-1	-1.691200E-1	-4.997840E+1	3.383862E+0	2.832291E+0	1.391100E+0	3.940000E-3	1.000000E-2	0.000000E+0	5.000000E+1	3.000000E+0	5.000000E+1	3.000000E+0	1.000000E+0	1.000000E+0
3.255186E-2	1.704800E+2	-2.950000E+3	-2.353450E+0	-5.001410E+1	4.705573E+1	7.226619E+1	1.390000E+0	1.004500E-1	-1.686200E-1	-5.001410E+1	3.371449E+0	2.827338E+0	1.390000E+0	3.930000E-3	1.000000E-2	0.000000E+0	5.000000E+1	3.000000E+0	5.000000E+1	3.000000E+0	1.000000E+0	2.000000E+0
5.448645E-2	1.704800E+2	-2.900000E+3	-2.354770E+0	-5.001290E+1	4.708325E+1	7.212402E+1	1.380400E+0	9.956000E-2	-1.704900E-1	-5.001290E+1	3.408920E+0	2.991886E+0	1.380400E+0	4.130000E-3	1.000000E-2	0.000000E+0	5.000000E+1	3.000000E+0	5.000000E+1	3.000000E+0	1.000000E+0	3.000000E+0
7.632104E-2	1.704800E+2	-2.850000E+3	-2.353470E+0	-4.999380E+1	4.707524E+1	7.149907E+1	1.398200E+0	9.997000E-2	-1.693400E-1	-4.999380E+1	3.387220E+0	2.867973E+0	1.398200E+0	4.010000E-3	1.000000E-2	0.000000E+0	5.000000E+1	3.000000E+0	5.000000E+1	3.000000E+0	1.000000E+0	4.000000E+0
9.908900E-2	1.704800E+2	-2.800000E+3	-2.359640E+0	-5.000360E+1	4.718940E+1	7.181251E+1	1.395300E+0	1.002000E-1	-1.696800E-1	-5.000360E+1	3.393356E+0	2.436752E+0	1.395300E+0	3.400000E-3	1.000000E-2	0.000000E+0	5.000000E+1	3.000000E+0	5.000000E+1	3.000000E+0	1.000000E+0	5.000000E+0
1.208402E-1	1.704800E+2	-2.750000E+3	-2.355320E+0	-5.002130E+1	4.708634E+1	7.148237E+1	1.380900E+0	9.871000E-2	-1.689500E-1	-5.002130E+1	3.377561E+0	2.650445E+0	1.380900E+0	3.660000E-3	1.000000E-2	0.000000E+0	5.000000E+1	3.000000E+0	5.000000E+1	3.000000E+0	1.000000E+0	6.000000E+0
1.430582E-1	1.704800E+2	-2.700000E+3	-2.354630E+0	-5.002350E+1	4.707048E+1	7.209453E+1	1.387900E+0	1.000600E-1	-1.705700E-1	-5.002350E+1	3.409797E+0	2.788385E+0	1.387900E+0	3.870000E-3	1.000000E-2	0.000000E+0	5.000000E+1	3.000000E+0	5.000000E+1	3.000000E+0	1.000000E+0	7.000000E+0
1.657761E-1	1.704800E+2	-2.650000E+3	-2.351960E+0	-4.999640E+1	4.704259E+1	7.180203E+1	1.396200E+0	1.002500E-1	-1.693700E-1	-4.999640E+1	3.387644E+0	2.864919E+0	1.396200E+0	4.000000E-3	1.000000E-2	0.000000E+0	5.000000E+1	3.000000E+0	5.000000E+1	3.000000E+0	1.000000E+0	8.000000E+0
1.874941E-1	1.704800E+2	-2.600000E+3	-2.352540E+0	-4.998770E+1	4.706238E+1	7.177954E+1	1.388000E+0	9.963000E-2	-1.697400E-1	-4.998770E+1	3.395635E+0	2.737752E+0	1.388000E+0	3.800000E-3	1.000000E-2	0.000000E+0	5.000000E+1	3.000000E+0	5.000000E+1	3.000000E+0	1.000000E+0	9.000000E+0
2.093286E-1	1.704800E+2	-2.550000E+3	-2.352220E+0	-4.999260E+1	4.705136E+1	7.212728E+1	1.398500E+0	1.008700E-1	-1.687800E-1	-4.999260E+1	3.376100E+0	2.409725E+0	1.398500E+0	3.370000E-3	1.000000E-2	0.000000E+0	5.000000E+1	3.000000E+0	5.000000E+1	3.000000E+0	1.000000E+0	1.000000E+1
2.313299E-1	1.704800E+2	-2.500000E+3	-2.351060E+0	-4.997110E+1	4.704839E+1	7.173913E+1	1.403000E+0	1.006500E-1	-1.698400E-1	-4.997110E+1	3.398764E+0	2.323592E+0	1.403000E+0	3.260000E-3	1.000000E-2	0.000000E+0	5.000000E+1	3.000000E+0	5.000000E+1	3.000000E+0	1.000000E+0	1.100000E+1
2.531978E-1	1.704800E+2	-2.450000E+3	-2.352240E+0	-5.000100E+1	4.704386E+1	7.121850E+1	1.400900E+0	9.977000E-2	-1.686000E-1	-5.000100E+1	3.371933E+0	2.726818E+0	1.400900E+0	3.820000E-3	1.000000E-2	0.000000E+0	5.000000E+1	3.000000E+0	5.000000E+1	3.000000E+0	1.000000E+0	1.200000E+1
2.750324E-1	1.704800E+2	-2.400000E+3	-2.349790E+0	-4.999870E+1	4.699702E+1	7.165653E+1	1.397500E+0	1.001400E-1	-1.690000E-1	-4.999870E+1	3.380088E+0	2.912343E+0	1.397500E+0	4.070000E-3	1.000000E-2	0.000000E+0	5.000000E+1	3.000000E+0	5.000000E+1	3.000000E+0	1.000000E+0	1.300000E+1
2.973503E-1	1.704800E+2	-2.350000E+3	-2.343760E+0	-4.963640E+1	4.721857E+1	7.202232E+1	1.397900E+0	1.006800E-1	-1.688800E-1	-4.963640E+1	3.402342E+0	2.382145E+0	1.397900E+0	3.330000E-3	1.000000E-2	0.000000E+0	5.000000E+1	3.000000E+0	5.000000E+1	3.000000E+0	1.000000E+0	1.400000E+1
3.203850E-1	1.704800E+2	-2.300000E+3	-2.298520E+0	-4.831420E+1	4.757442E+1	7.165000E+1	1.400000E+0	1.003100E-1	-1.645800E-1	-4.831420E+1	3.406452E+0	3.178571E+0	1.400000E+0	4.450000E-3	1.000000E-2	0.000000E+0	5.000000E+1	3.000000E+0	5.000000E+1	3.000000E+0	1.000000E+0	1.500000E+1
3.420696E-1	1.704800E+2	-2.250000E+3	-2.248480E+0	-4.702830E+1	4.781121E+1	7.205312E+1	1.393000E+0	1.003700E-1	-1.589200E-1	-4.702830E+1	3.379242E+0	2.548457E+0	1.393000E+0	3.550000E-3	1.000000E-2	0.000000E+0	5.000000E+1	3.000000E+0	5.000000E+1	3.000000E+0	1.000000E+0	1.600000E+1
3.641208E-1	1.704800E+2	-2.200000E+3	-2.200160E+0	-4.573730E+1	4.810428E+1	7.159352E+1	1.394400E+0	9.983000E-2	-1.548000E-1	-4.573730E+1	3.384546E+0	2.954676E+0	1.394400E+0	4.120000E-3	1.000000E-2	0.000000E+0	5.000000E+1	3.000000E+0	5.000000E+1	3.000000E+0	1.000000E+0	1.700000E+1
3.860221E-1	1.704800E+2	-2.150000E+3	-2.149940E+0	-4.444460E+1	4.837348E+1	7.177751E+1	1.387900E+0	9.962000E-2	-1.511800E-1	-4.444460E+1	3.401538E+0	3.530514E+0	1.387900E+0	4.900000E-3	1.000000E-2	0.000000E+0	5.000000E+1	3.000000E+0	5.000000E+1	3.000000E+0	1.000000E+0	1.800000E+1
4.087567E-1	1.704800E+2	-2.100000E+3	-2.099940E+0	-4.316380E+1	4.865049E+1	7.165983E+1	1.389900E+0	9.960000E-2	-1.473700E-1	-4.316380E+1	3.414204E+0	2.913879E+0	1.389900E+0	4.050000E-3	1.000000E-2	0.000000E+0	5.000000E+1	3.000000E+0	5.000000E+1	3.000000E+0	1.000000E+0	1.900000E+1
4.306746E-1	1.704800E+2	-2.050000E+3	-2.050000E+0	-4.170490E+1	4.915490E+1	7.180481E+1	1.393500E+0	1.000600E-1	-1.425900E-1	-4.170490E+1	3.419023E+0	2.683889E+0	1.393500E+0	3.740000E-3	1.000000E-2	0.000000E+0	5.000000E+1	3.000000E+0	5.000000E+1	3.000000E+0	1.000000E+0	2.000000E+1
4.526759E-1	1.704800E+2	-2.000000E+3	-1.999600E+0	-4.054280E+1	4.932072E+1	7.180405E+1	1.396300E+0	1.002600E-1	-1.377800E-1	-4.054280E+1	3.398384E+0	3.029435E+0	1.396300E+0	4.230000E-3	1.000000E-2	0.000000E+0	5.000000E+1	3.000000E+0	5.000000E+1	3.000000E+0	1.000000E+0	2.100000E+1
4.744938E-1	1.704800E+2	-1.950000E+3	-1.949920E+0	-3.933200E+1	4.957592E+1	7.210904E+1	1.379300E+0	9.946000E-2	-1.344000E-1	-3.933200E+1	3.417065E+0	2.523019E+0	1.379300E+0	3.480000E-3	1.000000E-2	0.000000E+0	5.000000E+1	3.000000E+0	5.000000E+1	3.000000E+0	1.000000E+0	2.200000E+1
4.971951E-1	1.704800E+2	-1.900000E+3	-1.899840E+0	-3.787580E+1	5.015973E+1	7.264963E+1	1.381700E+0	1.003800E-1	-1.289900E-1	-3.787580E+1	3.405605E+0	2.315988E+0	1.381700E+0	3.200000E-3	1.000000E-2	0.000000E+0	5.000000E+1	3.000000E+0	5.000000E+1	3.000000E+0	1.000000E+0	2.300000E+1
5.191130E-1	1.704800E+2	-1.850000E+3	-1.849770E+0	-3.676280E+1	5.031635E+1	7.217391E+1	1.380000E+0	9.960000E-2	-1.251800E-1	-3.676280E+1	3.405073E+0	2.920290E+0	1.380000E+0	4.030000E-3	1.000000E-2	0.000000E+0	5.000000E+1	3.000000E+0	5.000000E+1	3.000000E+0	1.000000E+0	2.400000E+1
5.410143E-1	1.704800E+2	-1.800000E+3	-1.799840E+0	-3.553670E+1	5.064736E+1	7.160097E+1	1.400400E+0	1.002700E-1	-1.217700E-1	-3.553670E+1	3.426598E+0	2.999143E+0	1.400400E+0	4.200000E-3	1.000000E-2	0.000000E+0	5.000000E+1	3.000000E+0	5.000000E+1	3.000000E+0	1.000000E+0	2.500000E+1
5.628322E-1	1.704800E+2	-1.750000E+3	-1.750120E+0	-3.429580E+1	5.103016E+1	7.274850E+1	1.370200E+0	9.968000E-2	-1.163000E-1	-3.429580E+1	3.391086E+0	3.130930E+0	1.370200E+0	4.290000E-3	1.000000E-2	0.000000E+0	5.000000E+1	3.000000E+0	5.000000E+1	3.000000E+0	1.000000E+0	2.600000E+1
5.847168E-1	1.704800E+2	-1.700000E+3	-1.700180E+0	-3.307210E+1	5.140829E+1	7.283709E+1	1.382400E+0	1.006900E-1	-1.139300E-1	-3.307210E+1	3.444898E+0	2.879051E+0	1.382400E+0	3.980000E-3	1.000000E-2	0.000000E+0	5.000000E+1	3.000000E+0	5.000000E+1	3.000000E+0	1.000000E+0	2.700000E+1
6.075514E-1	1.704800E+2	-1.650000E+3	-1.650030E+0	-3.184020E+1	5.182222E+1	7.244898E+1	1.381800E+0	1.001100E-1	-1.084300E-1	-3.184020E+1	3.405443E+0	3.104646E+0	1.381800E+0	4.290000E-3	1.000000E-2	0.000000E+0	5.000000E+1	3.000000E+0	5.000000E+1	3.000000E+0	1.000000E+0	2.800000E+1
6.293527E-1	1.704800E+2	-1.600000E+3	-1.599590E+0	-3.058990E+1	5.229144E+1	7.284194E+1	1.371600E+0	9.991000E-2	-1.046600E-1	-3.058990E+1	3.421391E+0	2.260134E+0	1.371600E+0	3.100000E-3	1.000000E-2	0.000000E+0	5.000000E+1	3.000000E+0	5.000000E+1	3.000000E+0	1.000000E+0	2.900000E+1
6.511706E-1	1.704800E+2	-1.550000E+3	-1.549680E+0	-2.942810E+1	5.265987E+1	7.203621E+1	1.391800E+0	1.002600E-1	-1.001400E-1	-2.942810E+1	3.402870E+0	3.024860E+0	1.391800E+0	4.210000E-3	1.000000E-2	0.000000E+0	5.000000E+1	3.000000E+0	5.000000E+1	3.000000E+0	1.000000E+0	3.000000E+1
6.730885E-1	1.704800E+2	-1.500000E+3	-1.499420E+0	-2.822420E+1	5.312533E+1	7.297750E+1	1.373300E+0	1.002200E-1	-9.645000E-2	-2.822420E+1	3.417280E+0	3.495230E+0	1.373300E+0	4.800000E-3	1.000000E-2	0.000000E+0	5.000000E+1	3.000000E+0	5.000000E+1	3.000000E+0	1.000000E+0	3.100000E+1
6.948064E-1	1.704800E+2	-1.450000E+3	-1.449490E+0	-2.705090E+1	5.358380E+1	7.248712E+1	1.377900E+0	9.988000E-2	-9.289000E-2	-2.705090E+1	3.433897E+0	2.358662E+0	1.377900E+0	3.250000E-3	1.000000E-2	0.000000E+0	5.000000E+1	3.000000E+0	5.000000E+1	3.000000E+0	1.000000E+0	3.200000E+1
7.166910E-1	1.704800E+2	-1.400000E+3	-1.399930E+0	-2.587370E+1	5.410629E+1	7.308620E+1	1.367700E+0	9.996000E-2	-8.850000E-2	-2.587370E+1	3.420462E+0	2.390875E+0	1.367700E+0	3.270000E-3	1.000000E-2	0.000000E+0	6.000000E+1	3.000000E+0	5.000000E+1	3.000000E+0	1.000000E+0	3.300000E+1
7.385256E-1	1.704800E+2	-1.350000E+3	-1.349860E+0	-2.470900E+1	5.463030E+1	7.320347E+1	1.370700E+0	1.003400E-1	-8.502000E-2	-2.470900E+1	3.440852E+0	2.057343E+0	1.370700E+0	2.820000E-3	1.000000E-2	0.000000E+0	6.000000E+1	3.000000E+0	5.000000E+1	3.000000E+0	1.000000E+0	3.400000E+1
7.605935E-1	1.704800E+2	-1.300000E+3	-1.300630E+0	-2.360440E+1	5.510117E+1	7.277513E+1	1.386600E+0	1.009100E-1	-8.096000E-2	-2.360440E+1	3.429869E+0	2.473677E+0	1.386600E+0	3.430000E-3	1.000000E-2	0.000000E+0	6.000000E+1	3.000000E+0	5.000000E+1	3.000000E+0	1.000000E+0	3.500000E+1
7.832115E-1	1.704800E+2	-1.250000E+3	-1.249770E+0	-2.250450E+1	5.553423E+1	7.268282E+1	1.370200E+0	9.959000E-2	-7.714000E-2	-2.250450E+1	3.427759E+0	2.773318E+0	1.370200E+0	3.800000E-3	1.000000E-2	0.000000E+0	6.000000E+1	3.000000E+0	5.000000E+1	3.000000E+0	1.000000E+0	3.600000E+1
8.052627E-1	1.704800E+2	-1.200000E+3	-1.200020E+0	-2.142160E+1	5.601916E+1	7.293031E+1	1.374600E+0	1.002500E-1	-7.401000E-2	-2.142160E+1	3.454924E+0	2.989961E+0	1.374600E+0	4.110000E-3	1.000000E-2	0.000000E+0	6.000000E+1	3.000000E+0	6.000000E+1	3.000000E+0	1.000000E+0	3.700000E+1
8.272473E-1	1.704800E+2	-1.150000E+3	-1.150710E+0	-2.034130E+1	5.657013E+1	7.249836E+1	1.370100E+0	9.933000E-2	-6.930000E-2	-2.034130E+1	3.406862E+0	2.218816E+0	1.370100E+0	3.040000E-3	1.000000E-2	0.000000E+0	6.000000E+1	3.000000E+0	6.000000E+1	3.000000E+0	1.000000E+0	3.800000E+1
8.499319E-1	1.704800E+2	-1.100000E+3	-1.099760E+0	-1.928850E+1	5.701636E+1	7.226897E+1	1.366700E+0	9.877000E-2	-6.594000E-2	-1.928850E+1	3.418617E+0	2.838955E+0	1.366700E+0	3.880000E-3	1.000000E-2	0.000000E+0	6.000000E+1	3.000000E+0	6.000000E+1	3.000000E+0	1.000000E+0	3.900000E+1
8.714332E-1	1.704800E+2	-1.050000E+3	-1.050830E+0	-1.826440E+1	5.753433E+1	7.217913E+1	1.366600E+0	9.864000E-2	-6.323000E-2	-1.826440E+1	3.461926E+0	2.758671E+0	1.366600E+0	3.770000E-3	1.000000E-2	0.000000E+0	6.000000E+1	3.000000E+0	6.000000E+1	3.000000E+0	1.000000E+0	4.000000E+1
8.934511E-1	1.704800E+2	-1.000000E+3	-9.992200E-1	-1.721200E+1	5.805368E+1	7.242607E+1	1.376300E+0	9.968000E-2	-5.897000E-2	-1.721200E+1	3.426098E+0	2.557582E+0	1.376300E+0	3.520000E-3	1.000000E-2	0.000000E+0	6.000000E+1	3.000000E+0	6.000000E+1	3.000000E+0	1.000000E+0	4.100000E+1
9.153024E-1	1.704800E+2	-9.500000E+2	-9.492800E-1	-1.624630E+1	5.843053E+1	7.246783E+1	1.391100E+0	1.008100E-1	-5.550000E-2	-1.624630E+1	3.416162E+0	2.480052E+0	1.391100E+0	3.450000E-3	1.000000E-2	0.000000E+0	6.000000E+1	4.000000E+0	6.000000E+1	3.000000E+0	1.000000E+0	4.200000E+1
9.379870E-1	1.704800E+2	-9.000000E+2	-9.000100E-1	-1.520740E+1	5.918237E+1	7.257135E+1	1.370100E+0	9.943000E-2	-5.259000E-2	-1.520740E+1	3.458185E+0	2.445077E+0	1.370100E+0	3.350000E-3	1.000000E-2	0.000000E+0	6.000000E+1	4.000000E+0	6.000000E+1	3.000000E+0	1.000000E+0	4.300000E+1
9.595382E-1	1.704800E+2	-8.500000E+2	-8.502900E-1	-1.425520E+1	5.964771E+1	7.212878E+1	1.385300E+0	9.992000E-2	-4.880000E-2	-1.425520E+1	3.423312E+0	2.670902E+0	1.385300E+0	3.700000E-3	1.000000E-2	0.000000E+0	6.000000E+1	4.000000E+0	6.000000E+1	3.000000E+0	1.000000E+0	4.400000E+1
9.814395E-1	1.704800E+2	-8.000000E+2	-8.006100E-1	-1.329550E+1	6.021661E+1	7.212008E+1	1.392400E+0	1.004200E-1	-4.614000E-2	-1.329550E+1	3.470347E+0	2.707555E+0	1.392400E+0	3.770000E-3	1.000000E-2	0.000000E+0	6.000000E+1	4.000000E+0	6.000000E+1	4.000000E+0	1.000000E+0	4.500000E+1
1.003491E+0	1.704800E+2	-7.500000E+2	-7.502100E-1	-1.231290E+1	6.092878E+1	7.188735E+1	1.391900E+0	1.000600E-1	-4.388000E-2	-1.231290E+1	3.563742E+0	2.866585E+0	1.391900E+0	3.990000E-3	1.000000E-2	0.000000E+0	6.000000E+1	4.000000E+0	6.000000E+1	4.000000E+0	1.000000E+0	4.600000E+1
1.026142E+0	1.704800E+2	-7.000000E+2	-7.002500E-1	-1.138390E+1	6.151231E+1	7.243353E+1	1.380300E+0	9.998000E-2	-3.955000E-2	-1.138390E+1	3.474205E+0	2.992103E+0	1.380300E+0	4.130000E-3	1.000000E-2	0.000000E+0	6.000000E+1	4.000000E+0	6.000000E+1	4.000000E+0	1.000000E+0	4.700000E+1
1.048077E+0	1.704800E+2	-6.500000E+2	-6.501800E-1	-1.042660E+1	6.235782E+1	7.236985E+1	1.381100E+0	9.995000E-2	-3.574000E-2	-1.042660E+1	3.427771E+0	2.164941E+0	1.381100E+0	2.990000E-3	1.000000E-2	0.000000E+0	6.000000E+1	4.000000E+0	6.000000E+1	4.000000E+0	1.000000E+0	4.800000E+1
1.071361E+0	1.704800E+2	-6.000000E+2	-5.997100E-1	-9.523500E+0	6.297160E+1	7.223831E+1	1.381400E+0	9.979000E-2	-3.325000E-2	-9.523500E+0	3.491363E+0	2.222383E+0	1.381400E+0	3.070000E-3	1.000000E-2	0.000000E+0	6.000000E+1	4.000000E+0	6.000000E+1	4.000000E+0	1.000000E+0	4.900000E+1
1.093246E+0	1.704800E+2	-5.500000E+2	-5.496300E-1	-8.594600E+0	6.395062E+1	7.191692E+1	1.386600E+0	9.972000E-2	-2.963000E-2	-8.594600E+0	3.447514E+0	2.545795E+0	1.386600E+0	3.530000E-3	1.000000E-2	0.000000E+0	6.000000E+1	4.000000E+0	6.000000E+1	4.000000E+0	1.000000E+0	5.000000E+1
1.115197E+0	1.704800E+2	-5.000000E+2	-5.000600E-1	-7.748700E+0	6.453470E+1	7.249819E+1	1.385000E+0	1.004100E-1	-2.745000E-2	-7.748700E+0	3.542530E+0	2.815884E+0	1.385000E+0	3.900000E-3	1.000000E-2	0.000000E+0	6.000000E+1	4.000000E+0	6.000000E+1	4.000000E+0	1.000000E+0	5.100000E+1
1.136982E+0	1.704800E+2	-4.500000E+2	-4.500300E-1	-6.895500E+0	6.526430E+1	7.212191E+1	1.384600E+0	9.986000E-2	-2.404000E-2	-6.895500E+0	3.486332E+0	2.946699E+0	1.384600E+0	4.080000E-3	1.000000E-2	0.000000E+0	6.000000E+1	4.000000E+0	6.000000E+1	4.000000E+0	1.000000E+0	5.200000E+1
1.159600E+0	1.704800E+2	-4.000000E+2	-3.997900E-1	-6.042900E+0	6.615863E+1	7.230493E+1	1.390500E+0	1.005400E-1	-2.043000E-2	-6.042900E+0	3.380827E+0	2.524272E+0	1.390500E+0	3.510000E-3	1.000000E-2	0.000000E+0	6.000000E+1	4.000000E+0	6.000000E+1	4.000000E+0	1.000000E+0	5.300000E+1
1.181518E+0	1.704800E+2	-3.500000E+2	-3.495800E-1	-5.194600E+0	6.729681E+1	7.227018E+1	1.390200E+0	1.004700E-1	-1.781000E-2	-5.194600E+0	3.428560E+0	2.524817E+0	1.390200E+0	3.510000E-3	1.000000E-2	0.000000E+0	6.000000E+1	4.000000E+0	6.000000E+1	4.000000E+0	1.000000E+0	5.400000E+1
1.203336E+0	1.704800E+2	-3.000000E+2	-2.994900E-1	-4.396500E+0	6.812010E+1	7.220691E+1	1.378400E+0	9.953000E-2	-1.488000E-2	-4.396500E+0	3.384510E+0	2.851132E+0	1.378400E+0	3.930000E-3	1.000000E-2	0.000000E+0	6.000000E+1	4.000000E+0	6.000000E+1	4.000000E+0	1.000000E+0	5.500000E+1
1.225287E+0	1.704800E+2	-2.509804E+2	-2.508700E-1	-3.633000E+0	6.905312E+1	7.278430E+1	1.370900E+0	9.978000E-2	-1.314000E-2	-3.633000E+0	3.616846E+0	2.611423E+0	1.370900E+0	3.580000E-3	1.000000E-2	0.000000E+0	6.000000E+1	4.000000E+0	6.000000E+1	4.000000E+0	1.000000E+0	5.600000E+1
1.247288E+0	1.704800E+2	-2.019802E+2	-2.025100E-1	-2.899600E+0	6.984067E+1	7.273913E+1	1.380000E+0	1.003800E-1	-1.122000E-2	-2.899600E+0	3.869499E+0	3.079710E+0	1.380000E+0	4.250000E-3	1.000000E-2	0.000000E+0	6.000000E+1	4.000000E+0	6.000000E+1	4.000000E+0	1.000000E+0	5.700000E+1
1.270256E+0	1.704800E+2	-1.529800E+2	-1.532500E-1	-2.167700E+0	7.069705E+1	7.228356E+1	1.376800E+0	9.952000E-2	-7.210000E-3	-2.167700E+0	3.326106E+0	2.810866E+0	1.376800E+0	3.870000E-3	1.000000E-2	0.000000E+0	6.000000E+1	4.000000E+0	6.000000E+1	4.000000E+0	1.000000E+0	5.800000E+1
1.291774E+0	1.704800E+2	-1.039798E+2	-1.051600E-1	-1.488500E+0	7.064830E+1	7.228584E+1	1.379800E+0	9.974000E-2	-5.490000E-3	-1.488500E+0	3.688277E+0	3.145383E+0	1.379800E+0	4.340000E-3	1.000000E-2	0.000000E+0	6.000000E+1	4.000000E+0	6.000000E+1	4.000000E+0	1.000000E+0	5.900000E+1
1.313608E+0	1.704800E+2	-5.497960E+1	-5.433000E-2	-7.689000E-1	7.065938E+1	7.245237E+1	1.385600E+0	1.003900E-1	-3.760000E-3	-7.689000E-1	4.890103E+0	2.973441E+0	1.385600E+0	4.120000E-3	1.000000E-2	0.000000E+0	6.000000E+1	4.000000E+0	6.000000E+1	4.000000E+0	1.000000E+0	6.000000E+1
1.335443E+0	1.704800E+2	-5.979405E+0	-5.850000E-3	-8.620000E-2	6.786543E+1	7.286528E+1	1.370200E+0	9.984000E-2	-8.300000E-4	-8.620000E-2	9.628770E+0	2.700336E+0	1.370200E+0	3.700000E-3	1.000000E-2	0.000000E+0	6.000000E+1	4.000000E+0	6.000000E+1	4.000000E+0	1.000000E+0	6.100000E+1
1.358044E+0	1.704800E+2	4.900020E+1	4.919000E-2	6.530000E-1	7.532925E+1	7.283743E+1	1.369900E+0	9.978000E-2	1.750000E-3	6.530000E-1	2.679939E+0	3.511205E+0	1.369900E+0	4.810000E-3	1.000000E-2	0.000000E+0	6.000000E+1	4.000000E+0	6.000000E+1	4.000000E+0	1.000000E+0	6.200000E+1
1.379829E+0	1.704800E+2	9.800039E+1	9.786000E-2	1.366400E+0	7.161885E+1	7.189049E+1	1.391700E+0	1.000500E-1	4.210000E-3	1.366400E+0	3.081089E+0	2.938852E+0	1.391700E+0	4.090000E-3	1.000000E-2	0.000000E+0	6.000000E+1	4.000000E+0	6.000000E+1	4.000000E+0	1.000000E+0	6.300000E+1
1.401830E+0	1.704800E+2	1.470006E+2	1.472700E-1	2.053500E+0	7.171658E+1	7.198989E+1	1.384500E+0	9.967000E-2	6.140000E-3	2.053500E+0	2.990017E+0	2.946912E+0	1.384500E+0	4.080000E-3	1.000000E-2	0.000000E+0	6.000000E+1	4.000000E+0	6.000000E+1	4.000000E+0	1.000000E+0	6.400000E+1
1.423815E+0	1.704800E+2	1.960008E+2	1.957900E-1	2.776300E+0	7.052192E+1	7.208694E+1	1.375700E+0	9.917000E-2	9.370000E-3	2.776300E+0	3.374995E+0	3.481864E+0	1.375700E+0	4.790000E-3	1.000000E-2	0.000000E+0	6.000000E+1	4.000000E+0	6.000000E+1	4.000000E+0	1.000000E+0	6.500000E+1
1.446416E+0	1.704800E+2	2.450010E+2	2.453900E-1	3.538600E+0	6.934663E+1	7.186309E+1	1.390700E+0	9.994000E-2	1.138000E-2	3.538600E+0	3.215961E+0	3.070396E+0	1.390700E+0	4.270000E-3	1.000000E-2	0.000000E+0	6.000000E+1	4.000000E+0	6.000000E+1	4.000000E+0	1.000000E+0	6.600000E+1
1.468101E+0	1.704800E+2	2.940012E+2	2.934800E-1	4.281800E+0	6.854127E+1	7.191643E+1	1.388000E+0	9.982000E-2	1.349000E-2	4.281800E+0	3.150544E+0	2.889049E+0	1.388000E+0	4.010000E-3	1.000000E-2	0.000000E+0	6.000000E+1	4.000000E+0	6.000000E+1	4.000000E+0	1.000000E+0	6.700000E+1
1.490119E+0	1.704800E+2	3.439814E+2	3.433700E-1	5.090200E+0	6.745707E+1	7.203408E+1	1.384900E+0	9.976000E-2	1.632000E-2	5.090200E+0	3.206161E+0	3.559824E+0	1.384900E+0	4.930000E-3	1.000000E-2	0.000000E+0	6.000000E+1	4.000000E+0	6.000000E+1	4.000000E+0	1.000000E+0	6.800000E+1
1.511953E+0	1.704800E+2	3.939814E+2	3.935200E-1	5.935900E+0	6.629492E+1	7.232714E+1	1.376800E+0	9.958000E-2	1.896000E-2	5.935900E+0	3.194124E+0	3.195816E+0	1.376800E+0	4.400000E-3	1.000000E-2	0.000000E+0	6.000000E+1	4.000000E+0	6.000000E+1	4.000000E+0	1.000000E+0	6.900000E+1
1.533988E+0	1.704800E+2	4.439814E+2	4.444800E-1	6.779600E+0	6.556139E+1	7.242099E+1	1.389100E+0	1.006000E-1	2.208000E-2	6.779600E+0	3.256829E+0	3.037938E+0	1.389100E+0	4.220000E-3	1.000000E-2	0.000000E+0	6.000000E+1	4.000000E+0	6.000000E+1	4.000000E+0	1.000000E+0	7.000000E+1
1.556006E+0	1.704800E+2	4.939814E+2	4.945400E-1	7.620200E+0	6.489856E+1	7.184207E+1	1.385400E+0	9.953000E-2	2.427000E-2	7.620200E+0	3.184956E+0	2.511910E+0	1.385400E+0	3.480000E-3	1.000000E-2	0.000000E+0	6.000000E+1	4.000000E+0	6.000000E+1	4.000000E+0	1.000000E+0	7.100000E+1
1.578024E+0	1.704800E+2	5.439814E+2	5.436400E-1	8.501700E+0	6.394486E+1	7.178769E+1	1.392300E+0	9.995000E-2	2.838000E-2	8.501700E+0	3.338156E+0	2.506644E+0	1.392300E+0	3.490000E-3	1.000000E-2	0.000000E+0	6.000000E+1	4.000000E+0	6.000000E+1	4.000000E+0	1.000000E+0	7.200000E+1
1.599925E+0	1.704800E+2	5.939814E+2	5.931900E-1	9.390700E+0	6.316781E+1	7.225177E+1	1.372700E+0	9.918000E-2	3.041000E-2	9.390700E+0	3.238310E+0	2.316602E+0	1.372700E+0	3.180000E-3	1.000000E-2	0.000000E+0	6.000000E+1	4.000000E+0	6.000000E+1	4.000000E+0	1.000000E+0	7.300000E+1
1.622476E+0	1.704800E+2	6.439814E+2	6.438100E-1	1.030520E+1	6.247428E+1	7.182916E+1	1.390800E+0	9.990000E-2	3.442000E-2	1.030520E+1	3.340061E+0	3.221168E+0	1.390800E+0	4.480000E-3	1.000000E-2	0.000000E+0	6.000000E+1	4.000000E+0	6.000000E+1	4.000000E+0	1.000000E+0	7.400000E+1
1.644361E+0	1.704800E+2	6.939814E+2	6.934700E-1	1.122650E+1	6.177081E+1	7.276160E+1	1.377100E+0	1.002000E-1	3.733000E-2	1.122650E+1	3.325168E+0	2.178491E+0	1.377100E+0	3.000000E-3	1.000000E-2	0.000000E+0	6.000000E+1	4.000000E+0	6.000000E+1	4.000000E+0	1.000000E+0	7.500000E+1
1.666395E+0	1.704800E+2	7.439814E+2	7.442500E-1	1.219320E+1	6.103812E+1	7.229437E+1	1.386000E+0	1.002000E-1	3.915000E-2	1.219320E+1	3.210806E+0	2.352092E+0	1.386000E+0	3.260000E-3	1.000000E-2	0.000000E+0	6.000000E+1	4.000000E+0	6.000000E+1	4.000000E+0	1.000000E+0	7.600000E+1
1.689163E+0	1.704800E+2	7.939814E+2	7.936100E-1	1.312800E+1	6.045171E+1	7.254646E+1	1.377600E+0	9.994000E-2	4.331000E-2	1.312800E+1	3.299055E+0	2.809233E+0	1.377600E+0	3.870000E-3	1.000000E-2	0.000000E+0	6.000000E+1	4.000000E+0	6.000000E+1	4.000000E+0	1.000000E+0	7.700000E+1
1.710731E+0	1.704800E+2	8.439814E+2	8.439600E-1	1.413500E+1	5.970711E+1	7.233658E+1	1.384500E+0	1.001500E-1	4.683000E-2	1.413500E+1	3.313053E+0	3.430841E+0	1.384500E+0	4.750000E-3	1.000000E-2	0.000000E+0	6.000000E+1	4.000000E+0	6.000000E+1	4.000000E+0	1.000000E+0	7.800000E+1
1.732549E+0	1.704800E+2	8.939814E+2	8.943100E-1	1.510680E+1	5.919917E+1	7.238623E+1	1.388800E+0	1.005300E-1	4.990000E-2	1.510680E+1	3.303148E+0	3.168203E+0	1.388800E+0	4.400000E-3	1.000000E-2	0.000000E+0	6.000000E+1	4.000000E+0	6.000000E+1	4.000000E+0	1.000000E+0	7.900000E+1
1.754317E+0	1.704800E+2	9.439814E+2	9.440500E-1	1.612520E+1	5.854501E+1	7.203365E+1	1.390600E+0	1.001700E-1	5.339000E-2	1.612520E+1	3.310967E+0	2.933985E+0	1.390600E+0	4.080000E-3	1.000000E-2	0.000000E+0	6.000000E+1	4.000000E+0	6.000000E+1	4.000000E+0	1.000000E+0	8.000000E+1
1.777152E+0	1.704800E+2	9.939814E+2	9.938700E-1	1.710080E+1	5.811833E+1	7.265187E+1	1.374500E+0	9.986000E-2	5.715000E-2	1.710080E+1	3.341949E+0	2.422699E+0	1.374500E+0	3.330000E-3	1.000000E-2	0.000000E+0	6.000000E+1	4.000000E+0	6.000000E+1	4.000000E+0	1.000000E+0	8.100000E+1
1.798636E+0	1.704800E+2	1.043981E+3	1.043690E+0	1.812060E+1	5.759688E+1	7.137350E+1	1.400800E+0	9.998000E-2	6.132000E-2	1.812060E+1	3.383994E+0	3.126785E+0	1.400800E+0	4.380000E-3	1.000000E-2	0.000000E+0	6.000000E+1	4.000000E+0	6.000000E+1	4.000000E+0	1.000000E+0	8.200000E+1
1.820654E+0	1.704800E+2	1.093981E+3	1.094260E+0	1.922770E+1	5.691060E+1	7.180576E+1	1.390000E+0	9.981000E-2	6.399000E-2	1.922770E+1	3.328011E+0	2.467626E+0	1.390000E+0	3.430000E-3	1.000000E-2	0.000000E+0	6.000000E+1	4.000000E+0	6.000000E+1	4.000000E+0	1.000000E+0	8.300000E+1
1.842439E+0	1.704800E+2	1.143981E+3	1.143640E+0	2.017560E+1	5.668431E+1	7.256914E+1	1.374000E+0	9.971000E-2	6.709000E-2	2.017560E+1	3.325304E+0	2.721980E+0	1.374000E+0	3.740000E-3	1.000000E-2	0.000000E+0	6.000000E+1	4.000000E+0	6.000000E+1	4.000000E+0	1.000000E+0	8.400000E+1
1.865023E+0	1.704800E+2	1.193981E+3	1.193530E+0	2.127690E+1	5.609511E+1	7.193247E+1	1.392000E+0	1.001300E-1	7.121000E-2	2.127690E+1	3.346822E+0	2.902299E+0	1.392000E+0	4.040000E-3	1.000000E-2	0.000000E+0	6.000000E+1	4.000000E+0	6.000000E+1	4.000000E+0	1.000000E+0	8.500000E+1
1.886508E+0	1.704800E+2	1.243981E+3	1.243800E+0	2.235250E+1	5.564478E+1	7.146120E+1	1.400900E+0	1.001100E-1	7.448000E-2	2.235250E+1	3.332066E+0	3.147976E+0	1.400900E+0	4.410000E-3	1.000000E-2	0.000000E+0	6.000000E+1	4.000000E+0	6.000000E+1	4.000000E+0	1.000000E+0	8.600000E+1
1.908376E+0	1.704800E+2	1.293981E+3	1.293930E+0	2.342760E+1	5.523101E+1	7.202017E+1	1.388500E+0	1.000000E-1	7.938000E-2	2.342760E+1	3.388311E+0	2.585524E+0	1.388500E+0	3.590000E-3	1.000000E-2	0.000000E+0	6.000000E+1	4.000000E+0	6.000000E+1	4.000000E+0	1.000000E+0	8.700000E+1
1.930344E+0	1.704800E+2	1.343981E+3	1.343680E+0	2.450220E+1	5.483916E+1	7.208514E+1	1.386000E+0	9.991000E-2	8.173000E-2	2.450220E+1	3.335619E+0	2.554113E+0	1.386000E+0	3.540000E-3	1.000000E-2	0.000000E+0	6.000000E+1	4.000000E+0	6.000000E+1	4.000000E+0	1.000000E+0	8.800000E+1
1.953012E+0	1.704800E+2	1.393981E+3	1.393860E+0	2.561930E+1	5.440664E+1	7.186560E+1	1.395800E+0	1.003100E-1	8.511000E-2	2.561930E+1	3.322105E+0	3.059178E+0	1.395800E+0	4.270000E-3	1.000000E-2	0.000000E+0	6.000000E+1	4.000000E+0	6.000000E+1	4.000000E+0	1.000000E+0	8.900000E+1
1.974613E+0	1.704800E+2	1.443981E+3	1.444160E+0	2.681570E+1	5.385502E+1	7.198242E+1	1.387700E+0	9.989000E-2	8.990000E-2	2.681570E+1	3.352514E+0	3.077034E+0	1.387700E+0	4.270000E-3	1.000000E-2	0.000000E+0	6.000000E+1	4.000000E+0	6.000000E+1	4.000000E+0	1.000000E+0	9.000000E+1
1.996614E+0	1.704800E+2	1.493981E+3	1.494160E+0	2.793650E+1	5.348415E+1	7.225463E+1	1.388700E+0	1.003400E-1	9.351000E-2	2.793650E+1	3.347234E+0	3.442068E+0	1.388700E+0	4.780000E-3	1.000000E-2	0.000000E+0	6.000000E+1	4.000000E+0	6.000000E+1	4.000000E+0	1.000000E+0	9.100000E+1
2.018465E+0	1.704800E+2	1.543981E+3	1.543690E+0	2.899900E+1	5.323253E+1	7.286509E+1	1.365400E+0	9.949000E-2	9.720000E-2	2.899900E+1	3.351840E+0	2.761096E+0	1.365400E+0	3.770000E-3	1.000000E-2	0.000000E+0	6.000000E+1	4.000000E+0	6.000000E+1	4.000000E+0	1.000000E+0	9.200000E+1
2.041050E+0	1.704800E+2	1.593981E+3	1.594300E+0	3.032480E+1	5.257413E+1	7.215236E+1	1.383600E+0	9.983000E-2	1.014400E-1	3.032480E+1	3.345117E+0	2.891009E+0	1.383600E+0	4.000000E-3	1.000000E-2	0.000000E+0	6.000000E+1	4.000000E+0	6.000000E+1	4.000000E+0	1.000000E+0	9.300000E+1
2.062785E+0	1.704800E+2	1.643981E+3	1.643860E+0	3.148270E+1	5.221471E+1	7.180062E+1	1.382300E+0	9.925000E-2	1.055500E-1	3.148270E+1	3.352635E+0	2.155827E+0	1.382300E+0	2.980000E-3	1.000000E-2	0.000000E+0	6.000000E+1	4.000000E+0	6.000000E+1	4.000000E+0	1.000000E+0	9.400000E+1
2.084903E+0	1.704800E+2	1.693981E+3	1.693600E+0	3.278250E+1	5.166171E+1	7.267657E+1	1.380500E+0	1.003300E-1	1.089100E-1	3.278250E+1	3.322199E+0	2.687432E+0	1.380500E+0	3.710000E-3	1.000000E-2	0.000000E+0	6.000000E+1	4.000000E+0	6.000000E+1	4.000000E+0	1.000000E+0	9.500000E+1
2.106687E+0	1.704800E+2	1.743981E+3	1.743970E+0	3.400410E+1	5.128705E+1	7.174054E+1	1.392100E+0	9.987000E-2	1.141200E-1	3.400410E+1	3.356066E+0	2.449537E+0	1.392100E+0	3.410000E-3	1.000000E-2	0.000000E+0	6.000000E+1	4.000000E+0	6.000000E+1	4.000000E+0	1.000000E+0	9.600000E+1
2.129372E+0	1.704800E+2	1.793981E+3	1.794050E+0	3.524710E+1	5.089922E+1	7.170283E+1	1.401200E+0	1.004700E-1	1.181300E-1	3.524710E+1	3.351481E+0	2.876106E+0	1.401200E+0	4.030000E-3	1.000000E-2	0.000000E+0	6.000000E+1	4.000000E+0	6.000000E+1	4.000000E+0	1.000000E+0	9.700000E+1
2.150923E+0	1.704800E+2	1.843981E+3	1.844040E+0	3.655490E+1	5.044577E+1	7.150687E+1	1.404900E+0	1.004600E-1	1.219200E-1	3.655490E+1	3.335257E+0	2.057086E+0	1.404900E+0	2.890000E-3	1.000000E-2	0.000000E+0	6.000000E+1	4.000000E+0	6.000000E+1	4.000000E+0	1.000000E+0	9.800000E+1
2.173624E+0	1.704800E+2	1.893981E+3	1.893140E+0	3.776630E+1	5.012776E+1	7.171724E+1	1.390600E+0	9.973000E-2	1.272600E-1	3.776630E+1	3.369671E+0	2.747016E+0	1.390600E+0	3.820000E-3	1.000000E-2	0.000000E+0	6.000000E+1	4.000000E+0	6.000000E+1	4.000000E+0	1.000000E+0	9.900000E+1
2.195626E+0	1.704800E+2	1.943981E+3	1.943690E+0	3.909240E+1	4.972041E+1	7.248240E+1	1.392200E+0	1.009100E-1	1.309800E-1	3.909240E+1	3.350523E+0	3.498061E+0	1.392200E+0	4.870000E-3	1.000000E-2	0.000000E+0	6.000000E+1	4.000000E+0	6.000000E+1	4.000000E+0	1.000000E+0	1.000000E+2
2.218377E+0	1.704800E+2	1.993981E+3	1.993610E+0	4.031370E+1	4.945242E+1	7.189964E+1	1.395000E+0	1.003000E-1	1.357100E-1	4.031370E+1	3.366349E+0	2.724014E+0	1.395000E+0	3.800000E-3	1.000000E-2	0.000000E+0	6.000000E+1	4.000000E+0	6.000000E+1	4.000000E+0	1.000000E+0	1.010000E+2
2.240111E+0	1.704800E+2	2.043981E+3	2.043490E+0	4.160150E+1	4.912058E+1	7.182945E+1	1.379100E+0	9.906000E-2	1.402800E-1	4.160150E+1	3.371994E+0	3.589297E+0	1.379100E+0	4.950000E-3	1.000000E-2	0.000000E+0	6.000000E+1	4.000000E+0	6.000000E+1	4.000000E+0	1.000000E+0	1.020000E+2
2.262029E+0	1.704800E+2	2.093981E+3	2.093010E+0	4.295410E+1	4.872666E+1	7.188538E+1	1.385400E+0	9.959000E-2	1.444000E-1	4.295410E+1	3.361728E+0	2.685145E+0	1.385400E+0	3.720000E-3	1.000000E-2	0.000000E+0	6.000000E+1	4.000000E+0	6.000000E+1	4.000000E+0	1.000000E+0	1.030000E+2
2.284731E+0	1.704800E+2	2.143981E+3	2.144040E+0	4.424590E+1	4.845737E+1	7.114113E+1	1.406500E+0	1.000600E-1	1.473700E-1	4.424590E+1	3.330704E+0	2.303590E+0	1.406500E+0	3.240000E-3	1.000000E-2	0.000000E+0	6.000000E+1	4.000000E+0	6.000000E+1	4.000000E+0	1.000000E+0	1.040000E+2
2.306249E+0	1.704800E+2	2.193981E+3	2.193870E+0	4.558110E+1	4.813113E+1	7.213482E+1	1.385600E+0	9.995000E-2	1.525700E-1	4.558110E+1	3.347221E+0	2.742494E+0	1.385600E+0	3.800000E-3	1.000000E-2	0.000000E+0	6.000000E+1	4.000000E+0	6.000000E+1	4.000000E+0	1.000000E+0	1.050000E+2
2.328300E+0	1.704800E+2	2.243981E+3	2.244080E+0	4.688510E+1	4.786339E+1	7.133625E+1	1.392700E+0	9.935000E-2	1.579300E-1	4.688510E+1	3.368448E+0	2.735693E+0	1.392700E+0	3.810000E-3	1.000000E-2	0.000000E+0	6.000000E+1	4.000000E+0	6.000000E+1	4.000000E+0	1.000000E+0	1.060000E+2
2.350251E+0	1.704800E+2	2.293981E+3	2.293930E+0	4.816490E+1	4.762659E+1	7.161466E+1	1.397200E+0	1.000600E-1	1.611400E-1	4.816490E+1	3.345590E+0	2.612368E+0	1.397200E+0	3.650000E-3	1.000000E-2	0.000000E+0	6.000000E+1	4.000000E+0	6.000000E+1	4.000000E+0	1.000000E+0	1.070000E+2
2.372836E+0	1.704800E+2	2.343981E+3	2.343970E+0	4.975410E+1	4.711109E+1	7.128884E+1	1.390400E+0	9.912000E-2	1.668900E-1	4.975410E+1	3.354296E+0	2.639528E+0	1.390400E+0	3.670000E-3	1.000000E-2	0.000000E+0	6.000000E+1	4.000000E+0	6.000000E+1	4.000000E+0	1.000000E+0	1.080000E+2
2.394454E+0	1.704800E+2	2.393981E+3	2.394280E+0	5.116530E+1	4.679500E+1	7.092424E+1	1.416300E+0	1.004500E-1	1.716800E-1	5.116530E+1	3.355399E+0	2.167620E+0	1.416300E+0	3.070000E-3	1.000000E-2	0.000000E+0	6.000000E+1	4.000000E+0	6.000000E+1	4.000000E+0	1.000000E+0	1.090000E+2
2.416322E+0	1.704800E+2	2.443981E+3	2.443740E+0	5.249030E+1	4.655603E+1	7.162768E+1	1.406300E+0	1.007300E-1	1.751800E-1	5.249030E+1	3.337379E+0	2.296807E+0	1.406300E+0	3.230000E-3	1.000000E-2	0.000000E+0	6.000000E+1	4.000000E+0	6.000000E+1	4.000000E+0	1.000000E+0	1.100000E+2
2.438289E+0	1.704800E+2	2.493981E+3	2.493290E+0	5.388500E+1	4.627058E+1	7.206073E+1	1.389800E+0	1.001500E-1	1.802400E-1	5.388500E+1	3.344901E+0	2.144193E+0	1.389800E+0	2.980000E-3	1.000000E-2	0.000000E+0	6.000000E+1	4.000000E+0	6.000000E+1	4.000000E+0	1.000000E+0	1.110000E+2
2.460157E+0	1.704800E+2	2.543981E+3	2.544220E+0	5.544560E+1	4.588678E+1	7.095768E+1	1.410700E+0	1.001000E-1	1.851200E-1	5.544560E+1	3.338768E+0	3.119019E+0	1.410700E+0	4.400000E-3	1.000000E-2	0.000000E+0	6.000000E+1	4.000000E+0	6.000000E+1	4.000000E+0	1.000000E+0	1.120000E+2
2.482092E+0	1.704800E+2	2.593981E+3	2.593340E+0	5.659970E+1	4.581897E+1	7.043700E+1	1.411900E+0	9.945000E-2	1.896000E-1	5.659970E+1	3.349841E+0	2.379772E+0	1.411900E+0	3.360000E-3	1.000000E-2	0.000000E+0	6.000000E+1	4.000000E+0	6.000000E+1	4.000000E+0	1.000000E+0	1.130000E+2
2.504077E+0	1.704800E+2	2.643981E+3	2.640610E+0	5.810210E+1	4.544775E+1	7.061892E+1	1.418600E+0	1.001800E-1	1.941000E-1	5.810210E+1	3.340671E+0	2.523615E+0	1.418600E+0	3.580000E-3	1.000000E-2	0.000000E+0	6.000000E+1	4.000000E+0	6.000000E+1	4.000000E+0	1.000000E+0	1.140000E+2
2.526728E+0	1.704800E+2	2.693981E+3	2.686960E+0	5.960380E+1	4.508035E+1	7.084273E+1	1.419200E+0	1.005400E-1	1.993000E-1	5.960380E+1	3.343747E+0	3.276494E+0	1.419200E+0	4.650000E-3	1.000000E-2	0.000000E+0	6.000000E+1	4.000000E+0	6.000000E+1	4.000000E+0	1.000000E+0	1.150000E+2
2.548462E+0	1.704800E+2	2.743981E+3	2.699800E+0	6.002410E+1	4.497860E+1	7.136570E+1	1.408800E+0	1.005400E-1	2.009000E-1	6.002410E+1	3.346989E+0	2.775412E+0	1.408800E+0	3.910000E-3	1.000000E-2	0.000000E+0	6.000000E+1	4.000000E+0	6.000000E+1	4.000000E+0	1.000000E+0	1.160000E+2
2.570230E+0	1.704800E+2	2.793981E+3	2.695510E+0	5.999240E+1	4.493086E+1	7.060317E+1	1.417500E+0	1.000800E-1	2.003200E-1	5.999240E+1	3.339090E+0	2.349206E+0	1.417500E+0	3.330000E-3	1.000000E-2	0.000000E+0	6.000000E+1	4.000000E+0	6.000000E+1	4.000000E+0	1.000000E+0	1.170000E+2
2.592065E+0	1.704800E+2	2.843981E+3	2.694310E+0	5.998190E+1	4.491872E+1	7.093575E+1	1.411700E+0	1.001400E-1	2.006300E-1	5.998190E+1	3.344842E+0	2.337607E+0	1.411700E+0	3.300000E-3	1.000000E-2	0.000000E+0	6.000000E+1	4.000000E+0	6.000000E+1	4.000000E+0	1.000000E+0	1.180000E+2
2.613933E+0	1.704800E+2	2.893981E+3	2.694530E+0	6.000520E+1	4.490494E+1	7.059323E+1	1.412600E+0	9.972000E-2	2.002200E-1	6.000520E+1	3.336711E+0	2.541413E+0	1.412600E+0	3.590000E-3	1.000000E-2	0.000000E+0	6.000000E+1	4.000000E+0	6.000000E+1	4.000000E+0	1.000000E+0	1.190000E+2
2.635834E+0	1.704800E+2	2.943981E+3	2.700010E+0	5.999710E+1	4.500234E+1	7.104701E+1	1.404000E+0	9.975000E-2	2.011400E-1	5.999710E+1	3.352495E+0	2.393162E+0	1.404000E+0	3.360000E-3	1.000000E-2	0.000000E+0	6.000000E+1	4.000000E+0	6.000000E+1	4.000000E+0	1.000000E+0	1.200000E+2
2.657719E+0	1.704800E+2	2.993981E+3	2.696860E+0	6.000990E+1	4.494025E+1	7.146230E+1	1.397800E+0	9.989000E-2	2.018500E-1	6.000990E+1	3.363612E+0	2.868794E+0	1.397800E+0	4.010000E-3	1.000000E-2	0.000000E+0	6.000000E+1	4.000000E+0	6.000000E+1	4.000000E+0	1.000000E+0	1.210000E+2
2.680387E+0	1.704800E+2	3.000000E+3	2.694930E+0	5.998870E+1	4.492396E+1	7.131118E+1	1.399500E+0	9.980000E-2	2.007400E-1	5.998870E+1	3.346297E+0	2.150768E+0	1.399500E+0	3.010000E-3	1.000000E-2	0.000000E+0	6.000000E+1	4.000000E+0	6.000000E+1	4.000000E+0	1.000000E+0	1.220000E+2
2.702005E+0	1.704800E+2	2.950000E+3	2.695430E+0	6.000900E+1	4.491710E+1	7.121706E+1	1.411600E+0	1.005300E-1	1.996100E-1	6.000900E+1	3.326334E+0	2.939926E+0	1.411600E+0	4.150000E-3	1.000000E-2	0.000000E+0	6.000000E+1	4.000000E+0	6.000000E+1	4.000000E+0	1.000000E+0	1.230000E+2
2.723972E+0	1.704800E+2	2.900000E+3	2.691770E+0	5.999870E+1	4.486381E+1	7.108957E+1	1.403300E+0	9.976000E-2	2.000000E-1	5.999870E+1	3.333406E+0	2.551129E+0	1.403300E+0	3.580000E-3	1.000000E-2	0.000000E+0	6.000000E+1	4.000000E+0	6.000000E+1	4.000000E+0	1.000000E+0	1.240000E+2
2.745790E+0	1.704800E+2	2.850000E+3	2.696000E+0	5.999980E+1	4.493348E+1	7.195052E+1	1.390400E+0	1.000400E-1	2.000300E-1	5.999980E+1	3.333844E+0	3.178941E+0	1.390400E+0	4.420000E-3	1.000000E-2	0.000000E+0	6.000000E+1	4.000000E+0	6.000000E+1	4.000000E+0	1.000000E+0	1.250000E+2
2.769008E+0	1.704800E+2	2.800000E+3	2.691750E+0	6.000500E+1	4.485876E+1	7.171212E+1	1.400600E+0	1.004400E-1	2.009100E-1	6.000500E+1	3.348221E+0	3.027274E+0	1.400600E+0	4.240000E-3	1.000000E-2	0.000000E+0	6.000000E+1	4.000000E+0	6.000000E+1	4.000000E+0	1.000000E+0	1.260000E+2
2.790743E+0	1.704800E+2	2.750000E+3	2.690580E+0	5.999560E+1	4.484629E+1	7.119565E+1	1.398400E+0	9.956000E-2	1.998300E-1	5.999560E+1	3.330744E+0	2.331236E+0	1.398400E+0	3.260000E-3	1.000000E-2	0.000000E+0	6.000000E+1	4.000000E+0	6.000000E+1	4.000000E+0	1.000000E+0	1.270000E+2
2.812644E+0	1.704800E+2	2.700000E+3	2.687950E+0	5.993600E+1	4.484700E+1	7.151519E+1	1.401800E+0	1.002500E-1	1.992200E-1	5.993600E+1	3.323879E+0	2.482522E+0	1.401800E+0	3.480000E-3	1.000000E-2	0.000000E+0	6.000000E+1	4.000000E+0	6.000000E+1	4.000000E+0	1.000000E+0	1.280000E+2
2.834662E+0	1.704800E+2	2.650000E+3	2.647160E+0	5.872460E+1	4.507753E+1	7.140307E+1	1.400500E+0	1.000000E-1	1.959900E-1	5.872460E+1	3.337443E+0	2.313459E+0	1.400500E+0	3.240000E-3	1.000000E-2	0.000000E+0	6.000000E+1	4.000000E+0	6.000000E+1	4.000000E+0	1.000000E+0	1.290000E+2
2.856463E+0	1.704800E+2	2.600000E+3	2.597890E+0	5.722430E+1	4.539837E+1	7.132041E+1	1.413200E+0	1.007900E-1	1.916800E-1	5.722430E+1	3.349626E+0	2.759694E+0	1.413200E+0	3.900000E-3	1.000000E-2	0.000000E+0	6.000000E+1	4.000000E+0	6.000000E+1	4.000000E+0	1.000000E+0	1.300000E+2
2.878365E+0	1.704800E+2	2.550000E+3	2.548990E+0	5.581580E+1	4.566789E+1	7.166404E+1	1.395400E+0	1.000000E-1	1.868000E-1	5.581580E+1	3.346723E+0	3.103053E+0	1.395400E+0	4.330000E-3	1.000000E-2	0.000000E+0	6.000000E+1	4.000000E+0	6.000000E+1	4.000000E+0	1.000000E+0	1.310000E+2
2.900183E+0	1.704800E+2	2.500000E+3	2.499420E+0	5.441460E+1	4.593289E+1	7.134654E+1	1.393200E+0	9.940000E-2	1.815600E-1	5.441460E+1	3.336605E+0	3.129486E+0	1.393200E+0	4.360000E-3	1.000000E-2	0.000000E+0	6.000000E+1	4.000000E+0	6.000000E+1	4.000000E+0	1.000000E+0	1.320000E+2
2.922017E+0	1.704800E+2	2.450000E+3	2.449630E+0	5.294640E+1	4.626622E+1	7.117104E+1	1.397900E+0	9.949000E-2	1.765700E-1	5.294640E+1	3.334882E+0	3.040275E+0	1.397900E+0	4.250000E-3	1.000000E-2	0.000000E+0	6.000000E+1	4.000000E+0	6.000000E+1	4.000000E+0	1.000000E+0	1.330000E+2
2.943868E+0	1.704800E+2	2.400000E+3	2.400210E+0	5.154400E+1	4.656623E+1	7.194658E+1	1.392700E+0	1.002000E-1	1.717600E-1	5.154400E+1	3.332299E+0	2.886480E+0	1.392700E+0	4.020000E-3	1.000000E-2	0.000000E+0	6.000000E+1	4.000000E+0	6.000000E+1	4.000000E+0	1.000000E+0	1.340000E+2
2.966736E+0	1.704800E+2	2.350000E+3	2.349600E+0	5.015440E+1	4.684734E+1	7.103458E+1	1.414100E+0	1.004500E-1	1.677500E-1	5.015440E+1	3.344672E+0	2.574075E+0	1.414100E+0	3.640000E-3	1.000000E-2	0.000000E+0	6.000000E+1	4.000000E+0	6.000000E+1	4.000000E+0	1.000000E+0	1.350000E+2
2.988338E+0	1.704800E+2	2.300000E+3	2.300220E+0	4.877470E+1	4.716011E+1	7.125115E+1	1.409100E+0	1.004000E-1	1.626100E-1	4.877470E+1	3.333901E+0	2.356114E+0	1.409100E+0	3.320000E-3	1.000000E-2	0.000000E+0	6.000000E+1	4.000000E+0	6.000000E+1	4.000000E+0	1.000000E+0	1.360000E+2
3.010322E+0	1.704800E+2	2.250000E+3	2.250240E+0	4.737570E+1	4.749777E+1	7.179469E+1	1.393000E+0	1.000100E-1	1.580300E-1	4.737570E+1	3.335676E+0	2.433597E+0	1.393000E+0	3.390000E-3	1.000000E-2	0.000000E+0	6.000000E+1	4.000000E+0	6.000000E+1	4.000000E+0	1.000000E+0	1.370000E+2
3.032090E+0	1.704800E+2	2.200000E+3	2.200140E+0	4.611130E+1	4.771368E+1	7.106073E+1	1.398100E+0	9.935000E-2	1.552000E-1	4.611130E+1	3.365769E+0	2.675059E+0	1.398100E+0	3.740000E-3	1.000000E-2	0.000000E+0	6.000000E+1	4.000000E+0	6.000000E+1	4.000000E+0	1.000000E+0	1.380000E+2
3.054908E+0	1.704800E+2	2.150000E+3	2.149270E+0	4.462300E+1	4.816507E+1	7.114046E+1	1.408200E+0	1.001800E-1	1.491000E-1	4.462300E+1	3.341326E+0	2.627468E+0	1.408200E+0	3.700000E-3	1.000000E-2	0.000000E+0	6.000000E+1	4.000000E+0	6.000000E+1	4.000000E+0	1.000000E+0	1.390000E+2
3.076593E+0	1.704800E+2	2.100000E+3	2.099610E+0	4.321880E+1	4.858094E+1	7.153791E+1	1.398000E+0	1.000100E-1	1.449200E-1	4.321880E+1	3.353170E+0	2.753934E+0	1.398000E+0	3.850000E-3	1.000000E-2	0.000000E+0	6.000000E+1	4.000000E+0	6.000000E+1	4.000000E+0	1.000000E+0	1.400000E+2
3.098711E+0	1.704800E+2	2.050000E+3	2.049420E+0	4.196900E+1	4.883176E+1	7.107997E+1	1.405600E+0	9.991000E-2	1.406300E-1	4.196900E+1	3.350807E+0	2.333523E+0	1.405600E+0	3.280000E-3	1.000000E-2	0.000000E+0	6.000000E+1	4.000000E+0	6.000000E+1	4.000000E+0	1.000000E+0	1.410000E+2
3.120528E+0	1.704800E+2	2.000000E+3	1.999910E+0	4.059740E+1	4.926202E+1	7.179893E+1	1.388600E+0	9.970000E-2	1.367000E-1	4.059740E+1	3.367211E+0	2.988622E+0	1.388600E+0	4.150000E-3	1.000000E-2	0.000000E+0	6.000000E+1	4.000000E+0	6.000000E+1	4.000000E+0	1.000000E+0	1.420000E+2
3.142363E+0	1.704800E+2	1.950000E+3	1.949510E+0	3.924860E+1	4.967082E+1	7.065593E+1	1.416300E+0	1.000700E-1	1.307900E-1	3.924860E+1	3.332348E+0	2.344136E+0	1.416300E+0	3.320000E-3	1.000000E-2	0.000000E+0	6.000000E+1	4.000000E+0	6.000000E+1	4.000000E+0	1.000000E+0	1.430000E+2
3.164298E+0	1.704800E+2	1.900000E+3	1.899820E+0	3.788430E+1	5.014795E+1	7.093203E+1	1.427000E+0	1.012200E-1	1.274400E-1	3.788430E+1	3.363926E+0	2.599860E+0	1.427000E+0	3.710000E-3	1.000000E-2	0.000000E+0	6.000000E+1	4.000000E+0	6.000000E+1	4.000000E+0	1.000000E+0	1.440000E+2
3.186149E+0	1.704800E+2	1.850000E+3	1.849790E+0	3.655900E+1	5.059739E+1	7.119368E+1	1.404900E+0	1.000200E-1	1.220900E-1	3.655900E+1	3.339533E+0	2.548224E+0	1.404900E+0	3.580000E-3	1.000000E-2	0.000000E+0	6.000000E+1	4.000000E+0	6.000000E+1	4.000000E+0	1.000000E+0	1.450000E+2
3.208850E+0	1.704800E+2	1.800000E+3	1.800370E+0	3.537150E+1	5.089889E+1	7.120804E+1	1.412200E+0	1.005600E-1	1.183700E-1	3.537150E+1	3.346480E+0	2.605863E+0	1.412200E+0	3.680000E-3	1.000000E-2	0.000000E+0	6.000000E+1	4.000000E+0	6.000000E+1	4.000000E+0	1.000000E+0	1.460000E+2
3.230551E+0	1.704800E+2	1.750000E+3	1.749540E+0	3.415610E+1	5.122189E+1	7.197751E+1	1.387100E+0	9.984000E-2	1.143900E-1	3.415610E+1	3.349036E+0	2.977435E+0	1.387100E+0	4.130000E-3	1.000000E-2	0.000000E+0	6.000000E+1	4.000000E+0	6.000000E+1	4.000000E+0	1.000000E+0	1.470000E+2
3.252519E+0	1.704800E+2	1.700000E+3	1.700600E+0	3.283310E+1	5.179529E+1	7.178645E+1	1.401100E+0	1.005800E-1	1.092100E-1	3.283310E+1	3.326217E+0	2.676468E+0	1.401100E+0	3.750000E-3	1.000000E-2	0.000000E+0	6.000000E+1	4.000000E+0	6.000000E+1	4.000000E+0	1.000000E+0	1.480000E+2
3.274371E+0	1.704800E+2	1.650000E+3	1.649930E+0	3.172100E+1	5.201381E+1	7.129282E+1	1.410100E+0	1.005300E-1	1.058200E-1	3.172100E+1	3.335960E+0	2.623927E+0	1.410100E+0	3.700000E-3	1.000000E-2	0.000000E+0	6.000000E+1	4.000000E+0	6.000000E+1	4.000000E+0	1.000000E+0	1.490000E+2
3.296272E+0	1.704800E+2	1.600000E+3	1.599790E+0	3.054760E+1	5.237040E+1	7.200432E+1	1.389500E+0	1.000500E-1	1.020100E-1	3.054760E+1	3.339379E+0	2.907521E+0	1.389500E+0	4.040000E-3	1.000000E-2	0.000000E+0	6.000000E+1	4.000000E+0	6.000000E+1	4.000000E+0	1.000000E+0	1.500000E+2
3.318223E+0	1.704800E+2	1.550000E+3	1.550240E+0	2.936610E+1	5.279012E+1	7.177989E+1	1.386600E+0	9.953000E-2	9.847000E-2	2.936610E+1	3.353186E+0	3.353527E+0	1.386600E+0	4.650000E-3	1.000000E-2	0.000000E+0	6.000000E+1	4.000000E+0	6.000000E+1	4.000000E+0	1.000000E+0	1.510000E+2
3.340224E+0	1.704800E+2	1.500000E+3	1.499980E+0	2.824210E+1	5.311149E+1	7.113841E+1	1.408100E+0	1.001700E-1	9.423000E-2	2.824210E+1	3.336508E+0	2.393296E+0	1.408100E+0	3.370000E-3	1.000000E-2	0.000000E+0	6.000000E+1	4.000000E+0	6.000000E+1	4.000000E+0	1.000000E+0	1.520000E+2
3.362426E+0	1.704800E+2	1.450000E+3	1.450280E+0	2.709840E+1	5.351903E+1	7.224942E+1	1.388800E+0	1.003400E-1	9.076000E-2	2.709840E+1	3.349275E+0	2.714574E+0	1.388800E+0	3.770000E-3	1.000000E-2	0.000000E+0	6.000000E+1	4.000000E+0	6.000000E+1	4.000000E+0	1.000000E+0	1.530000E+2
3.384044E+0	1.704800E+2	1.400000E+3	1.399720E+0	2.591160E+1	5.401905E+1	7.159903E+1	1.399600E+0	1.002100E-1	8.543000E-2	2.591160E+1	3.296979E+0	2.679337E+0	1.399600E+0	3.750000E-3	1.000000E-2	0.000000E+0	6.000000E+1	4.000000E+0	6.000000E+1	4.000000E+0	1.000000E+0	1.540000E+2
3.406111E+0	1.704800E+2	1.350000E+3	1.350540E+0	2.485700E+1	5.433238E+1	7.101665E+1	1.411500E+0	1.002400E-1	8.218000E-2	2.485700E+1	3.306111E+0	3.258944E+0	1.411500E+0	4.600000E-3	1.000000E-2	0.000000E+0	6.000000E+1	4.000000E+0	6.000000E+1	4.000000E+0	1.000000E+0	1.550000E+2
3.428596E+0	1.704800E+2	1.300000E+3	1.299760E+0	2.369860E+1	5.484543E+1	7.171674E+1	1.398000E+0	1.002600E-1	7.927000E-2	2.369860E+1	3.344923E+0	2.517883E+0	1.398000E+0	3.520000E-3	1.000000E-2	0.000000E+0	6.000000E+1	4.000000E+0	6.000000E+1	4.000000E+0	1.000000E+0	1.560000E+2
3.451414E+0	1.704800E+2	1.250000E+3	1.250460E+0	2.260400E+1	5.532030E+1	7.121847E+1	1.407500E+0	1.002400E-1	7.631000E-2	2.260400E+1	3.375951E+0	2.493783E+0	1.407500E+0	3.510000E-3	1.000000E-2	0.000000E+0	6.000000E+1	4.000000E+0	6.000000E+1	4.000000E+0	1.000000E+0	1.570000E+2
3.473415E+0	1.704800E+2	1.200000E+3	1.200390E+0	2.155960E+1	5.567775E+1	7.127577E+1	1.411700E+0	1.006200E-1	7.214000E-2	2.155960E+1	3.346073E+0	2.854714E+0	1.411700E+0	4.030000E-3	1.000000E-2	0.000000E+0	6.000000E+1	4.000000E+0	6.000000E+1	4.000000E+0	1.000000E+0	1.580000E+2
3.495350E+0	1.704800E+2	1.150000E+3	1.149720E+0	2.047410E+1	5.615485E+1	7.136144E+1	1.404400E+0	1.002200E-1	6.951000E-2	2.047410E+1	3.395021E+0	2.812589E+0	1.404400E+0	3.950000E-3	1.000000E-2	0.000000E+0	6.000000E+1	4.000000E+0	6.000000E+1	4.000000E+0	1.000000E+0	1.590000E+2
3.518368E+0	1.704800E+2	1.100000E+3	1.099370E+0	1.940680E+1	5.664870E+1	7.104420E+1	1.404900E+0	9.981000E-2	6.518000E-2	1.940680E+1	3.358617E+0	2.348922E+0	1.404900E+0	3.300000E-3	1.000000E-2	0.000000E+0	6.000000E+1	4.000000E+0	6.000000E+1	4.000000E+0	1.000000E+0	1.600000E+2
3.540036E+0	1.704800E+2	1.050000E+3	1.049590E+0	1.837080E+1	5.713360E+1	7.193699E+1	1.396500E+0	1.004600E-1	6.109000E-2	1.837080E+1	3.325386E+0	3.293949E+0	1.396500E+0	4.600000E-3	1.000000E-2	0.000000E+0	6.000000E+1	4.000000E+0	6.000000E+1	4.000000E+0	1.000000E+0	1.610000E+2
3.562020E+0	1.704800E+2	1.000000E+3	1.000210E+0	1.732660E+1	5.772685E+1	7.179964E+1	1.397500E+0	1.003400E-1	5.766000E-2	1.732660E+1	3.327831E+0	2.633274E+0	1.397500E+0	3.680000E-3	1.000000E-2	0.000000E+0	6.000000E+1	4.000000E+0	6.000000E+1	4.000000E+0	1.000000E+0	1.620000E+2
3.583888E+0	1.704800E+2	9.500000E+2	9.501900E-1	1.632170E+1	5.821636E+1	7.124731E+1	1.395000E+0	9.939000E-2	5.422000E-2	1.632170E+1	3.321958E+0	2.322581E+0	1.395000E+0	3.240000E-3	1.000000E-2	0.000000E+0	6.000000E+1	4.000000E+0	6.000000E+1	4.000000E+0	1.000000E+0	1.630000E+2
3.606190E+0	1.704800E+2	9.000000E+2	8.997200E-1	1.530190E+1	5.879793E+1	7.112989E+1	1.396600E+0	9.934000E-2	5.072000E-2	1.530190E+1	3.314621E+0	2.405843E+0	1.396600E+0	3.360000E-3	1.000000E-2	0.000000E+0	6.000000E+1	4.000000E+0	6.000000E+1	4.000000E+0	1.000000E+0	1.640000E+2
3.628441E+0	1.704800E+2	8.500000E+2	8.502000E-1	1.434800E+1	5.925565E+1	7.125916E+1	1.391400E+0	9.915000E-2	4.750000E-2	1.434800E+1	3.310566E+0	3.248527E+0	1.391400E+0	4.520000E-3	1.000000E-2	0.000000E+0	6.000000E+1	4.000000E+0	6.000000E+1	4.000000E+0	1.000000E+0	1.650000E+2
3.650459E+0	1.704800E+2	8.000000E+2	7.996200E-1	1.335730E+1	5.986389E+1	7.191385E+1	1.383600E+0	9.950000E-2	4.496000E-2	1.335730E+1	3.365950E+0	2.724776E+0	1.383600E+0	3.770000E-3	1.000000E-2	0.000000E+0	6.000000E+1	4.000000E+0	6.000000E+1	4.000000E+0	1.000000E+0	1.660000E+2
3.672977E+0	1.704800E+2	7.500000E+2	7.500400E-1	1.238870E+1	6.054227E+1	7.108007E+1	1.410100E+0	1.002300E-1	4.102000E-2	1.238870E+1	3.311082E+0	3.184171E+0	1.410100E+0	4.490000E-3	1.000000E-2	0.000000E+0	6.000000E+1	4.000000E+0	6.000000E+1	4.000000E+0	1.000000E+0	1.670000E+2
3.694711E+0	1.704800E+2	7.000000E+2	6.999500E-1	1.144270E+1	6.117000E+1	7.169825E+1	1.387900E+0	9.951000E-2	3.788000E-2	1.144270E+1	3.310408E+0	2.766770E+0	1.387900E+0	3.840000E-3	1.000000E-2	0.000000E+0	6.000000E+1	4.000000E+0	6.000000E+1	4.000000E+0	1.000000E+0	1.680000E+2
3.716763E+0	1.704800E+2	6.500000E+2	6.496700E-1	1.051540E+1	6.178272E+1	7.157129E+1	1.401400E+0	1.003000E-1	3.445000E-2	1.051540E+1	3.276147E+0	2.711574E+0	1.401400E+0	3.800000E-3	1.000000E-2	0.000000E+0	6.000000E+1	4.000000E+0	6.000000E+1	4.000000E+0	1.000000E+0	1.690000E+2
3.738797E+0	1.704800E+2	6.000000E+2	6.002700E-1	9.615000E+0	6.243058E+1	7.094614E+1	1.403600E+0	9.958000E-2	3.164000E-2	9.615000E+0	3.290692E+0	2.429467E+0	1.403600E+0	3.410000E-3	1.000000E-2	0.000000E+0	7.000000E+1	4.000000E+0	6.000000E+1	4.000000E+0	1.000000E+0	1.700000E+2
3.761598E+0	1.704800E+2	5.500000E+2	5.498300E-1	8.714900E+0	6.309080E+1	7.153946E+1	1.391400E+0	9.954000E-2	2.855000E-2	8.714900E+0	3.275999E+0	2.608883E+0	1.391400E+0	3.630000E-3	1.000000E-2	0.000000E+0	7.000000E+1	4.000000E+0	6.000000E+1	4.000000E+0	1.000000E+0	1.710000E+2
3.783566E+0	1.704800E+2	5.000000E+2	4.998300E-1	7.808500E+0	6.401101E+1	7.119356E+1	1.404200E+0	9.997000E-2	2.521000E-2	7.808500E+0	3.228533E+0	2.328728E+0	1.404200E+0	3.270000E-3	1.000000E-2	0.000000E+0	7.000000E+1	4.000000E+0	6.000000E+1	4.000000E+0	1.000000E+0	1.720000E+2
3.805468E+0	1.704800E+2	4.500000E+2	4.504400E-1	6.948600E+0	6.482457E+1	7.138252E+1	1.396000E+0	9.965000E-2	2.159000E-2	6.948600E+0	3.107101E+0	2.564470E+0	1.396000E+0	3.580000E-3	1.000000E-2	0.000000E+0	7.000000E+1	4.000000E+0	7.000000E+1	4.000000E+0	1.000000E+0	1.730000E+2
3.827302E+0	1.704800E+2	4.000000E+2	4.004700E-1	6.087700E+0	6.578347E+1	7.195763E+1	1.387900E+0	9.987000E-2	1.944000E-2	6.087700E+0	3.193324E+0	2.680308E+0	1.387900E+0	3.720000E-3	1.000000E-2	0.000000E+0	7.000000E+1	4.000000E+0	7.000000E+1	4.000000E+0	1.000000E+0	1.740000E+2
3.849970E+0	1.704800E+2	3.500000E+2	3.494900E-1	5.223700E+0	6.690468E+1	7.169677E+1	1.400900E+0	1.004400E-1	1.731000E-2	5.223700E+0	3.313743E+0	3.176529E+0	1.400900E+0	4.450000E-3	1.000000E-2	0.000000E+0	7.000000E+1	4.000000E+0	7.000000E+1	4.000000E+0	1.000000E+0	1.750000E+2
3.871788E+0	1.704800E+2	3.000000E+2	3.004100E-1	4.433400E+0	6.776064E+1	7.220500E+1	1.387300E+0	1.001700E-1	1.427000E-2	4.433400E+0	3.218749E+0	2.248973E+0	1.387300E+0	3.120000E-3	1.000000E-2	0.000000E+0	7.000000E+1	4.000000E+0	7.000000E+1	4.000000E+0	1.000000E+0	1.760000E+2
3.893823E+0	1.704800E+2	2.509804E+2	2.513500E-1	3.664700E+0	6.858679E+1	7.172591E+1	1.398100E+0	1.002800E-1	1.234000E-2	3.664700E+0	3.367261E+0	2.360346E+0	1.398100E+0	3.300000E-3	1.000000E-2	0.000000E+0	7.000000E+1	4.000000E+0	7.000000E+1	4.000000E+0	1.000000E+0	1.770000E+2
3.915674E+0	1.704800E+2	2.019802E+2	2.021000E-1	2.897700E+0	6.974497E+1	7.150814E+1	1.400400E+0	1.001400E-1	9.870000E-3	2.897700E+0	3.406150E+0	2.749215E+0	1.400400E+0	3.850000E-3	1.000000E-2	0.000000E+0	7.000000E+1	4.000000E+0	7.000000E+1	4.000000E+0	1.000000E+0	1.780000E+2
3.938309E+0	1.704800E+2	1.529800E+2	1.533100E-1	2.187200E+0	7.009418E+1	7.087212E+1	1.396600E+0	9.898000E-2	6.750000E-3	2.187200E+0	3.086138E+0	2.398683E+0	1.396600E+0	3.350000E-3	1.000000E-2	0.000000E+0	7.000000E+1	4.000000E+0	7.000000E+1	4.000000E+0	1.000000E+0	1.790000E+2
3.960043E+0	1.704800E+2	1.039798E+2	1.040600E-1	1.464400E+0	7.105982E+1	7.191575E+1	1.395800E+0	1.003800E-1	4.560000E-3	1.464400E+0	3.113903E+0	2.880069E+0	1.395800E+0	4.020000E-3	1.000000E-2	0.000000E+0	7.000000E+1	4.000000E+0	7.000000E+1	4.000000E+0	1.000000E+0	1.800000E+2
3.981911E+0	1.704800E+2	5.497960E+1	5.440000E-2	7.531000E-1	7.223476E+1	7.196040E+1	1.394100E+0	1.003200E-1	1.100000E-3	7.531000E-1	1.460629E+0	2.840542E+0	1.394100E+0	3.960000E-3	1.000000E-2	0.000000E+0	7.000000E+1	4.000000E+0	7.000000E+1	4.000000E+0	1.000000E+0	1.810000E+2
4.003712E+0	1.704800E+2	5.979405E+0	6.450000E-3	7.740000E-2	8.333333E+1	7.112303E+1	1.416700E+0	1.007600E-1	-7.900000E-4	7.740000E-2	-1.020672E+1	2.463471E+0	1.416700E+0	3.490000E-3	1.000000E-2	0.000000E+0	7.000000E+1	4.000000E+0	7.000000E+1	4.000000E+0	1.000000E+0	1.820000E+2
4.025647E+0	1.704800E+2	-4.900020E+1	-4.849000E-2	-6.960000E-1	6.966954E+1	7.108967E+1	1.399500E+0	9.949000E-2	-2.630000E-3	-6.960000E-1	3.778736E+0	2.779564E+0	1.399500E+0	3.890000E-3	1.000000E-2	0.000000E+0	7.000000E+1	4.000000E+0	7.000000E+1	4.000000E+0	1.000000E+0	1.830000E+2
4.048565E+0	1.704800E+2	-9.800039E+1	-9.814000E-2	-1.397200E+0	7.024048E+1	7.239940E+1	1.389100E+0	1.005700E-1	-5.020000E-3	-1.397200E+0	3.592900E+0	1.878914E+0	1.389100E+0	2.610000E-3	1.000000E-2	0.000000E+0	7.000000E+1	4.000000E+0	7.000000E+1	4.000000E+0	1.000000E+0	1.840000E+2
4.070149E+0	1.704800E+2	-1.470006E+2	-1.464800E-1	-2.085900E+0	7.022388E+1	7.168999E+1	1.393500E+0	9.990000E-2	-7.370000E-3	-2.085900E+0	3.533247E+0	2.927879E+0	1.393500E+0	4.080000E-3	1.000000E-2	0.000000E+0	7.000000E+1	4.000000E+0	7.000000E+1	4.000000E+0	1.000000E+0	1.850000E+2
4.092067E+0	1.704800E+2	-1.960008E+2	-1.953300E-1	-2.815700E+0	6.937174E+1	7.173318E+1	1.388200E+0	9.958000E-2	-1.035000E-2	-2.815700E+0	3.675818E+0	2.744561E+0	1.388200E+0	3.810000E-3	1.000000E-2	0.000000E+0	7.000000E+1	4.000000E+0	7.000000E+1	4.000000E+0	1.000000E+0	1.860000E+2
4.114235E+0	1.704800E+2	-2.450010E+2	-2.460500E-1	-3.613900E+0	6.808434E+1	7.111080E+1	1.411600E+0	1.003800E-1	-1.343000E-2	-3.613900E+0	3.716207E+0	2.840748E+0	1.411600E+0	4.010000E-3	1.000000E-2	0.000000E+0	7.000000E+1	4.000000E+0	7.000000E+1	4.000000E+0	1.000000E+0	1.870000E+2
4.136803E+0	1.704800E+2	-2.940012E+2	-2.940600E-1	-4.380200E+0	6.713392E+1	7.136725E+1	1.397700E+0	9.975000E-2	-1.511000E-2	-4.380200E+0	3.449614E+0	3.019246E+0	1.397700E+0	4.220000E-3	1.000000E-2	0.000000E+0	7.000000E+1	4.000000E+0	7.000000E+1	4.000000E+0	1.000000E+0	1.880000E+2
4.158321E+0	1.704800E+2	-3.439814E+2	-3.438900E-1	-5.127400E+0	6.706908E+1	7.186984E+1	1.392100E+0	1.000500E-1	-1.771000E-2	-5.127400E+0	3.453992E+0	2.262768E+0	1.392100E+0	3.150000E-3	1.000000E-2	0.000000E+0	7.000000E+1	4.000000E+0	7.000000E+1	4.000000E+0	1.000000E+0	1.890000E+2
4.180222E+0	1.704800E+2	-3.939814E+2	-3.937300E-1	-6.001000E+0	6.561073E+1	7.123620E+1	1.403500E+0	9.998000E-2	-2.088000E-2	-6.001000E+0	3.479420E+0	2.857143E+0	1.403500E+0	4.010000E-3	1.000000E-2	0.000000E+0	7.000000E+1	4.000000E+0	7.000000E+1	4.000000E+0	1.000000E+0	1.900000E+2
4.202090E+0	1.704800E+2	-4.439814E+2	-4.446000E-1	-6.882200E+0	6.460144E+1	7.168002E+1	1.397600E+0	1.001800E-1	-2.409000E-2	-6.882200E+0	3.500334E+0	2.418432E+0	1.397600E+0	3.380000E-3	1.000000E-2	0.000000E+0	7.000000E+1	4.000000E+0	7.000000E+1	4.000000E+0	1.000000E+0	1.910000E+2
4.224708E+0	1.704800E+2	-4.939814E+2	-4.940900E-1	-7.720200E+0	6.399964E+1	7.133972E+1	1.398800E+0	9.979000E-2	-2.727000E-2	-7.720200E+0	3.532292E+0	3.352874E+0	1.398800E+0	4.690000E-3	1.000000E-2	0.000000E+0	7.000000E+1	4.000000E+0	7.000000E+1	4.000000E+0	1.000000E+0	1.920000E+2
4.246293E+0	1.704800E+2	-5.439814E+2	-5.439100E-1	-8.620900E+0	6.309202E+1	7.104926E+1	1.404800E+0	9.981000E-2	-2.981000E-2	-8.620900E+0	3.457876E+0	2.626708E+0	1.404800E+0	3.690000E-3	1.000000E-2	0.000000E+0	7.000000E+1	4.000000E+0	7.000000E+1	4.000000E+0	1.000000E+0	1.930000E+2
4.268277E+0	1.704800E+2	-5.939814E+2	-5.941200E-1	-9.524300E+0	6.237939E+1	7.183332E+1	1.387100E+0	9.964000E-2	-3.301000E-2	-9.524300E+0	3.465872E+0	2.681854E+0	1.387100E+0	3.720000E-3	1.000000E-2	0.000000E+0	7.000000E+1	4.000000E+0	7.000000E+1	4.000000E+0	1.000000E+0	1.940000E+2
4.290129E+0	1.704800E+2	-6.439814E+2	-6.435600E-1	-1.043590E+1	6.166790E+1	7.138569E+1	1.399300E+0	9.989000E-2	-3.575000E-2	-1.043590E+1	3.425675E+0	2.579861E+0	1.399300E+0	3.610000E-3	1.000000E-2	0.000000E+0	7.000000E+1	4.000000E+0	7.000000E+1	4.000000E+0	1.000000E+0	1.950000E+2
4.311963E+0	1.704800E+2	-6.939814E+2	-6.940700E-1	-1.135060E+1	6.114831E+1	7.131750E+1	1.401900E+0	9.998000E-2	-3.909000E-2	-1.135060E+1	3.443871E+0	2.468079E+0	1.401900E+0	3.460000E-3	1.000000E-2	0.000000E+0	7.000000E+1	4.000000E+0	7.000000E+1	4.000000E+0	1.000000E+0	1.960000E+2
4.333765E+0	1.704800E+2	-7.439814E+2	-7.441000E-1	-1.231660E+1	6.041440E+1	7.178086E+1	1.390900E+0	9.984000E-2	-4.134000E-2	-1.231660E+1	3.356446E+0	2.401323E+0	1.390900E+0	3.340000E-3	1.000000E-2	0.000000E+0	7.000000E+1	4.000000E+0	7.000000E+1	4.000000E+0	1.000000E+0	1.970000E+2
4.355799E+0	1.704800E+2	-7.939814E+2	-7.941000E-1	-1.330090E+1	5.970273E+1	7.072396E+1	1.417200E+0	1.002300E-1	-4.536000E-2	-1.330090E+1	3.410296E+0	2.857748E+0	1.417200E+0	4.050000E-3	1.000000E-2	0.000000E+0	7.000000E+1	4.000000E+0	7.000000E+1	4.000000E+0	1.000000E+0	1.980000E+2
4.378367E+0	1.704800E+2	-8.439814E+2	-8.439200E-1	-1.422780E+1	5.931486E+1	7.085942E+1	1.405600E+0	9.960000E-2	-4.835000E-2	-1.422780E+1	3.398277E+0	2.475811E+0	1.405600E+0	3.480000E-3	1.000000E-2	0.000000E+0	7.000000E+1	4.000000E+0	7.000000E+1	4.000000E+0	1.000000E+0	1.990000E+2
4.400018E+0	1.704800E+2	-8.939814E+2	-8.948200E-1	-1.525540E+1	5.865595E+1	7.213645E+1	1.392500E+0	1.004500E-1	-5.167000E-2	-1.525540E+1	3.386997E+0	3.210054E+0	1.392500E+0	4.470000E-3	1.000000E-2	0.000000E+0	7.000000E+1	4.000000E+0	7.000000E+1	4.000000E+0	1.000000E+0	2.000000E+2
4.421936E+0	1.704800E+2	-9.439814E+2	-9.436200E-1	-1.625310E+1	5.805785E+1	7.171542E+1	1.384500E+0	9.929000E-2	-5.616000E-2	-1.625310E+1	3.455341E+0	2.751896E+0	1.384500E+0	3.810000E-3	1.000000E-2	0.000000E+0	7.000000E+1	4.000000E+0	7.000000E+1	4.000000E+0	1.000000E+0	2.010000E+2
4.443721E+0	1.704800E+2	-9.939814E+2	-9.942100E-1	-1.729910E+1	5.747178E+1	7.121310E+1	1.398900E+0	9.962000E-2	-5.976000E-2	-1.729910E+1	3.454515E+0	2.887983E+0	1.398900E+0	4.040000E-3	1.000000E-2	0.000000E+0	7.000000E+1	4.000000E+0	7.000000E+1	4.000000E+0	1.000000E+0	2.020000E+2
4.466389E+0	1.704800E+2	-1.043981E+3	-1.043950E+0	-1.831280E+1	5.700657E+1	7.089382E+1	1.405200E+0	9.962000E-2	-6.286000E-2	-1.831280E+1	3.432572E+0	2.569029E+0	1.405200E+0	3.610000E-3	1.000000E-2	0.000000E+0	7.000000E+1	4.000000E+0	7.000000E+1	4.000000E+0	1.000000E+0	2.030000E+2
4.487873E+0	1.704800E+2	-1.093981E+3	-1.093660E+0	-1.934610E+1	5.653129E+1	7.235040E+1	1.387000E+0	1.003500E-1	-6.639000E-2	-1.934610E+1	3.431699E+0	2.682048E+0	1.387000E+0	3.720000E-3	1.000000E-2	0.000000E+0	7.000000E+1	4.000000E+0	7.000000E+1	4.000000E+0	1.000000E+0	2.040000E+2
4.509691E+0	1.704800E+2	-1.143981E+3	-1.143600E+0	-2.040300E+1	5.605058E+1	7.147438E+1	1.403300E+0	1.003000E-1	-6.910000E-2	-2.040300E+1	3.386757E+0	2.636642E+0	1.403300E+0	3.700000E-3	1.000000E-2	0.000000E+0	7.000000E+1	4.000000E+0	7.000000E+1	4.000000E+0	1.000000E+0	2.050000E+2
4.531593E+0	1.704800E+2	-1.193981E+3	-1.194060E+0	-2.147810E+1	5.559430E+1	7.136844E+1	1.401600E+0	1.000300E-1	-7.337000E-2	-2.147810E+1	3.416038E+0	2.261701E+0	1.401600E+0	3.170000E-3	1.000000E-2	0.000000E+0	7.000000E+1	4.000000E+0	7.000000E+1	4.000000E+0	1.000000E+0	2.060000E+2
4.554277E+0	1.704800E+2	-1.243981E+3	-1.244050E+0	-2.258110E+1	5.509253E+1	7.078859E+1	1.406300E+0	9.955000E-2	-7.714000E-2	-2.258110E+1	3.416131E+0	2.680794E+0	1.406300E+0	3.770000E-3	1.000000E-2	0.000000E+0	7.000000E+1	4.000000E+0	7.000000E+1	4.000000E+0	1.000000E+0	2.070000E+2
4.576012E+0	1.704800E+2	-1.293981E+3	-1.294160E+0	-2.363510E+1	5.475585E+1	7.116643E+1	1.406000E+0	1.000600E-1	-8.049000E-2	-2.363510E+1	3.405528E+0	2.012802E+0	1.406000E+0	2.830000E-3	1.000000E-2	0.000000E+0	7.000000E+1	4.000000E+0	7.000000E+1	4.000000E+0	1.000000E+0	2.080000E+2
4.597963E+0	1.704800E+2	-1.343981E+3	-1.343240E+0	-2.477550E+1	5.421646E+1	7.151337E+1	1.398200E+0	9.999000E-2	-8.453000E-2	-2.477550E+1	3.411838E+0	2.653412E+0	1.398200E+0	3.710000E-3	1.000000E-2	0.000000E+0	7.000000E+1	4.000000E+0	7.000000E+1	4.000000E+0	1.000000E+0	2.090000E+2
4.619864E+0	1.704800E+2	-1.393981E+3	-1.394090E+0	-2.586900E+1	5.389037E+1	7.097303E+1	1.401800E+0	9.949000E-2	-8.773000E-2	-2.586900E+1	3.391318E+0	3.124554E+0	1.401800E+0	4.380000E-3	1.000000E-2	0.000000E+0	7.000000E+1	4.000000E+0	7.000000E+1	4.000000E+0	1.000000E+0	2.100000E+2
4.641599E+0	1.704800E+2	-1.443981E+3	-1.443910E+0	-2.697810E+1	5.352156E+1	7.121461E+1	1.402100E+0	9.985000E-2	-9.177000E-2	-2.697810E+1	3.401648E+0	3.509022E+0	1.402100E+0	4.920000E-3	1.000000E-2	0.000000E+0	7.000000E+1	4.000000E+0	7.000000E+1	4.000000E+0	1.000000E+0	2.110000E+2
4.663467E+0	1.704800E+2	-1.493981E+3	-1.494090E+0	-2.815810E+1	5.306075E+1	7.048189E+1	1.421500E+0	1.001900E-1	-9.664000E-2	-2.815810E+1	3.432050E+0	2.715441E+0	1.421500E+0	3.860000E-3	1.000000E-2	0.000000E+0	7.000000E+1	4.000000E+0	7.000000E+1	4.000000E+0	1.000000E+0	2.120000E+2
4.685435E+0	1.704800E+2	-1.543981E+3	-1.543970E+0	-2.934950E+1	5.260635E+1	7.063436E+1	1.415600E+0	9.999000E-2	-1.001300E-1	-2.934950E+1	3.411642E+0	2.938683E+0	1.415600E+0	4.160000E-3	1.000000E-2	0.000000E+0	7.000000E+1	4.000000E+0	7.000000E+1	4.000000E+0	1.000000E+0	2.130000E+2
4.707569E+0	1.704800E+2	-1.593981E+3	-1.594100E+0	-3.052140E+1	5.222893E+1	7.072537E+1	1.424100E+0	1.007200E-1	-1.044500E-1	-3.052140E+1	3.422189E+0	2.120638E+0	1.424100E+0	3.020000E-3	1.000000E-2	0.000000E+0	7.000000E+1	4.000000E+0	7.000000E+1	4.000000E+0	1.000000E+0	2.140000E+2
4.729971E+0	1.704800E+2	-1.643981E+3	-1.643840E+0	-3.169140E+1	5.187022E+1	7.082000E+1	1.406100E+0	9.958000E-2	-1.069900E-1	-3.169140E+1	3.375995E+0	2.588721E+0	1.406100E+0	3.640000E-3	1.000000E-2	0.000000E+0	7.000000E+1	4.000000E+0	7.000000E+1	4.000000E+0	1.000000E+0	2.150000E+2
4.751822E+0	1.704800E+2	-1.693981E+3	-1.694140E+0	-3.285730E+1	5.156054E+1	7.109247E+1	1.406900E+0	1.000200E-1	-1.117400E-1	-3.285730E+1	3.400766E+0	2.764944E+0	1.406900E+0	3.890000E-3	1.000000E-2	0.000000E+0	7.000000E+1	4.000000E+0	7.000000E+1	4.000000E+0	1.000000E+0	2.160000E+2
4.773806E+0	1.704800E+2	-1.743981E+3	-1.743360E+0	-3.405310E+1	5.119534E+1	7.096797E+1	1.408100E+0	9.993000E-2	-1.162500E-1	-3.405310E+1	3.413786E+0	2.748384E+0	1.408100E+0	3.870000E-3	1.000000E-2	0.000000E+0	7.000000E+1	4.000000E+0	7.000000E+1	4.000000E+0	1.000000E+0	2.170000E+2
4.796524E+0	1.704800E+2	-1.793981E+3	-1.794300E+0	-3.533860E+1	5.077451E+1	7.094035E+1	1.413300E+0	1.002600E-1	-1.203300E-1	-3.533860E+1	3.405058E+0	2.264204E+0	1.413300E+0	3.200000E-3	1.000000E-2	0.000000E+0	7.000000E+1	4.000000E+0	7.000000E+1	4.000000E+0	1.000000E+0	2.180000E+2
4.818242E+0	1.704800E+2	-1.843981E+3	-1.843980E+0	-3.658480E+1	5.040290E+1	7.129702E+1	1.400900E+0	9.988000E-2	-1.244500E-1	-3.658480E+1	3.401686E+0	2.890999E+0	1.400900E+0	4.050000E-3	1.000000E-2	0.000000E+0	7.000000E+1	4.000000E+0	7.000000E+1	4.000000E+0	1.000000E+0	2.190000E+2
4.840277E+0	1.704800E+2	-1.893981E+3	-1.893410E+0	-3.768690E+1	5.024053E+1	7.130726E+1	1.401400E+0	9.993000E-2	-1.283000E-1	-3.768690E+1	3.404366E+0	3.125446E+0	1.401400E+0	4.380000E-3	1.000000E-2	0.000000E+0	7.000000E+1	4.000000E+0	7.000000E+1	4.000000E+0	1.000000E+0	2.200000E+2
4.862361E+0	1.704800E+2	-1.943981E+3	-1.944010E+0	-3.902590E+1	4.981333E+1	7.112032E+1	1.399600E+0	9.954000E-2	-1.326500E-1	-3.902590E+1	3.399025E+0	2.343527E+0	1.399600E+0	3.280000E-3	1.000000E-2	0.000000E+0	7.000000E+1	4.000000E+0	7.000000E+1	4.000000E+0	1.000000E+0	2.210000E+2
4.884796E+0	1.704800E+2	-1.993981E+3	-1.994090E+0	-4.034220E+1	4.942938E+1	7.155536E+1	1.397100E+0	9.997000E-2	-1.367600E-1	-4.034220E+1	3.389999E+0	2.254670E+0	1.397100E+0	3.150000E-3	1.000000E-2	0.000000E+0	7.000000E+1	4.000000E+0	7.000000E+1	4.000000E+0	1.000000E+0	2.220000E+2
4.906764E+0	1.704800E+2	-2.043981E+3	-2.043940E+0	-4.162130E+1	4.910803E+1	7.168415E+1	1.391800E+0	9.977000E-2	-1.414000E-1	-4.162130E+1	3.397299E+0	3.197298E+0	1.391800E+0	4.450000E-3	1.000000E-2	0.000000E+0	7.000000E+1	4.000000E+0	7.000000E+1	4.000000E+0	1.000000E+0	2.230000E+2
4.928565E+0	1.704800E+2	-2.093981E+3	-2.093640E+0	-4.296990E+1	4.872341E+1	7.109699E+1	1.400200E+0	9.955000E-2	-1.451200E-1	-4.296990E+1	3.377248E+0	2.813884E+0	1.400200E+0	3.940000E-3	1.000000E-2	0.000000E+0	7.000000E+1	4.000000E+0	7.000000E+1	4.000000E+0	1.000000E+0	2.240000E+2
4.950433E+0	1.704800E+2	-2.143981E+3	-2.143350E+0	-4.434550E+1	4.833298E+1	7.138367E+1	1.399900E+0	9.993000E-2	-1.505200E-1	-4.434550E+1	3.394256E+0	2.485892E+0	1.399900E+0	3.480000E-3	1.000000E-2	0.000000E+0	7.000000E+1	4.000000E+0	7.000000E+1	4.000000E+0	1.000000E+0	2.250000E+2
4.973018E+0	1.704800E+2	-2.193981E+3	-2.193630E+0	-4.572110E+1	4.797850E+1	7.135383E+1	1.395300E+0	9.956000E-2	-1.553700E-1	-4.572110E+1	3.398212E+0	2.587257E+0	1.395300E+0	3.610000E-3	1.000000E-2	0.000000E+0	7.000000E+1	4.000000E+0	7.000000E+1	4.000000E+0	1.000000E+0	2.260000E+2
4.994986E+0	1.704800E+2	-2.243981E+3	-2.243660E+0	-4.719380E+1	4.754141E+1	7.125045E+1	1.395500E+0	9.943000E-2	-1.587800E-1	-4.719380E+1	3.364425E+0	3.504120E+0	1.395500E+0	4.890000E-3	1.000000E-2	0.000000E+0	7.000000E+1	4.000000E+0	7.000000E+1	4.000000E+0	1.000000E+0	2.270000E+2
5.016837E+0	1.704800E+2	-2.293981E+3	-2.294140E+0	-4.853740E+1	4.726541E+1	7.072754E+1	1.406100E+0	9.945000E-2	-1.636900E-1	-4.853740E+1	3.372451E+0	2.560273E+0	1.406100E+0	3.600000E-3	1.000000E-2	0.000000E+0	7.000000E+1	4.000000E+0	7.000000E+1	4.000000E+0	1.000000E+0	2.280000E+2
5.038805E+0	1.704800E+2	-2.343981E+3	-2.344300E+0	-4.994280E+1	4.693970E+1	7.097794E+1	1.423400E+0	1.010300E-1	-1.695400E-1	-4.994280E+1	3.394684E+0	2.465927E+0	1.423400E+0	3.510000E-3	1.000000E-2	0.000000E+0	7.000000E+1	4.000000E+0	7.000000E+1	4.000000E+0	1.000000E+0	2.290000E+2
5.061523E+0	1.704800E+2	-2.393981E+3	-2.393890E+0	-5.139480E+1	4.657845E+1	7.127889E+1	1.393400E+0	9.932000E-2	-1.745100E-1	-5.139480E+1	3.395480E+0	2.038180E+0	1.393400E+0	2.840000E-3	1.000000E-2	0.000000E+0	7.000000E+1	4.000000E+0	7.000000E+1	4.000000E+0	1.000000E+0	2.300000E+2
5.083891E+0	1.704800E+2	-2.443981E+3	-2.443860E+0	-5.272710E+1	4.634922E+1	7.138160E+1	1.399100E+0	9.987000E-2	-1.783200E-1	-5.272710E+1	3.381942E+0	3.323565E+0	1.399100E+0	4.650000E-3	1.000000E-2	0.000000E+0	7.000000E+1	4.000000E+0	7.000000E+1	4.000000E+0	1.000000E+0	2.310000E+2
5.105892E+0	1.704800E+2	-2.493981E+3	-2.494190E+0	-5.412300E+1	4.608374E+1	7.070998E+1	1.425400E+0	1.007900E-1	-1.829200E-1	-5.412300E+1	3.379709E+0	1.859127E+0	1.425400E+0	2.650000E-3	1.000000E-2	0.000000E+0	7.000000E+1	4.000000E+0	7.000000E+1	4.000000E+0	1.000000E+0	2.320000E+2
5.128143E+0	1.704800E+2	-2.543981E+3	-2.544190E+0	-5.567000E+1	4.570128E+1	7.077742E+1	1.408500E+0	9.969000E-2	-1.880900E-1	-5.567000E+1	3.378660E+0	2.626908E+0	1.408500E+0	3.700000E-3	1.000000E-2	0.000000E+0	7.000000E+1	4.000000E+0	7.000000E+1	4.000000E+0	1.000000E+0	2.330000E+2
5.150445E+0	1.704800E+2	-2.593981E+3	-2.593670E+0	-5.708970E+1	4.543149E+1	7.134574E+1	1.397000E+0	9.967000E-2	-1.934800E-1	-5.708970E+1	3.389053E+0	2.376521E+0	1.397000E+0	3.320000E-3	1.000000E-2	0.000000E+0	7.000000E+1	4.000000E+0	7.000000E+1	4.000000E+0	1.000000E+0	2.340000E+2
5.172296E+0	1.704800E+2	-2.643981E+3	-2.644120E+0	-5.841200E+1	4.526673E+1	7.090806E+1	1.405200E+0	9.964000E-2	-1.971200E-1	-5.841200E+1	3.374649E+0	2.682892E+0	1.405200E+0	3.770000E-3	1.000000E-2	0.000000E+0	7.000000E+1	4.000000E+0	7.000000E+1	4.000000E+0	1.000000E+0	2.350000E+2
5.195030E+0	1.704800E+2	-2.693981E+3	-2.693990E+0	-5.990450E+1	4.497141E+1	7.091670E+1	1.409400E+0	9.995000E-2	-2.031400E-1	-5.990450E+1	3.391064E+0	2.873563E+0	1.409400E+0	4.050000E-3	1.000000E-2	0.000000E+0	7.000000E+1	4.000000E+0	7.000000E+1	4.000000E+0	1.000000E+0	2.360000E+2
5.217965E+0	1.704800E+2	-2.743981E+3	-2.743840E+0	-6.148730E+1	4.462450E+1	7.115138E+1	1.401800E+0	9.974000E-2	-2.073000E-1	-6.148730E+1	3.371428E+0	2.889143E+0	1.401800E+0	4.050000E-3	1.000000E-2	0.000000E+0	7.000000E+1	4.000000E+0	7.000000E+1	4.000000E+0	1.000000E+0	2.370000E+2
5.239483E+0	1.704800E+2	-2.793981E+3	-2.794390E+0	-6.288900E+1	4.443368E+1	7.087682E+1	1.408500E+0	9.983000E-2	-2.122500E-1	-6.288900E+1	3.374994E+0	2.861200E+0	1.408500E+0	4.030000E-3	1.000000E-2	0.000000E+0	7.000000E+1	4.000000E+0	7.000000E+1	4.000000E+0	1.000000E+0	2.380000E+2
5.261234E+0	1.704800E+2	-2.843981E+3	-2.844400E+0	-6.430320E+1	4.423419E+1	7.132468E+1	1.402600E+0	1.000400E-1	-2.180400E-1	-6.430320E+1	3.390811E+0	2.687865E+0	1.402600E+0	3.770000E-3	1.000000E-2	0.000000E+0	7.000000E+1	4.000000E+0	7.000000E+1	4.000000E+0	1.000000E+0	2.390000E+2
5.283102E+0	1.704800E+2	-2.893981E+3	-2.892920E+0	-6.591190E+1	4.389071E+1	7.127811E+1	1.405200E+0	1.001600E-1	-2.229900E-1	-6.591190E+1	3.383152E+0	2.298605E+0	1.405200E+0	3.230000E-3	1.000000E-2	0.000000E+0	7.000000E+1	4.000000E+0	7.000000E+1	4.000000E+0	1.000000E+0	2.400000E+2
5.304820E+0	1.704800E+2	-2.943981E+3	-2.941820E+0	-6.731840E+1	4.370009E+1	7.089542E+1	1.409400E+0	9.992000E-2	-2.270500E-1	-6.731840E+1	3.372778E+0	2.256279E+0	1.409400E+0	3.180000E-3	1.000000E-2	0.000000E+0	7.000000E+1	4.000000E+0	7.000000E+1	4.000000E+0	1.000000E+0	2.410000E+2
5.326621E+0	1.704800E+2	-2.993981E+3	-2.989130E+0	-6.883730E+1	4.342312E+1	7.010280E+1	1.420200E+0	9.956000E-2	-2.323100E-1	-6.883730E+1	3.374769E+0	2.753133E+0	1.420200E+0	3.910000E-3	1.000000E-2	0.000000E+0	7.000000E+1	4.000000E+0	7.000000E+1	4.000000E+0	1.000000E+0	2.420000E+2
5.348423E+0	1.704800E+2	-3.000000E+3	-2.995270E+0	-6.901790E+1	4.339845E+1	7.033282E+1	1.430200E+0	1.005900E-1	-2.329100E-1	-6.901790E+1	3.374632E+0	2.705915E+0	1.430200E+0	3.870000E-3	1.000000E-2	0.000000E+0	7.000000E+1	4.000000E+0	7.000000E+1	4.000000E+0	1.000000E+0	2.430000E+2
5.370240E+0	1.704800E+2	-2.950000E+3	-2.949590E+0	-6.759630E+1	4.363538E+1	7.033714E+1	1.426700E+0	1.003500E-1	-2.276700E-1	-6.759630E+1	3.368084E+0	3.133104E+0	1.426700E+0	4.470000E-3	1.000000E-2	0.000000E+0	7.000000E+1	4.000000E+0	7.000000E+1	4.000000E+0	1.000000E+0	2.440000E+2
