Tiempo (min)	T (K) 	I pulso(mA)	Vinst 1 (V)	Iinst 1 (mA)	Rinst 1(Ohm)	Rrem 1 (Ohm)	Ibias 1 (mA)	Vbias 1 (V)	Vinst 2 (V)	Iinst 2 (mA)	Rinst 2(Ohm)	Rrem 2 (Ohm)	Ibias 2 (mA)	Vbias 2 (V)	Ancho pulso (s)	Periodo (s)	Icc 1 (mA)	Vcc 1 (V)	Icc 2 (mA)	Vcc 2 (V)	2W 1?	N
1.053394E-2	2.556400E+2	-1.500000E+3	-1.500525E+0	-4.452590E+1	3.370005E+1	3.669548E+1	1.075800E+0	3.947700E-2	-1.027060E-1	-4.452590E+1	2.306657E+0	2.809072E+0	1.075800E+0	3.022000E-3	1.000000E-2	0.000000E+0	6.000000E+1	2.000000E+0	6.000000E+1	2.000000E+0	1.000000E+0	1.000000E+0
3.266853E-2	2.556400E+2	-1.450000E+3	-1.449739E+0	-4.290020E+1	3.379329E+1	3.656032E+1	1.103300E+0	4.033700E-2	-9.861600E-2	-4.290020E+1	2.298731E+0	2.484365E+0	1.103300E+0	2.741000E-3	1.000000E-2	0.000000E+0	6.000000E+1	2.000000E+0	6.000000E+1	2.000000E+0	1.000000E+0	2.000000E+0
5.451979E-2	2.556400E+2	-1.400000E+3	-1.399808E+0	-4.129720E+1	3.389595E+1	3.668123E+1	1.098300E+0	4.028700E-2	-9.512200E-2	-4.129720E+1	2.303352E+0	2.594009E+0	1.098300E+0	2.849000E-3	1.000000E-2	0.000000E+0	6.000000E+1	2.000000E+0	6.000000E+1	2.000000E+0	1.000000E+0	3.000000E+0
7.633770E-2	2.556400E+2	-1.350000E+3	-1.350438E+0	-3.970510E+1	3.401170E+1	3.653667E+1	1.094900E+0	4.000400E-2	-9.127900E-2	-3.970510E+1	2.298924E+0	2.861449E+0	1.094900E+0	3.133000E-3	1.000000E-2	0.000000E+0	6.000000E+1	2.000000E+0	6.000000E+1	2.000000E+0	1.000000E+0	4.000000E+0
9.807228E-2	2.556400E+2	-1.300000E+3	-1.298865E+0	-3.807000E+1	3.411781E+1	3.667635E+1	1.101500E+0	4.039900E-2	-8.780300E-2	-3.807000E+1	2.306357E+0	2.869723E+0	1.101500E+0	3.161000E-3	1.000000E-2	0.000000E+0	6.000000E+1	2.000000E+0	6.000000E+1	2.000000E+0	1.000000E+0	5.000000E+0
1.199069E-1	2.556400E+2	-1.250000E+3	-1.250199E+0	-3.652660E+1	3.422708E+1	3.663030E+1	1.090600E+0	3.994900E-2	-8.462000E-2	-3.652660E+1	2.316668E+0	2.924995E+0	1.090600E+0	3.190000E-3	1.000000E-2	0.000000E+0	6.000000E+1	2.000000E+0	6.000000E+1	2.000000E+0	1.000000E+0	6.000000E+0
1.413248E-1	2.556400E+2	-1.200000E+3	-1.200008E+0	-3.495880E+1	3.432635E+1	3.641228E+1	1.104600E+0	4.022100E-2	-8.043200E-2	-3.495880E+1	2.300765E+0	2.094876E+0	1.104600E+0	2.314000E-3	1.000000E-2	0.000000E+0	6.000000E+1	2.000000E+0	6.000000E+1	2.000000E+0	1.000000E+0	7.000000E+0
1.631260E-1	2.556400E+2	-1.150000E+3	-1.150370E+0	-3.340410E+1	3.443799E+1	3.647991E+1	1.085200E+0	3.958800E-2	-7.702300E-2	-3.340410E+1	2.305795E+0	3.095282E+0	1.085200E+0	3.359000E-3	1.000000E-2	0.000000E+0	6.000000E+1	2.000000E+0	6.000000E+1	2.000000E+0	1.000000E+0	8.000000E+0
1.849272E-1	2.556400E+2	-1.100000E+3	-1.100033E+0	-3.184510E+1	3.454324E+1	3.671730E+1	1.086300E+0	3.988600E-2	-7.320500E-2	-3.184510E+1	2.298784E+0	2.665010E+0	1.086300E+0	2.895000E-3	1.000000E-2	0.000000E+0	6.000000E+1	2.000000E+0	6.000000E+1	2.000000E+0	1.000000E+0	9.000000E+0
2.064618E-1	2.556400E+2	-1.050000E+3	-1.050054E+0	-3.030360E+1	3.465113E+1	3.645053E+1	1.099600E+0	4.008100E-2	-6.999900E-2	-3.030360E+1	2.309924E+0	2.373590E+0	1.099600E+0	2.610000E-3	1.000000E-2	0.000000E+0	6.000000E+1	2.000000E+0	6.000000E+1	2.000000E+0	1.000000E+0	1.000000E+1
2.280797E-1	2.556400E+2	-1.000000E+3	-1.000235E+0	-2.878100E+1	3.475331E+1	3.661330E+1	1.086900E+0	3.979500E-2	-6.656600E-2	-2.878100E+1	2.312845E+0	2.715061E+0	1.086900E+0	2.951000E-3	1.000000E-2	0.000000E+0	6.000000E+1	2.000000E+0	6.000000E+1	2.000000E+0	1.000000E+0	1.100000E+1
2.497143E-1	2.556400E+2	-9.500000E+2	-9.497720E-1	-2.726050E+1	3.484059E+1	3.651460E+1	1.089400E+0	3.977900E-2	-6.308000E-2	-2.726050E+1	2.313971E+0	2.534423E+0	1.089400E+0	2.761000E-3	1.000000E-2	0.000000E+0	6.000000E+1	2.000000E+0	6.000000E+1	2.000000E+0	1.000000E+0	1.200000E+1
2.713655E-1	2.556400E+2	-9.000000E+2	-9.002720E-1	-2.576730E+1	3.493855E+1	3.634021E+1	1.105800E+0	4.018500E-2	-5.875300E-2	-2.576730E+1	2.280138E+0	2.205643E+0	1.105800E+0	2.439000E-3	1.000000E-2	0.000000E+0	6.000000E+1	2.000000E+0	6.000000E+1	2.000000E+0	1.000000E+0	1.300000E+1
2.939668E-1	2.556400E+2	-8.500000E+2	-8.496790E-1	-2.424650E+1	3.504337E+1	3.677743E+1	1.095400E+0	4.028600E-2	-5.596900E-2	-2.424650E+1	2.308333E+0	2.295965E+0	1.095400E+0	2.515000E-3	1.000000E-2	0.000000E+0	6.000000E+1	2.000000E+0	6.000000E+1	2.000000E+0	1.000000E+0	1.400000E+1
3.157681E-1	2.556400E+2	-8.000000E+2	-8.003340E-1	-2.276440E+1	3.515726E+1	3.667428E+1	1.094800E+0	4.015100E-2	-5.211000E-2	-2.276440E+1	2.289101E+0	2.647059E+0	1.094800E+0	2.898000E-3	1.000000E-2	0.000000E+0	6.000000E+1	2.000000E+0	6.000000E+1	2.000000E+0	1.000000E+0	1.500000E+1
3.383027E-1	2.556400E+2	-7.500000E+2	-7.490090E-1	-2.124440E+1	3.525677E+1	3.670096E+1	1.088800E+0	3.996000E-2	-4.970400E-2	-2.124440E+1	2.339628E+0	2.727774E+0	1.088800E+0	2.970000E-3	1.000000E-2	0.000000E+0	6.000000E+1	2.000000E+0	6.000000E+1	2.000000E+0	1.000000E+0	1.600000E+1
3.599873E-1	2.556400E+2	-7.000000E+2	-7.000260E-1	-1.980910E+1	3.533861E+1	3.670445E+1	1.085100E+0	3.982800E-2	-4.547100E-2	-1.980910E+1	2.295460E+0	2.514976E+0	1.085100E+0	2.729000E-3	1.000000E-2	0.000000E+0	6.000000E+1	2.000000E+0	6.000000E+1	2.000000E+0	1.000000E+0	1.700000E+1
3.824052E-1	2.556400E+2	-6.500000E+2	-6.502580E-1	-1.835920E+1	3.541865E+1	3.652943E+1	1.090600E+0	3.983900E-2	-4.172500E-2	-1.835920E+1	2.272703E+0	2.965340E+0	1.090600E+0	3.234000E-3	1.000000E-2	0.000000E+0	6.000000E+1	2.000000E+0	6.000000E+1	2.000000E+0	1.000000E+0	1.800000E+1
4.041398E-1	2.556400E+2	-6.000000E+2	-6.007460E-1	-1.691170E+1	3.552251E+1	3.660776E+1	1.097800E+0	4.018800E-2	-3.893700E-2	-1.691170E+1	2.302371E+0	2.531426E+0	1.097800E+0	2.779000E-3	1.000000E-2	0.000000E+0	6.000000E+1	2.000000E+0	6.000000E+1	2.000000E+0	1.000000E+0	1.900000E+1
4.266244E-1	2.556400E+2	-5.500000E+2	-5.501090E-1	-1.546200E+1	3.557813E+1	3.679635E+1	1.084700E+0	3.991300E-2	-3.548500E-2	-1.546200E+1	2.294981E+0	2.760210E+0	1.084700E+0	2.994000E-3	1.000000E-2	0.000000E+0	6.000000E+1	2.000000E+0	6.000000E+1	2.000000E+0	1.000000E+0	2.000000E+1
4.484757E-1	2.556400E+2	-5.000000E+2	-5.004800E-1	-1.402640E+1	3.568129E+1	3.663221E+1	1.093300E+0	4.005000E-2	-3.232300E-2	-1.402640E+1	2.304440E+0	2.474161E+0	1.093300E+0	2.705000E-3	1.000000E-2	0.000000E+0	6.000000E+1	2.000000E+0	6.000000E+1	2.000000E+0	1.000000E+0	2.100000E+1
4.705769E-1	2.556400E+2	-4.500000E+2	-4.498240E-1	-1.257950E+1	3.575850E+1	3.688930E+1	1.084000E+0	3.998800E-2	-2.912900E-2	-1.257950E+1	2.315593E+0	2.697417E+0	1.084000E+0	2.924000E-3	1.000000E-2	0.000000E+0	6.000000E+1	2.000000E+0	6.000000E+1	2.000000E+0	1.000000E+0	2.200000E+1
4.924115E-1	2.556400E+2	-4.000000E+2	-3.996540E-1	-1.116500E+1	3.579525E+1	3.664143E+1	1.096300E+0	4.017000E-2	-2.587800E-2	-1.116500E+1	2.317779E+0	2.331479E+0	1.096300E+0	2.556000E-3	1.000000E-2	0.000000E+0	6.000000E+1	2.000000E+0	6.000000E+1	2.000000E+0	1.000000E+0	2.300000E+1
5.144461E-1	2.556400E+2	-3.500000E+2	-3.502590E-1	-9.758100E+0	3.589418E+1	3.656069E+1	1.085100E+0	3.967200E-2	-2.261100E-2	-9.758100E+0	2.317152E+0	2.765644E+0	1.085100E+0	3.001000E-3	1.000000E-2	0.000000E+0	6.000000E+1	2.000000E+0	6.000000E+1	2.000000E+0	1.000000E+0	2.400000E+1
5.362140E-1	2.556400E+2	-3.000000E+2	-3.000240E-1	-8.349800E+0	3.593188E+1	3.649826E+1	1.090600E+0	3.980500E-2	-1.895200E-2	-8.349800E+0	2.269755E+0	2.571979E+0	1.090600E+0	2.805000E-3	1.000000E-2	0.000000E+0	6.000000E+1	2.000000E+0	6.000000E+1	2.000000E+0	1.000000E+0	2.500000E+1
5.582819E-1	2.556400E+2	-2.500000E+2	-2.498440E-1	-6.942400E+0	3.598813E+1	3.686952E+1	1.082900E+0	3.992600E-2	-1.603900E-2	-6.942400E+0	2.310296E+0	2.810971E+0	1.082900E+0	3.044000E-3	1.000000E-2	0.000000E+0	6.000000E+1	2.000000E+0	6.000000E+1	2.000000E+0	1.000000E+0	2.600000E+1
5.800332E-1	2.556400E+2	-2.000000E+2	-1.998460E-1	-5.553200E+0	3.598754E+1	3.676530E+1	1.095000E+0	4.025800E-2	-1.308500E-2	-5.553200E+0	2.356299E+0	2.633790E+0	1.095000E+0	2.884000E-3	1.000000E-2	0.000000E+0	6.000000E+1	2.000000E+0	6.000000E+1	2.000000E+0	1.000000E+0	2.700000E+1
6.026178E-1	2.556400E+2	-1.500000E+2	-1.494970E-1	-4.148000E+0	3.604074E+1	3.660251E+1	1.085800E+0	3.974300E-2	-9.772000E-3	-4.148000E+0	2.355834E+0	2.579665E+0	1.085800E+0	2.801000E-3	1.000000E-2	0.000000E+0	6.000000E+1	2.000000E+0	6.000000E+1	2.000000E+0	1.000000E+0	2.800000E+1
6.242857E-1	2.556400E+2	-1.009804E+2	-1.012730E-1	-2.811000E+0	3.602739E+1	3.693325E+1	1.081600E+0	3.994700E-2	-6.439000E-3	-2.811000E+0	2.290644E+0	2.449149E+0	1.081600E+0	2.649000E-3	1.000000E-2	0.000000E+0	6.000000E+1	2.000000E+0	6.000000E+1	2.000000E+0	1.000000E+0	2.900000E+1
6.469537E-1	2.556400E+2	-5.198019E+1	-5.212900E-2	-1.452700E+0	3.588422E+1	3.683224E+1	1.093200E+0	4.026500E-2	-2.518000E-3	-1.452700E+0	1.733324E+0	2.566776E+0	1.093200E+0	2.806000E-3	1.000000E-2	0.000000E+0	6.000000E+1	2.000000E+0	6.000000E+1	2.000000E+0	1.000000E+0	3.000000E+1
6.699217E-1	2.556400E+2	-2.979997E+0	-3.091000E-3	-1.005000E-1	3.075622E+1	3.669474E+1	1.092500E+0	4.008900E-2	-2.000000E-6	-1.005000E-1	1.990050E-2	2.616934E+0	1.092500E+0	2.859000E-3	1.000000E-2	0.000000E+0	6.000000E+1	2.000000E+0	6.000000E+1	2.000000E+0	1.000000E+0	3.100000E+1
6.914562E-1	2.556400E+2	4.900020E+1	4.908200E-2	1.340600E+0	3.661196E+1	3.661565E+1	1.084700E+0	3.971700E-2	3.388000E-3	1.340600E+0	2.527227E+0	2.742694E+0	1.084700E+0	2.975000E-3	1.000000E-2	0.000000E+0	6.000000E+1	2.000000E+0	6.000000E+1	2.000000E+0	1.000000E+0	3.200000E+1
7.131741E-1	2.556400E+2	9.800039E+1	9.770300E-2	2.686300E+0	3.637084E+1	3.652974E+1	1.102800E+0	4.028500E-2	5.858000E-3	2.686300E+0	2.180695E+0	2.601560E+0	1.102800E+0	2.869000E-3	1.000000E-2	0.000000E+0	6.000000E+1	2.000000E+0	6.000000E+1	2.000000E+0	1.000000E+0	3.300000E+1
7.348254E-1	2.556400E+2	1.470006E+2	1.463840E-1	4.027700E+0	3.634432E+1	3.640643E+1	1.113100E+0	4.052400E-2	9.512000E-3	4.027700E+0	2.361646E+0	2.352888E+0	1.113100E+0	2.619000E-3	1.000000E-2	0.000000E+0	6.000000E+1	2.000000E+0	6.000000E+1	2.000000E+0	1.000000E+0	3.400000E+1
7.565099E-1	2.556400E+2	1.969808E+2	1.971600E-1	5.445700E+0	3.620471E+1	3.664564E+1	1.093800E+0	4.008300E-2	1.250500E-2	5.445700E+0	2.296307E+0	2.616566E+0	1.093800E+0	2.862000E-3	1.000000E-2	0.000000E+0	6.000000E+1	2.000000E+0	6.000000E+1	2.000000E+0	1.000000E+0	3.500000E+1
7.781778E-1	2.556400E+2	2.469808E+2	2.468200E-1	6.823200E+0	3.617364E+1	3.657677E+1	1.101300E+0	4.028200E-2	1.641900E-2	6.823200E+0	2.406349E+0	2.282757E+0	1.101300E+0	2.514000E-3	1.000000E-2	0.000000E+0	6.000000E+1	2.000000E+0	6.000000E+1	2.000000E+0	1.000000E+0	3.600000E+1
7.998624E-1	2.556400E+2	2.969808E+2	2.972500E-1	8.238100E+0	3.608235E+1	3.653085E+1	1.097100E+0	4.007800E-2	1.861500E-2	8.238100E+0	2.259623E+0	2.173913E+0	1.097100E+0	2.385000E-3	1.000000E-2	0.000000E+0	6.000000E+1	2.000000E+0	6.000000E+1	2.000000E+0	1.000000E+0	3.700000E+1
8.217137E-1	2.556400E+2	3.469808E+2	3.468050E-1	9.623400E+0	3.603768E+1	3.670499E+1	1.095900E+0	4.022500E-2	2.281000E-2	9.623400E+0	2.370264E+0	2.379779E+0	1.095900E+0	2.608000E-3	1.000000E-2	0.000000E+0	6.000000E+1	2.000000E+0	6.000000E+1	2.000000E+0	1.000000E+0	3.800000E+1
8.443650E-1	2.556400E+2	3.969808E+2	3.963880E-1	1.103450E+1	3.592261E+1	3.645936E+1	1.099800E+0	4.009800E-2	2.545300E-2	1.103450E+1	2.306675E+0	2.246772E+0	1.099800E+0	2.471000E-3	1.000000E-2	0.000000E+0	6.000000E+1	2.000000E+0	6.000000E+1	2.000000E+0	1.000000E+0	3.900000E+1
8.661162E-1	2.556400E+2	4.469808E+2	4.469340E-1	1.245590E+1	3.588131E+1	3.664581E+1	1.086700E+0	3.982300E-2	2.907800E-2	1.245590E+1	2.334476E+0	2.687034E+0	1.086700E+0	2.920000E-3	1.000000E-2	0.000000E+0	6.000000E+1	2.000000E+0	6.000000E+1	2.000000E+0	1.000000E+0	4.000000E+1
8.887008E-1	2.556400E+2	4.969808E+2	4.969980E-1	1.389920E+1	3.575731E+1	3.658458E+1	1.088300E+0	3.981500E-2	3.202100E-2	1.389920E+1	2.303802E+0	2.584765E+0	1.088300E+0	2.813000E-3	1.000000E-2	0.000000E+0	6.000000E+1	2.000000E+0	6.000000E+1	2.000000E+0	1.000000E+0	4.100000E+1
9.105021E-1	2.556400E+2	5.469808E+2	5.465760E-1	1.530820E+1	3.570479E+1	3.686030E+1	1.096600E+0	4.042100E-2	3.558100E-2	1.530820E+1	2.324310E+0	2.664600E+0	1.096600E+0	2.922000E-3	1.000000E-2	0.000000E+0	6.000000E+1	2.000000E+0	6.000000E+1	2.000000E+0	1.000000E+0	4.200000E+1
9.330700E-1	2.556400E+2	5.969808E+2	5.972050E-1	1.676610E+1	3.561979E+1	3.648251E+1	1.095100E+0	3.995200E-2	3.971800E-2	1.676610E+1	2.368947E+0	2.477399E+0	1.095100E+0	2.713000E-3	1.000000E-2	0.000000E+0	6.000000E+1	2.000000E+0	6.000000E+1	2.000000E+0	1.000000E+0	4.300000E+1
9.547546E-1	2.556400E+2	6.469808E+2	6.470180E-1	1.821730E+1	3.551668E+1	3.687353E+1	1.102200E+0	4.064200E-2	4.228000E-2	1.821730E+1	2.320871E+0	2.798040E+0	1.102200E+0	3.084000E-3	1.000000E-2	0.000000E+0	6.000000E+1	2.000000E+0	6.000000E+1	2.000000E+0	1.000000E+0	4.400000E+1
9.767892E-1	2.556400E+2	6.969808E+2	6.975840E-1	1.968470E+1	3.543788E+1	3.682322E+1	1.081600E+0	3.982800E-2	4.560500E-2	1.968470E+1	2.316774E+0	2.485207E+0	1.081600E+0	2.688000E-3	1.000000E-2	0.000000E+0	6.000000E+1	2.000000E+0	6.000000E+1	2.000000E+0	1.000000E+0	4.500000E+1
9.986238E-1	2.556400E+2	7.469808E+2	7.468950E-1	2.113310E+1	3.534242E+1	3.679364E+1	1.076300E+0	3.960100E-2	4.937000E-2	2.113310E+1	2.336146E+0	2.761312E+0	1.076300E+0	2.972000E-3	1.000000E-2	0.000000E+0	6.000000E+1	2.000000E+0	6.000000E+1	2.000000E+0	1.000000E+0	4.600000E+1
1.021158E+0	2.556400E+2	7.969808E+2	7.968460E-1	2.260490E+1	3.525103E+1	3.670238E+1	1.092000E+0	4.007900E-2	5.186700E-2	2.260490E+1	2.294503E+0	2.643773E+0	1.092000E+0	2.887000E-3	1.000000E-2	0.000000E+0	6.000000E+1	2.000000E+0	6.000000E+1	2.000000E+0	1.000000E+0	4.700000E+1
1.042926E+0	2.556400E+2	8.469808E+2	8.466360E-1	2.408300E+1	3.515492E+1	3.657799E+1	1.101400E+0	4.028700E-2	5.620000E-2	2.408300E+1	2.333596E+0	2.284365E+0	1.101400E+0	2.516000E-3	1.000000E-2	0.000000E+0	6.000000E+1	2.000000E+0	6.000000E+1	2.000000E+0	1.000000E+0	4.800000E+1
1.065528E+0	2.556400E+2	8.969808E+2	8.972730E-1	2.560440E+1	3.504370E+1	3.669783E+1	1.080500E+0	3.965200E-2	5.993700E-2	2.560440E+1	2.340887E+0	2.978251E+0	1.080500E+0	3.218000E-3	1.000000E-2	0.000000E+0	6.000000E+1	2.000000E+0	6.000000E+1	2.000000E+0	1.000000E+0	4.900000E+1
1.087229E+0	2.556400E+2	9.469808E+2	9.480890E-1	2.713450E+1	3.494035E+1	3.678319E+1	1.089900E+0	4.009000E-2	6.299100E-2	2.713450E+1	2.321436E+0	2.426828E+0	1.089900E+0	2.645000E-3	1.000000E-2	0.000000E+0	6.000000E+1	2.000000E+0	6.000000E+1	2.000000E+0	1.000000E+0	5.000000E+1
1.109763E+0	2.556400E+2	9.969808E+2	9.969330E-1	2.862580E+1	3.482638E+1	3.646143E+1	1.110900E+0	4.050500E-2	6.649500E-2	2.862580E+1	2.322905E+0	2.217121E+0	1.110900E+0	2.463000E-3	1.000000E-2	0.000000E+0	6.000000E+1	2.000000E+0	6.000000E+1	2.000000E+0	1.000000E+0	5.100000E+1
1.131548E+0	2.556400E+2	1.046981E+3	1.046822E+0	3.013940E+1	3.473268E+1	3.679100E+1	1.080400E+0	3.974900E-2	7.007200E-2	3.013940E+1	2.324930E+0	2.836912E+0	1.080400E+0	3.065000E-3	1.000000E-2	0.000000E+0	6.000000E+1	2.000000E+0	6.000000E+1	2.000000E+0	1.000000E+0	5.200000E+1
1.154049E+0	2.556400E+2	1.096981E+3	1.097102E+0	3.167780E+1	3.463315E+1	3.655276E+1	1.103200E+0	4.032500E-2	7.280500E-2	3.167780E+1	2.298297E+0	2.362219E+0	1.103200E+0	2.606000E-3	1.000000E-2	0.000000E+0	6.000000E+1	2.000000E+0	6.000000E+1	2.000000E+0	1.000000E+0	5.300000E+1
1.175834E+0	2.556400E+2	1.146981E+3	1.146441E+0	3.319800E+1	3.453344E+1	3.680235E+1	1.088300E+0	4.005200E-2	7.716000E-2	3.319800E+1	2.324236E+0	2.770376E+0	1.088300E+0	3.015000E-3	1.000000E-2	0.000000E+0	6.000000E+1	2.000000E+0	6.000000E+1	2.000000E+0	1.000000E+0	5.400000E+1
1.198552E+0	2.556400E+2	1.196981E+3	1.197056E+0	3.477520E+1	3.442269E+1	3.681095E+1	1.088100E+0	4.005400E-2	8.058700E-2	3.477520E+1	2.317370E+0	2.394081E+0	1.088100E+0	2.605000E-3	1.000000E-2	0.000000E+0	6.000000E+1	2.000000E+0	6.000000E+1	2.000000E+0	1.000000E+0	5.500000E+1
1.220186E+0	2.556400E+2	1.246981E+3	1.246918E+0	3.633820E+1	3.431425E+1	3.666880E+1	1.091800E+0	4.003500E-2	8.440200E-2	3.633820E+1	2.322680E+0	2.472064E+0	1.091800E+0	2.699000E-3	1.000000E-2	0.000000E+0	6.000000E+1	2.000000E+0	6.000000E+1	2.000000E+0	1.000000E+0	5.600000E+1
1.242721E+0	2.556400E+2	1.296981E+3	1.296721E+0	3.791530E+1	3.420047E+1	3.679094E+1	1.086300E+0	3.996600E-2	8.815200E-2	3.791530E+1	2.324972E+0	2.889625E+0	1.086300E+0	3.139000E-3	1.000000E-2	0.000000E+0	6.000000E+1	2.000000E+0	6.000000E+1	2.000000E+0	1.000000E+0	5.700000E+1
1.264456E+0	2.556400E+2	1.346981E+3	1.347289E+0	3.950940E+1	3.410047E+1	3.685535E+1	1.081200E+0	3.984800E-2	9.157400E-2	3.950940E+1	2.317778E+0	2.454680E+0	1.081200E+0	2.654000E-3	1.000000E-2	0.000000E+0	6.000000E+1	2.000000E+0	6.000000E+1	2.000000E+0	1.000000E+0	5.800000E+1
1.286957E+0	2.556400E+2	1.396981E+3	1.396501E+0	4.107960E+1	3.399500E+1	3.687758E+1	1.088900E+0	4.015600E-2	9.535900E-2	4.107960E+1	2.321323E+0	2.523648E+0	1.088900E+0	2.748000E-3	1.000000E-2	0.000000E+0	6.000000E+1	2.000000E+0	6.000000E+1	2.000000E+0	1.000000E+0	5.900000E+1
1.308625E+0	2.556400E+2	1.446981E+3	1.446841E+0	4.270650E+1	3.387871E+1	3.650701E+1	1.098200E+0	4.009200E-2	9.856100E-2	4.270650E+1	2.307869E+0	2.604262E+0	1.098200E+0	2.860000E-3	1.000000E-2	0.000000E+0	6.000000E+1	2.000000E+0	6.000000E+1	2.000000E+0	1.000000E+0	6.000000E+1
1.331093E+0	2.556400E+2	1.496981E+3	1.497067E+0	4.433900E+1	3.376411E+1	3.663508E+1	1.108200E+0	4.059900E-2	1.025900E-1	4.433900E+1	2.313764E+0	2.869518E+0	1.108200E+0	3.180000E-3	1.000000E-2	0.000000E+0	6.000000E+1	2.000000E+0	6.000000E+1	2.000000E+0	1.000000E+0	6.100000E+1
1.352894E+0	2.556400E+2	1.500000E+3	1.499816E+0	4.444170E+1	3.374794E+1	3.663387E+1	1.087600E+0	3.984300E-2	1.029920E-1	4.444170E+1	2.317463E+0	2.389665E+0	1.087600E+0	2.599000E-3	1.000000E-2	0.000000E+0	6.000000E+1	2.000000E+0	6.000000E+1	2.000000E+0	1.000000E+0	6.200000E+1
1.375512E+0	2.556400E+2	1.450000E+3	1.449819E+0	4.279050E+1	3.388180E+1	3.670195E+1	1.086400E+0	3.987300E-2	9.940900E-2	4.279050E+1	2.323156E+0	2.612297E+0	1.086400E+0	2.838000E-3	1.000000E-2	0.000000E+0	6.000000E+1	2.000000E+0	6.000000E+1	2.000000E+0	1.000000E+0	6.300000E+1
1.397197E+0	2.556400E+2	1.400000E+3	1.399799E+0	4.119580E+1	3.397917E+1	3.682965E+1	1.094200E+0	4.029900E-2	9.550100E-2	4.119580E+1	2.318222E+0	2.405410E+0	1.094200E+0	2.632000E-3	1.000000E-2	0.000000E+0	6.000000E+1	2.000000E+0	6.000000E+1	2.000000E+0	1.000000E+0	6.400000E+1
1.419665E+0	2.556400E+2	1.350000E+3	1.349585E+0	3.958670E+1	3.409188E+1	3.663011E+1	1.085200E+0	3.975100E-2	9.140400E-2	3.958670E+1	2.308957E+0	2.934943E+0	1.085200E+0	3.185000E-3	1.000000E-2	0.000000E+0	6.000000E+1	2.000000E+0	6.000000E+1	2.000000E+0	1.000000E+0	6.500000E+1
1.441316E+0	2.556400E+2	1.300000E+3	1.300535E+0	3.804570E+1	3.418350E+1	3.641535E+1	1.102200E+0	4.013700E-2	8.834500E-2	3.804570E+1	2.322076E+0	2.816186E+0	1.102200E+0	3.104000E-3	1.000000E-2	0.000000E+0	6.000000E+1	2.000000E+0	6.000000E+1	2.000000E+0	1.000000E+0	6.600000E+1
1.463884E+0	2.556400E+2	1.250000E+3	1.250326E+0	3.645750E+1	3.429544E+1	3.684928E+1	1.071500E+0	3.948400E-2	8.450300E-2	3.645750E+1	2.317850E+0	2.807280E+0	1.071500E+0	3.008000E-3	1.000000E-2	0.000000E+0	6.000000E+1	2.000000E+0	6.000000E+1	2.000000E+0	1.000000E+0	6.700000E+1
1.485668E+0	2.556400E+2	1.200000E+3	1.200317E+0	3.488580E+1	3.440704E+1	3.644380E+1	1.102300E+0	4.017200E-2	8.079000E-2	3.488580E+1	2.315842E+0	2.366869E+0	1.102300E+0	2.609000E-3	1.000000E-2	0.000000E+0	6.000000E+1	2.000000E+0	6.000000E+1	2.000000E+0	1.000000E+0	6.800000E+1
1.508170E+0	2.556400E+2	1.150000E+3	1.150168E+0	3.331830E+1	3.452061E+1	3.669517E+1	1.087500E+0	3.990600E-2	7.749600E-2	3.331830E+1	2.325929E+0	2.294253E+0	1.087500E+0	2.495000E-3	1.000000E-2	0.000000E+0	6.000000E+1	2.000000E+0	6.000000E+1	2.000000E+0	1.000000E+0	6.900000E+1
1.529804E+0	2.556400E+2	1.100000E+3	1.099732E+0	3.175480E+1	3.463199E+1	3.686120E+1	1.077800E+0	3.972900E-2	7.384200E-2	3.175480E+1	2.325381E+0	2.708295E+0	1.077800E+0	2.919000E-3	1.000000E-2	0.000000E+0	6.000000E+1	2.000000E+0	6.000000E+1	2.000000E+0	1.000000E+0	7.000000E+1
1.552355E+0	2.556400E+2	1.050000E+3	1.050501E+0	3.024660E+1	3.473121E+1	3.649438E+1	1.102800E+0	4.024600E-2	6.972600E-2	3.024660E+1	2.305251E+0	2.431085E+0	1.102800E+0	2.681000E-3	1.000000E-2	0.000000E+0	6.000000E+1	2.000000E+0	6.000000E+1	2.000000E+0	1.000000E+0	7.100000E+1
1.574157E+0	2.556400E+2	1.000000E+3	9.999730E-1	2.871840E+1	3.481994E+1	3.694481E+1	1.072600E+0	3.962700E-2	6.693300E-2	2.871840E+1	2.330666E+0	2.459444E+0	1.072600E+0	2.638000E-3	1.000000E-2	0.000000E+0	6.000000E+1	2.000000E+0	6.000000E+1	2.000000E+0	1.000000E+0	7.200000E+1
1.596725E+0	2.556400E+2	9.500000E+2	9.498480E-1	2.718860E+1	3.493552E+1	3.683055E+1	1.088200E+0	4.007900E-2	6.300800E-2	2.718860E+1	2.317442E+0	2.395699E+0	1.088200E+0	2.607000E-3	1.000000E-2	0.000000E+0	6.000000E+1	2.000000E+0	6.000000E+1	2.000000E+0	1.000000E+0	7.300000E+1
1.618493E+0	2.556400E+2	9.000000E+2	8.997760E-1	2.568430E+1	3.503214E+1	3.677762E+1	1.090500E+0	4.010600E-2	5.945700E-2	2.568430E+1	2.314916E+0	2.375974E+0	1.090500E+0	2.591000E-3	1.000000E-2	0.000000E+0	6.000000E+1	2.000000E+0	6.000000E+1	2.000000E+0	1.000000E+0	7.400000E+1
1.640627E+0	2.556400E+2	8.500000E+2	8.500040E-1	2.419850E+1	3.512631E+1	3.652359E+1	1.104300E+0	4.033300E-2	5.644500E-2	2.419850E+1	2.332583E+0	2.392466E+0	1.104300E+0	2.642000E-3	1.000000E-2	0.000000E+0	6.000000E+1	2.000000E+0	6.000000E+1	2.000000E+0	1.000000E+0	7.500000E+1
1.662445E+0	2.556400E+2	8.000000E+2	7.998970E-1	2.268940E+1	3.525422E+1	3.676830E+1	1.079000E+0	3.967300E-2	5.265400E-2	2.268940E+1	2.320643E+0	2.512512E+0	1.079000E+0	2.711000E-3	1.000000E-2	0.000000E+0	6.000000E+1	2.000000E+0	6.000000E+1	2.000000E+0	1.000000E+0	7.600000E+1
1.684596E+0	2.556400E+2	7.500000E+2	7.497060E-1	2.122090E+1	3.532866E+1	3.653870E+1	1.109700E+0	4.054700E-2	4.915100E-2	2.122090E+1	2.316160E+0	2.776426E+0	1.109700E+0	3.081000E-3	1.000000E-2	0.000000E+0	6.000000E+1	2.000000E+0	6.000000E+1	2.000000E+0	1.000000E+0	7.700000E+1
1.706264E+0	2.556400E+2	7.000000E+2	7.000070E-1	1.975730E+1	3.543030E+1	3.660695E+1	1.094000E+0	4.004800E-2	4.627400E-2	1.975730E+1	2.342122E+0	2.389397E+0	1.094000E+0	2.614000E-3	1.000000E-2	0.000000E+0	6.000000E+1	2.000000E+0	6.000000E+1	2.000000E+0	1.000000E+0	7.800000E+1
1.728766E+0	2.556400E+2	6.500000E+2	6.499730E-1	1.829090E+1	3.553532E+1	3.676865E+1	1.104800E+0	4.062200E-2	4.205400E-2	1.829090E+1	2.299176E+0	2.492759E+0	1.104800E+0	2.754000E-3	1.000000E-2	0.000000E+0	6.000000E+1	2.000000E+0	6.000000E+1	2.000000E+0	1.000000E+0	7.900000E+1
1.750517E+0	2.556400E+2	6.000000E+2	5.996920E-1	1.683390E+1	3.562407E+1	3.679435E+1	1.091200E+0	4.015000E-2	3.926700E-2	1.683390E+1	2.332615E+0	2.671371E+0	1.091200E+0	2.915000E-3	1.000000E-2	0.000000E+0	6.000000E+1	2.000000E+0	6.000000E+1	2.000000E+0	1.000000E+0	8.000000E+1
1.773151E+0	2.556400E+2	5.500000E+2	5.502810E-1	1.540260E+1	3.572650E+1	3.677649E+1	1.083600E+0	3.985100E-2	3.586300E-2	1.540260E+1	2.328373E+0	3.107235E+0	1.083600E+0	3.367000E-3	1.000000E-2	0.000000E+0	6.000000E+1	2.000000E+0	6.000000E+1	2.000000E+0	1.000000E+0	8.100000E+1
1.794986E+0	2.556400E+2	5.000000E+2	5.000220E-1	1.396680E+1	3.580076E+1	3.662785E+1	1.090700E+0	3.995000E-2	3.288400E-2	1.396680E+1	2.354441E+0	2.298524E+0	1.090700E+0	2.507000E-3	1.000000E-2	0.000000E+0	6.000000E+1	2.000000E+0	6.000000E+1	2.000000E+0	1.000000E+0	8.200000E+1
1.817171E+0	2.556400E+2	4.500000E+2	4.498140E-1	1.252940E+1	3.590068E+1	3.670694E+1	1.100800E+0	4.040700E-2	2.930500E-2	1.252940E+1	2.338899E+0	2.996003E+0	1.100800E+0	3.298000E-3	1.000000E-2	0.000000E+0	6.000000E+1	2.000000E+0	6.000000E+1	2.000000E+0	1.000000E+0	8.300000E+1
1.838955E+0	2.556400E+2	4.000000E+2	4.008570E-1	1.115110E+1	3.594775E+1	3.667686E+1	1.079100E+0	3.957800E-2	2.563100E-2	1.115110E+1	2.298518E+0	2.667037E+0	1.079100E+0	2.878000E-3	1.000000E-2	0.000000E+0	6.000000E+1	2.000000E+0	6.000000E+1	2.000000E+0	1.000000E+0	8.400000E+1
1.861456E+0	2.556400E+2	3.500000E+2	3.496640E-1	9.712100E+0	3.600292E+1	3.650797E+1	1.085900E+0	3.964400E-2	2.258200E-2	9.712100E+0	2.325141E+0	2.539829E+0	1.085900E+0	2.758000E-3	1.000000E-2	0.000000E+0	6.000000E+1	2.000000E+0	6.000000E+1	2.000000E+0	1.000000E+0	8.500000E+1
1.883241E+0	2.556400E+2	3.000000E+2	3.001770E-1	8.313300E+0	3.610804E+1	3.659195E+1	1.088600E+0	3.983400E-2	1.941200E-2	8.313300E+0	2.335053E+0	2.133933E+0	1.088600E+0	2.323000E-3	1.000000E-2	0.000000E+0	6.000000E+1	2.000000E+0	6.000000E+1	2.000000E+0	1.000000E+0	8.600000E+1
1.905842E+0	2.556400E+2	2.500000E+2	2.506310E-1	6.925400E+0	3.619011E+1	3.691534E+1	1.083100E+0	3.998300E-2	1.627900E-2	6.925400E+0	2.350622E+0	2.370049E+0	1.083100E+0	2.567000E-3	1.000000E-2	0.000000E+0	6.000000E+1	2.000000E+0	6.000000E+1	2.000000E+0	1.000000E+0	8.700000E+1
1.927510E+0	2.556400E+2	2.000000E+2	1.999330E-1	5.511000E+0	3.627890E+1	3.676441E+1	1.087900E+0	3.999600E-2	1.283900E-2	5.511000E+0	2.329704E+0	2.891810E+0	1.087900E+0	3.146000E-3	1.000000E-2	0.000000E+0	6.000000E+1	2.000000E+0	6.000000E+1	2.000000E+0	1.000000E+0	8.800000E+1
1.950012E+0	2.556400E+2	1.500000E+2	1.496790E-1	4.127000E+0	3.626823E+1	3.664452E+1	1.083900E+0	3.971900E-2	9.786000E-3	4.127000E+0	2.371214E+0	3.156195E+0	1.083900E+0	3.421000E-3	1.000000E-2	0.000000E+0	6.000000E+1	2.000000E+0	6.000000E+1	2.000000E+0	1.000000E+0	8.900000E+1
1.971763E+0	2.556400E+2	1.009804E+2	1.016070E-1	2.793100E+0	3.637786E+1	3.657692E+1	1.092000E+0	3.994200E-2	6.704000E-3	2.793100E+0	2.400200E+0	2.793040E+0	1.092000E+0	3.050000E-3	1.000000E-2	0.000000E+0	6.000000E+1	2.000000E+0	6.000000E+1	2.000000E+0	1.000000E+0	9.000000E+1
1.994281E+0	2.556400E+2	5.198019E+1	5.235800E-2	1.426300E+0	3.670897E+1	3.657656E+1	1.091300E+0	3.991600E-2	3.349000E-3	1.426300E+0	2.348033E+0	2.075506E+0	1.091300E+0	2.265000E-3	1.000000E-2	0.000000E+0	6.000000E+1	2.000000E+0	6.000000E+1	2.000000E+0	1.000000E+0	9.100000E+1
2.016132E+0	2.556400E+2	2.979997E+0	2.767000E-3	6.580000E-2	4.205167E+1	3.682981E+1	1.087000E+0	4.003400E-2	2.350000E-4	6.580000E-2	3.571429E+0	2.665133E+0	1.087000E+0	2.897000E-3	1.000000E-2	0.000000E+0	6.000000E+1	2.000000E+0	6.000000E+1	2.000000E+0	1.000000E+0	9.200000E+1
2.038600E+0	2.556400E+2	-4.900020E+1	-4.911700E-2	-1.377100E+0	3.566698E+1	3.700416E+1	1.080500E+0	3.998300E-2	-2.862000E-3	-1.377100E+0	2.078280E+0	2.417399E+0	1.080500E+0	2.612000E-3	1.000000E-2	0.000000E+0	6.000000E+1	2.000000E+0	6.000000E+1	2.000000E+0	1.000000E+0	9.300000E+1
2.060318E+0	2.556400E+2	-9.800039E+1	-9.826800E-2	-2.729400E+0	3.600352E+1	3.655179E+1	1.096800E+0	4.009000E-2	-5.980000E-3	-2.729400E+0	2.190958E+0	2.737053E+0	1.096800E+0	3.002000E-3	1.000000E-2	0.000000E+0	6.000000E+1	2.000000E+0	6.000000E+1	2.000000E+0	1.000000E+0	9.400000E+1
2.082469E+0	2.556400E+2	-1.470006E+2	-1.467300E-1	-4.062800E+0	3.611549E+1	3.666974E+1	1.085200E+0	3.979400E-2	-9.328000E-3	-4.062800E+0	2.295954E+0	2.618872E+0	1.085200E+0	2.842000E-3	1.000000E-2	0.000000E+0	6.000000E+1	2.000000E+0	6.000000E+1	2.000000E+0	1.000000E+0	9.500000E+1
2.104170E+0	2.556400E+2	-1.969808E+2	-1.969000E-1	-5.454800E+0	3.609665E+1	3.681363E+1	1.109100E+0	4.083000E-2	-1.210600E-2	-5.454800E+0	2.219330E+0	1.948427E+0	1.109100E+0	2.161000E-3	1.000000E-2	0.000000E+0	6.000000E+1	2.000000E+0	6.000000E+1	2.000000E+0	1.000000E+0	9.600000E+1
2.126688E+0	2.556400E+2	-2.469808E+2	-2.469250E-1	-6.850500E+0	3.604481E+1	3.660863E+1	1.102800E+0	4.037200E-2	-1.555500E-2	-6.850500E+0	2.270637E+0	2.628763E+0	1.102800E+0	2.899000E-3	1.000000E-2	0.000000E+0	6.000000E+1	2.000000E+0	6.000000E+1	2.000000E+0	1.000000E+0	9.700000E+1
2.148440E+0	2.556400E+2	-2.969808E+2	-2.969180E-1	-8.250800E+0	3.598657E+1	3.650250E+1	1.100500E+0	4.017100E-2	-1.905400E-2	-8.250800E+0	2.309352E+0	2.368015E+0	1.100500E+0	2.606000E-3	1.000000E-2	0.000000E+0	6.000000E+1	2.000000E+0	6.000000E+1	2.000000E+0	1.000000E+0	9.800000E+1
2.170574E+0	2.556400E+2	-3.469808E+2	-3.471120E-1	-9.659000E+0	3.593664E+1	3.678862E+1	1.082400E+0	3.982000E-2	-2.171900E-2	-9.659000E+0	2.248576E+0	2.621951E+0	1.082400E+0	2.838000E-3	1.000000E-2	0.000000E+0	6.000000E+1	2.000000E+0	6.000000E+1	2.000000E+0	1.000000E+0	9.900000E+1
2.192275E+0	2.556400E+2	-3.969808E+2	-3.965820E-1	-1.104850E+1	3.589465E+1	3.689141E+1	1.093100E+0	4.032600E-2	-2.559100E-2	-1.104850E+1	2.316242E+0	2.703321E+0	1.093100E+0	2.955000E-3	1.000000E-2	0.000000E+0	6.000000E+1	2.000000E+0	6.000000E+1	2.000000E+0	1.000000E+0	1.000000E+2
2.214727E+0	2.556400E+2	-4.469808E+2	-4.467890E-1	-1.246750E+1	3.583629E+1	3.682200E+1	1.070800E+0	3.942900E-2	-2.866500E-2	-1.246750E+1	2.299178E+0	2.718528E+0	1.070800E+0	2.911000E-3	1.000000E-2	0.000000E+0	6.000000E+1	2.000000E+0	6.000000E+1	2.000000E+0	1.000000E+0	1.010000E+2
2.236595E+0	2.556400E+2	-4.969808E+2	-4.968170E-1	-1.389200E+1	3.576281E+1	3.671554E+1	1.084500E+0	3.981800E-2	-3.175100E-2	-1.389200E+1	2.285560E+0	2.307054E+0	1.084500E+0	2.502000E-3	1.000000E-2	0.000000E+0	6.000000E+1	2.000000E+0	6.000000E+1	2.000000E+0	1.000000E+0	1.020000E+2
2.259096E+0	2.556400E+2	-5.469808E+2	-5.471790E-1	-1.534310E+1	3.566287E+1	3.666576E+1	1.106100E+0	4.055600E-2	-3.524400E-2	-1.534310E+1	2.297059E+0	2.414791E+0	1.106100E+0	2.671000E-3	1.000000E-2	0.000000E+0	6.000000E+1	2.000000E+0	6.000000E+1	2.000000E+0	1.000000E+0	1.030000E+2
2.280764E+0	2.556400E+2	-5.969808E+2	-5.971050E-1	-1.677360E+1	3.559790E+1	3.673165E+1	1.097800E+0	4.032400E-2	-3.863700E-2	-1.677360E+1	2.303441E+0	2.371106E+0	1.097800E+0	2.603000E-3	1.000000E-2	0.000000E+0	6.000000E+1	2.000000E+0	6.000000E+1	2.000000E+0	1.000000E+0	1.040000E+2
2.303298E+0	2.556400E+2	-6.469808E+2	-6.473130E-1	-1.822340E+1	3.552098E+1	3.700140E+1	1.069500E+0	3.957300E-2	-4.209900E-2	-1.822340E+1	2.310162E+0	2.835905E+0	1.069500E+0	3.033000E-3	1.000000E-2	0.000000E+0	6.000000E+1	2.000000E+0	6.000000E+1	2.000000E+0	1.000000E+0	1.050000E+2
2.325000E+0	2.556400E+2	-6.969808E+2	-6.969020E-1	-1.967350E+1	3.542339E+1	3.659627E+1	1.103200E+0	4.037300E-2	-4.582100E-2	-1.967350E+1	2.329072E+0	2.620558E+0	1.103200E+0	2.891000E-3	1.000000E-2	0.000000E+0	6.000000E+1	2.000000E+0	6.000000E+1	2.000000E+0	1.000000E+0	1.060000E+2
2.347084E+0	2.556400E+2	-7.469808E+2	-7.465350E-1	-2.111800E+1	3.535065E+1	3.657557E+1	1.090400E+0	3.988200E-2	-4.884000E-2	-2.111800E+1	2.312719E+0	2.583456E+0	1.090400E+0	2.817000E-3	1.000000E-2	0.000000E+0	6.000000E+1	2.000000E+0	6.000000E+1	2.000000E+0	1.000000E+0	1.070000E+2
2.368902E+0	2.556400E+2	-7.969808E+2	-7.966230E-1	-2.260330E+1	3.524366E+1	3.686401E+1	1.086100E+0	4.003800E-2	-5.238700E-2	-2.260330E+1	2.317670E+0	2.332198E+0	1.086100E+0	2.533000E-3	1.000000E-2	0.000000E+0	6.000000E+1	2.000000E+0	6.000000E+1	2.000000E+0	1.000000E+0	1.080000E+2
2.391487E+0	2.556400E+2	-8.469808E+2	-8.469990E-1	-2.410480E+1	3.513819E+1	3.676231E+1	1.080400E+0	3.971800E-2	-5.586300E-2	-2.410480E+1	2.317505E+0	2.824880E+0	1.080400E+0	3.052000E-3	1.000000E-2	0.000000E+0	6.000000E+1	2.000000E+0	6.000000E+1	2.000000E+0	1.000000E+0	1.090000E+2
2.413171E+0	2.556400E+2	-8.969808E+2	-8.967000E-1	-2.559000E+1	3.504103E+1	3.646438E+1	1.099100E+0	4.007800E-2	-5.968300E-2	-2.559000E+1	2.332278E+0	2.741334E+0	1.099100E+0	3.013000E-3	1.000000E-2	0.000000E+0	6.000000E+1	2.000000E+0	6.000000E+1	2.000000E+0	1.000000E+0	1.100000E+2
2.435673E+0	2.556400E+2	-9.469808E+2	-9.470460E-1	-2.710530E+1	3.493951E+1	3.681107E+1	1.087200E+0	4.002100E-2	-6.276600E-2	-2.710530E+1	2.315636E+0	2.320640E+0	1.087200E+0	2.523000E-3	1.000000E-2	0.000000E+0	6.000000E+1	2.000000E+0	6.000000E+1	2.000000E+0	1.000000E+0	1.110000E+2
2.457374E+0	2.556400E+2	-9.969808E+2	-9.964670E-1	-2.860670E+1	3.483334E+1	3.690702E+1	1.087300E+0	4.012900E-2	-6.600000E-2	-2.860670E+1	2.307152E+0	1.965419E+0	1.087300E+0	2.137000E-3	1.000000E-2	0.000000E+0	6.000000E+1	2.000000E+0	6.000000E+1	2.000000E+0	1.000000E+0	1.120000E+2
2.479825E+0	2.556400E+2	-1.046981E+3	-1.046492E+0	-3.013700E+1	3.472449E+1	3.649738E+1	1.088900E+0	3.974200E-2	-6.966800E-2	-3.013700E+1	2.311710E+0	2.599871E+0	1.088900E+0	2.831000E-3	1.000000E-2	0.000000E+0	6.000000E+1	2.000000E+0	6.000000E+1	2.000000E+0	1.000000E+0	1.130000E+2
2.501493E+0	2.556400E+2	-1.096981E+3	-1.096545E+0	-3.166250E+1	3.463229E+1	3.666728E+1	1.087700E+0	3.988300E-2	-7.277600E-2	-3.166250E+1	2.298492E+0	2.680886E+0	1.087700E+0	2.916000E-3	1.000000E-2	0.000000E+0	6.000000E+1	2.000000E+0	6.000000E+1	2.000000E+0	1.000000E+0	1.140000E+2
2.523178E+0	2.556400E+2	-1.146981E+3	-1.146909E+0	-3.322270E+1	3.452185E+1	3.659348E+1	1.097600E+0	4.016500E-2	-7.666200E-2	-3.322270E+1	2.307519E+0	2.653061E+0	1.097600E+0	2.912000E-3	1.000000E-2	0.000000E+0	6.000000E+1	2.000000E+0	6.000000E+1	2.000000E+0	1.000000E+0	1.150000E+2
2.544779E+0	2.556400E+2	-1.196981E+3	-1.196757E+0	-3.478950E+1	3.439995E+1	3.651745E+1	1.105800E+0	4.038100E-2	-8.010100E-2	-3.478950E+1	2.302448E+0	2.745524E+0	1.105800E+0	3.036000E-3	1.000000E-2	0.000000E+0	6.000000E+1	2.000000E+0	6.000000E+1	2.000000E+0	1.000000E+0	1.160000E+2
2.567264E+0	2.556400E+2	-1.246981E+3	-1.247372E+0	-3.634570E+1	3.431966E+1	3.662905E+1	1.098800E+0	4.024800E-2	-8.424800E-2	-3.634570E+1	2.317963E+0	2.314343E+0	1.098800E+0	2.543000E-3	1.000000E-2	0.000000E+0	6.000000E+1	2.000000E+0	6.000000E+1	2.000000E+0	1.000000E+0	1.170000E+2
2.589015E+0	2.556400E+2	-1.296981E+3	-1.296909E+0	-3.793530E+1	3.418739E+1	3.676059E+1	1.078900E+0	3.966100E-2	-8.737700E-2	-3.793530E+1	2.303316E+0	2.609139E+0	1.078900E+0	2.815000E-3	1.000000E-2	0.000000E+0	6.000000E+1	2.000000E+0	6.000000E+1	2.000000E+0	1.000000E+0	1.180000E+2
2.611533E+0	2.556400E+2	-1.346981E+3	-1.346721E+0	-3.950150E+1	3.409291E+1	3.667799E+1	1.088800E+0	3.993500E-2	-9.104000E-2	-3.950150E+1	2.304723E+0	2.618479E+0	1.088800E+0	2.851000E-3	1.000000E-2	0.000000E+0	6.000000E+1	2.000000E+0	6.000000E+1	2.000000E+0	1.000000E+0	1.190000E+2
2.633351E+0	2.556400E+2	-1.396981E+3	-1.397022E+0	-4.112110E+1	3.397336E+1	3.673731E+1	1.108900E+0	4.073800E-2	-9.450800E-2	-4.112110E+1	2.298285E+0	2.617910E+0	1.108900E+0	2.903000E-3	1.000000E-2	0.000000E+0	6.000000E+1	2.000000E+0	6.000000E+1	2.000000E+0	1.000000E+0	1.200000E+2
2.655435E+0	2.556400E+2	-1.446981E+3	-1.446955E+0	-4.272230E+1	3.386885E+1	3.653801E+1	1.103700E+0	4.032700E-2	-9.883600E-2	-4.272230E+1	2.313452E+0	2.264202E+0	1.103700E+0	2.499000E-3	1.000000E-2	0.000000E+0	6.000000E+1	2.000000E+0	6.000000E+1	2.000000E+0	1.000000E+0	1.210000E+2
2.677170E+0	2.556400E+2	-1.496981E+3	-1.496817E+0	-4.432860E+1	3.376639E+1	3.658572E+1	1.099500E+0	4.022600E-2	-1.023000E-1	-4.432860E+1	2.307765E+0	2.349250E+0	1.099500E+0	2.583000E-3	1.000000E-2	0.000000E+0	6.000000E+1	2.000000E+0	6.000000E+1	2.000000E+0	1.000000E+0	1.220000E+2
2.699604E+0	2.556400E+2	-1.500000E+3	-1.499348E+0	-4.441450E+1	3.375807E+1	3.650975E+1	1.091900E+0	3.986500E-2	-1.025770E-1	-4.441450E+1	2.309539E+0	2.405898E+0	1.091900E+0	2.627000E-3	1.000000E-2	0.000000E+0	6.000000E+1	2.000000E+0	6.000000E+1	2.000000E+0	1.000000E+0	1.230000E+2
2.721222E+0	2.556400E+2	-1.450000E+3	-1.449923E+0	-4.281540E+1	3.386452E+1	3.665778E+1	1.087300E+0	3.985800E-2	-9.850500E-2	-4.281540E+1	2.300691E+0	2.382967E+0	1.087300E+0	2.591000E-3	1.000000E-2	0.000000E+0	6.000000E+1	2.000000E+0	6.000000E+1	2.000000E+0	1.000000E+0	1.240000E+2
