Tiempo (min)	I pulso(mA)	Vinst 1 (V)	Iinst 1 (mA)	Rinst 1(Ohm)	Rrem 1 (Ohm)	Ibias 1 (mA)	Vbias 1 (V)	Vinst 2 (V)	Iinst 2 (mA)	Rinst 2(Ohm)	Rrem 2 (Ohm)	Ibias 2 (mA)	Vbias 2 (V)	Ancho pulso (s)	Periodo (s)	Icc 1 (mA)	Vcc 1 (V)	Icc 2 (mA)	Vcc 2 (V)	2W 1?	N4.074066E-1	1.000000E-1	1.024710E+0	6.400000E-3	1.601109E+5	1.651106E+5	4.700000E-3	7.760200E-1	9.910000E+37	6.400000E-3	1.548438E+43	2.108511E+43	4.700000E-3	9.910000E+37	1.000000E-2	0.000000E+0	1.000000E+2	1.000000E+1	1.000000E+2	1.000000E+1	0.000000E+0	1.000000E+0
4.164072E-1	1.000000E-1	1.024710E+0	6.400000E-3	1.601109E+5	1.491000E+5	5.200000E-3	7.753200E-1	9.910000E+37	6.400000E-3	1.548438E+43	1.905769E+43	5.200000E-3	9.910000E+37	1.000000E-2	0.000000E+0	1.000000E+2	1.000000E+1	1.000000E+2	1.000000E+1	0.000000E+0	1.500000E+0
4.250743E-1	1.000000E-1	1.024710E+0	6.400000E-3	1.601109E+5	3.355043E+5	2.300000E-3	7.716600E-1	9.910000E+37	6.400000E-3	1.548438E+43	4.308696E+43	2.300000E-3	9.910000E+37	1.000000E-2	0.000000E+0	1.000000E+2	1.000000E+1	1.000000E+2	1.000000E+1	0.000000E+0	2.000000E+0
4.335081E-1	1.000000E-1	1.024710E+0	6.400000E-3	1.601109E+5	2.981231E+5	2.600000E-3	7.751200E-1	9.910000E+37	6.400000E-3	1.548438E+43	3.811538E+43	2.600000E-3	9.910000E+37	1.000000E-2	0.000000E+0	1.000000E+2	1.000000E+1	1.000000E+2	1.000000E+1	0.000000E+0	2.500000E+0
4.420420E-1	1.000000E-1	1.024710E+0	6.400000E-3	1.601109E+5	2.209057E+5	3.500000E-3	7.731700E-1	9.910000E+37	6.400000E-3	1.548438E+43	2.831429E+43	3.500000E-3	9.910000E+37	1.000000E-2	0.000000E+0	1.000000E+2	1.000000E+1	1.000000E+2	1.000000E+1	0.000000E+0	3.000000E+0
4.507258E-1	1.000000E-1	1.024710E+0	6.400000E-3	1.601109E+5	2.746321E+5	2.800000E-3	7.689700E-1	9.910000E+37	6.400000E-3	1.548438E+43	3.539286E+43	2.800000E-3	9.910000E+37	1.000000E-2	0.000000E+0	1.000000E+2	1.000000E+1	1.000000E+2	1.000000E+1	0.000000E+0	3.500000E+0
4.589596E-1	1.000000E-1	1.024710E+0	6.400000E-3	1.601109E+5	1.922500E+5	4.000000E-3	7.690000E-1	9.910000E+37	6.400000E-3	1.548438E+43	2.477500E+43	4.000000E-3	9.910000E+37	1.000000E-2	0.000000E+0	1.000000E+2	1.000000E+1	1.000000E+2	1.000000E+1	0.000000E+0	4.000000E+0
4.671434E-1	1.000000E-1	1.024710E+0	6.400000E-3	1.601109E+5	1.578041E+5	4.900000E-3	7.732400E-1	9.910000E+37	6.400000E-3	1.548438E+43	2.022449E+43	4.900000E-3	9.910000E+37	1.000000E-2	0.000000E+0	1.000000E+2	1.000000E+1	1.000000E+2	1.000000E+1	0.000000E+0	4.500000E+0
4.758439E-1	1.000000E-1	1.024710E+0	6.400000E-3	1.601109E+5	1.571571E+5	4.900000E-3	7.700700E-1	9.910000E+37	6.400000E-3	1.548438E+43	2.022449E+43	4.900000E-3	9.910000E+37	1.000000E-2	0.000000E+0	1.000000E+2	1.000000E+1	1.000000E+2	1.000000E+1	0.000000E+0	5.000000E+0
4.842277E-1	1.000000E-1	1.024710E+0	6.400000E-3	1.601109E+5	2.141917E+5	3.600000E-3	7.710900E-1	9.910000E+37	6.400000E-3	1.548438E+43	2.752778E+43	3.600000E-3	9.910000E+37	1.000000E-2	0.000000E+0	1.000000E+2	1.000000E+1	1.000000E+2	1.000000E+1	0.000000E+0	5.500000E+0
4.927449E-1	1.000000E-1	1.024710E+0	6.400000E-3	1.601109E+5	4.520000E+5	1.700000E-3	7.684000E-1	9.910000E+37	6.400000E-3	1.548438E+43	5.829412E+43	1.700000E-3	9.910000E+37	1.000000E-2	0.000000E+0	1.000000E+2	1.000000E+1	1.000000E+2	1.000000E+1	0.000000E+0	6.000000E+0
5.016620E-1	1.000000E-1	1.024710E+0	6.400000E-3	1.601109E+5	1.540840E+5	5.000000E-3	7.704200E-1	9.910000E+37	6.400000E-3	1.548438E+43	1.982000E+43	5.000000E-3	9.910000E+37	1.000000E-2	0.000000E+0	1.000000E+2	1.000000E+1	1.000000E+2	1.000000E+1	0.000000E+0	6.500000E+0
5.098792E-1	1.000000E-1	1.024710E+0	6.400000E-3	1.601109E+5	2.020342E+5	3.800000E-3	7.677300E-1	9.910000E+37	6.400000E-3	1.548438E+43	2.607895E+43	3.800000E-3	9.910000E+37	1.000000E-2	0.000000E+0	1.000000E+2	1.000000E+1	1.000000E+2	1.000000E+1	0.000000E+0	7.000000E+0
5.180796E-1	1.000000E-1	1.024710E+0	6.400000E-3	1.601109E+5	1.840476E+5	4.200000E-3	7.730000E-1	9.910000E+37	6.400000E-3	1.548438E+43	2.359524E+43	4.200000E-3	9.910000E+37	1.000000E-2	0.000000E+0	1.000000E+2	1.000000E+1	1.000000E+2	1.000000E+1	0.000000E+0	7.500000E+0
5.278135E-1	1.000000E-1	1.024710E+0	6.400000E-3	1.601109E+5	1.572490E+5	4.900000E-3	7.705200E-1	9.910000E+37	6.400000E-3	1.548438E+43	2.022449E+43	4.900000E-3	9.910000E+37	1.000000E-2	0.000000E+0	1.000000E+2	1.000000E+1	1.000000E+2	1.000000E+1	0.000000E+0	8.000000E+0
5.369807E-1	1.000000E-1	1.024710E+0	6.400000E-3	1.601109E+5	1.837048E+5	4.200000E-3	7.715600E-1	9.910000E+37	6.400000E-3	1.548438E+43	2.359524E+43	4.200000E-3	9.910000E+37	1.000000E-2	0.000000E+0	1.000000E+2	1.000000E+1	1.000000E+2	1.000000E+1	0.000000E+0	8.500000E+0
5.454812E-1	1.000000E-1	1.024710E+0	6.400000E-3	1.601109E+5	2.088243E+5	3.700000E-3	7.726500E-1	9.910000E+37	6.400000E-3	1.548438E+43	2.678378E+43	3.700000E-3	9.910000E+37	1.000000E-2	0.000000E+0	1.000000E+2	1.000000E+1	1.000000E+2	1.000000E+1	0.000000E+0	9.000000E+0
5.543817E-1	1.000000E-1	1.024710E+0	6.400000E-3	1.601109E+5	1.280717E+5	6.000000E-3	7.684300E-1	9.910000E+37	6.400000E-3	1.548438E+43	1.651667E+43	6.000000E-3	9.910000E+37	1.000000E-2	0.000000E+0	1.000000E+2	1.000000E+1	1.000000E+2	1.000000E+1	0.000000E+0	9.500000E+0
5.628489E-1	1.000000E-1	1.024710E+0	6.400000E-3	1.601109E+5	1.575143E+5	4.900000E-3	7.718200E-1	9.910000E+37	6.400000E-3	1.548438E+43	2.022449E+43	4.900000E-3	9.910000E+37	1.000000E-2	0.000000E+0	1.000000E+2	1.000000E+1	1.000000E+2	1.000000E+1	0.000000E+0	1.000000E+1
5.714994E-1	1.000000E-1	1.024710E+0	6.400000E-3	1.601109E+5	1.874488E+5	4.100000E-3	7.685400E-1	9.910000E+37	6.400000E-3	1.548438E+43	2.417073E+43	4.100000E-3	9.910000E+37	1.000000E-2	0.000000E+0	1.000000E+2	1.000000E+1	1.000000E+2	1.000000E+1	0.000000E+0	1.050000E+1
5.801999E-1	1.000000E-1	1.024710E+0	6.400000E-3	1.601109E+5	2.136500E+5	3.600000E-3	7.691400E-1	9.910000E+37	6.400000E-3	1.548438E+43	2.752778E+43	3.600000E-3	9.910000E+37	1.000000E-2	0.000000E+0	1.000000E+2	1.000000E+1	1.000000E+2	1.000000E+1	0.000000E+0	1.100000E+1
5.883670E-1	1.000000E-1	1.024710E+0	6.400000E-3	1.601109E+5	1.878561E+5	4.100000E-3	7.702100E-1	9.910000E+37	6.400000E-3	1.548438E+43	2.417073E+43	4.100000E-3	9.910000E+37	1.000000E-2	0.000000E+0	1.000000E+2	1.000000E+1	1.000000E+2	1.000000E+1	0.000000E+0	1.150000E+1
5.971175E-1	1.000000E-1	1.024710E+0	6.400000E-3	1.601109E+5	1.670130E+5	4.600000E-3	7.682600E-1	9.910000E+37	6.400000E-3	1.548438E+43	2.154348E+43	4.600000E-3	9.910000E+37	1.000000E-2	0.000000E+0	1.000000E+2	1.000000E+1	1.000000E+2	1.000000E+1	0.000000E+0	1.200000E+1
6.051513E-1	1.000000E-1	1.024710E+0	6.400000E-3	1.601109E+5	2.139611E+5	3.600000E-3	7.702600E-1	9.910000E+37	6.400000E-3	1.548438E+43	2.752778E+43	3.600000E-3	9.910000E+37	1.000000E-2	0.000000E+0	1.000000E+2	1.000000E+1	1.000000E+2	1.000000E+1	0.000000E+0	1.250000E+1
6.132184E-1	1.000000E-1	1.024710E+0	6.400000E-3	1.601109E+5	4.060632E+5	1.900000E-3	7.715200E-1	9.910000E+37	6.400000E-3	1.548438E+43	5.215789E+43	1.900000E-3	9.910000E+37	1.000000E-2	0.000000E+0	1.000000E+2	1.000000E+1	1.000000E+2	1.000000E+1	0.000000E+0	1.300000E+1
6.218189E-1	1.000000E-1	1.024710E+0	6.400000E-3	1.601109E+5	1.787163E+5	4.300000E-3	7.684800E-1	9.910000E+37	6.400000E-3	1.548438E+43	2.304651E+43	4.300000E-3	9.910000E+37	1.000000E-2	0.000000E+0	1.000000E+2	1.000000E+1	1.000000E+2	1.000000E+1	0.000000E+0	1.350000E+1
6.303361E-1	1.000000E-1	1.024710E+0	6.400000E-3	1.601109E+5	1.545560E+5	5.000000E-3	7.727800E-1	9.910000E+37	6.400000E-3	1.548438E+43	1.982000E+43	5.000000E-3	9.910000E+37	1.000000E-2	0.000000E+0	1.000000E+2	1.000000E+1	1.000000E+2	1.000000E+1	0.000000E+0	1.400000E+1
6.386032E-1	1.000000E-1	1.024710E+0	6.400000E-3	1.601109E+5	1.370286E+5	5.600000E-3	7.673600E-1	9.910000E+37	6.400000E-3	1.548438E+43	1.769643E+43	5.600000E-3	9.910000E+37	1.000000E-2	0.000000E+0	1.000000E+2	1.000000E+1	1.000000E+2	1.000000E+1	0.000000E+0	1.450000E+1
6.474704E-1	1.000000E-1	1.024710E+0	6.400000E-3	1.601109E+5	2.399750E+5	3.200000E-3	7.679200E-1	9.910000E+37	6.400000E-3	1.548438E+43	3.096875E+43	3.200000E-3	9.910000E+37	1.000000E-2	0.000000E+0	1.000000E+2	1.000000E+1	1.000000E+2	1.000000E+1	0.000000E+0	1.500000E+1
6.554875E-1	1.000000E-1	1.024710E+0	6.400000E-3	1.601109E+5	4.040789E+5	1.900000E-3	7.677500E-1	9.910000E+37	6.400000E-3	1.548438E+43	5.215789E+43	1.900000E-3	9.910000E+37	1.000000E-2	0.000000E+0	1.000000E+2	1.000000E+1	1.000000E+2	1.000000E+1	0.000000E+0	1.550000E+1
6.643047E-1	1.000000E-1	1.024710E+0	6.400000E-3	1.601109E+5	1.874561E+5	4.100000E-3	7.685700E-1	9.910000E+37	6.400000E-3	1.548438E+43	2.417073E+43	4.100000E-3	9.910000E+37	1.000000E-2	0.000000E+0	1.000000E+2	1.000000E+1	1.000000E+2	1.000000E+1	0.000000E+0	1.600000E+1
6.728218E-1	1.000000E-1	1.024710E+0	6.400000E-3	1.601109E+5	2.195429E+5	3.500000E-3	7.684000E-1	9.910000E+37	6.400000E-3	1.548438E+43	2.831429E+43	3.500000E-3	9.910000E+37	1.000000E-2	0.000000E+0	1.000000E+2	1.000000E+1	1.000000E+2	1.000000E+1	0.000000E+0	1.650000E+1
6.814556E-1	1.000000E-1	1.024710E+0	6.400000E-3	1.601109E+5	2.949423E+5	2.600000E-3	7.668500E-1	9.910000E+37	6.400000E-3	1.548438E+43	3.811538E+43	2.600000E-3	9.910000E+37	1.000000E-2	0.000000E+0	1.000000E+2	1.000000E+1	1.000000E+2	1.000000E+1	0.000000E+0	1.700000E+1
6.895394E-1	1.000000E-1	1.024710E+0	6.400000E-3	1.601109E+5	1.238355E+5	6.200000E-3	7.677800E-1	9.910000E+37	6.400000E-3	1.548438E+43	1.598387E+43	6.200000E-3	9.910000E+37	1.000000E-2	0.000000E+0	1.000000E+2	1.000000E+1	1.000000E+2	1.000000E+1	0.000000E+0	1.750000E+1
6.977066E-1	1.000000E-1	1.024710E+0	6.400000E-3	1.601109E+5	1.477654E+5	5.200000E-3	7.683800E-1	9.910000E+37	6.400000E-3	1.548438E+43	1.905769E+43	5.200000E-3	9.910000E+37	1.000000E-2	0.000000E+0	1.000000E+2	1.000000E+1	1.000000E+2	1.000000E+1	0.000000E+0	1.800000E+1
7.064571E-1	1.000000E-1	1.024710E+0	6.400000E-3	1.601109E+5	1.373446E+5	5.600000E-3	7.691300E-1	9.910000E+37	6.400000E-3	1.548438E+43	1.769643E+43	5.600000E-3	9.910000E+37	1.000000E-2	0.000000E+0	1.000000E+2	1.000000E+1	1.000000E+2	1.000000E+1	0.000000E+0	1.850000E+1
7.148409E-1	1.000000E-1	1.024710E+0	6.400000E-3	1.601109E+5	2.202743E+5	3.500000E-3	7.709600E-1	9.910000E+37	6.400000E-3	1.548438E+43	2.831429E+43	3.500000E-3	9.910000E+37	1.000000E-2	0.000000E+0	1.000000E+2	1.000000E+1	1.000000E+2	1.000000E+1	0.000000E+0	1.900000E+1
7.231580E-1	1.000000E-1	1.024710E+0	6.400000E-3	1.601109E+5	1.486308E+5	5.200000E-3	7.728800E-1	9.910000E+37	6.400000E-3	1.548438E+43	1.905769E+43	5.200000E-3	9.910000E+37	1.000000E-2	0.000000E+0	1.000000E+2	1.000000E+1	1.000000E+2	1.000000E+1	0.000000E+0	1.950000E+1
7.318919E-1	1.000000E-1	1.024710E+0	6.400000E-3	1.601109E+5	5.136067E+5	1.500000E-3	7.704100E-1	9.910000E+37	6.400000E-3	1.548438E+43	6.606667E+43	1.500000E-3	9.910000E+37	1.000000E-2	0.000000E+0	1.000000E+2	1.000000E+1	1.000000E+2	1.000000E+1	0.000000E+0	2.000000E+1
7.400423E-1	1.000000E-1	1.024710E+0	6.400000E-3	1.601109E+5	1.304712E+5	5.900000E-3	7.697800E-1	9.910000E+37	6.400000E-3	1.548438E+43	1.679661E+43	5.900000E-3	9.910000E+37	1.000000E-2	0.000000E+0	1.000000E+2	1.000000E+1	1.000000E+2	1.000000E+1	0.000000E+0	2.050000E+1
7.482095E-1	1.000000E-1	1.024710E+0	6.400000E-3	1.601109E+5	1.646957E+5	4.700000E-3	7.740700E-1	9.910000E+37	6.400000E-3	1.548438E+43	2.108511E+43	4.700000E-3	9.910000E+37	1.000000E-2	0.000000E+0	1.000000E+2	1.000000E+1	1.000000E+2	1.000000E+1	0.000000E+0	2.100000E+1
7.569100E-1	1.000000E-1	1.024710E+0	6.400000E-3	1.601109E+5	1.677674E+5	4.600000E-3	7.717300E-1	9.910000E+37	6.400000E-3	1.548438E+43	2.154348E+43	4.600000E-3	9.910000E+37	1.000000E-2	0.000000E+0	1.000000E+2	1.000000E+1	1.000000E+2	1.000000E+1	0.000000E+0	2.150000E+1
7.650438E-1	1.000000E-1	1.024710E+0	6.400000E-3	1.601109E+5	1.978051E+5	3.900000E-3	7.714400E-1	9.910000E+37	6.400000E-3	1.548438E+43	2.541026E+43	3.900000E-3	9.910000E+37	1.000000E-2	0.000000E+0	1.000000E+2	1.000000E+1	1.000000E+2	1.000000E+1	0.000000E+0	2.200000E+1
7.739943E-1	1.000000E-1	1.024710E+0	6.400000E-3	1.601109E+5	2.486000E+5	3.100000E-3	7.706600E-1	9.910000E+37	6.400000E-3	1.548438E+43	3.196774E+43	3.100000E-3	9.910000E+37	1.000000E-2	0.000000E+0	1.000000E+2	1.000000E+1	1.000000E+2	1.000000E+1	0.000000E+0	2.250000E+1
7.829281E-1	1.000000E-1	1.024710E+0	6.400000E-3	1.601109E+5	1.831190E+5	4.200000E-3	7.691000E-1	9.910000E+37	6.400000E-3	1.548438E+43	2.359524E+43	4.200000E-3	9.910000E+37	1.000000E-2	0.000000E+0	1.000000E+2	1.000000E+1	1.000000E+2	1.000000E+1	0.000000E+0	2.300000E+1
7.912286E-1	1.000000E-1	1.024710E+0	6.400000E-3	1.601109E+5	2.079135E+5	3.700000E-3	7.692800E-1	9.910000E+37	6.400000E-3	1.548438E+43	2.678378E+43	3.700000E-3	9.910000E+37	1.000000E-2	0.000000E+0	1.000000E+2	1.000000E+1	1.000000E+2	1.000000E+1	0.000000E+0	2.350000E+1
7.992957E-1	1.000000E-1	1.024710E+0	6.400000E-3	1.601109E+5	1.633213E+5	4.700000E-3	7.676100E-1	9.910000E+37	6.400000E-3	1.548438E+43	2.108511E+43	4.700000E-3	9.910000E+37	1.000000E-2	0.000000E+0	1.000000E+2	1.000000E+1	1.000000E+2	1.000000E+1	0.000000E+0	2.400000E+1
8.079629E-1	1.000000E-1	1.024710E+0	6.400000E-3	1.601109E+5	2.136000E+5	3.600000E-3	7.689600E-1	9.910000E+37	6.400000E-3	1.548438E+43	2.752778E+43	3.600000E-3	9.910000E+37	1.000000E-2	0.000000E+0	1.000000E+2	1.000000E+1	1.000000E+2	1.000000E+1	0.000000E+0	2.450000E+1
8.162134E-1	1.000000E-1	1.024710E+0	6.400000E-3	1.601109E+5	1.922000E+5	4.000000E-3	7.688000E-1	9.910000E+37	6.400000E-3	1.548438E+43	2.477500E+43	4.000000E-3	9.910000E+37	1.000000E-2	0.000000E+0	1.000000E+2	1.000000E+1	1.000000E+2	1.000000E+1	0.000000E+0	2.500000E+1
8.243138E-1	1.000000E-1	1.024710E+0	6.400000E-3	1.601109E+5	6.591453E+4	1.170000E-2	7.712000E-1	9.910000E+37	6.400000E-3	1.548438E+43	8.470085E+42	1.170000E-2	9.910000E+37	1.000000E-2	0.000000E+0	1.000000E+2	1.000000E+1	1.000000E+2	1.000000E+1	0.000000E+0	2.550000E+1
8.329143E-1	1.000000E-1	1.024710E+0	6.400000E-3	1.601109E+5	1.394127E+5	5.500000E-3	7.667700E-1	9.910000E+37	6.400000E-3	1.548438E+43	1.801818E+43	5.500000E-3	9.910000E+37	1.000000E-2	0.000000E+0	1.000000E+2	1.000000E+1	1.000000E+2	1.000000E+1	0.000000E+0	2.600000E+1
8.411648E-1	1.000000E-1	1.024710E+0	6.400000E-3	1.601109E+5	1.302441E+5	5.900000E-3	7.684400E-1	9.910000E+37	6.400000E-3	1.548438E+43	1.679661E+43	5.900000E-3	9.910000E+37	1.000000E-2	0.000000E+0	1.000000E+2	1.000000E+1	1.000000E+2	1.000000E+1	0.000000E+0	2.650000E+1
8.493652E-1	1.000000E-1	1.024710E+0	6.400000E-3	1.601109E+5	1.744523E+5	4.400000E-3	7.675900E-1	9.910000E+37	6.400000E-3	1.548438E+43	2.252273E+43	4.400000E-3	9.910000E+37	1.000000E-2	0.000000E+0	1.000000E+2	1.000000E+1	1.000000E+2	1.000000E+1	0.000000E+0	2.700000E+1
8.578824E-1	1.000000E-1	1.024710E+0	6.400000E-3	1.601109E+5	2.559800E+5	3.000000E-3	7.679400E-1	9.910000E+37	6.400000E-3	1.548438E+43	3.303333E+43	3.000000E-3	9.910000E+37	1.000000E-2	0.000000E+0	1.000000E+2	1.000000E+1	1.000000E+2	1.000000E+1	0.000000E+0	2.750000E+1
8.660495E-1	1.000000E-1	1.024710E+0	6.400000E-3	1.601109E+5	5.687407E+4	1.350000E-2	7.678000E-1	9.910000E+37	6.400000E-3	1.548438E+43	7.340741E+42	1.350000E-2	9.910000E+37	1.000000E-2	0.000000E+0	1.000000E+2	1.000000E+1	1.000000E+2	1.000000E+1	0.000000E+0	2.800000E+1
8.749500E-1	1.000000E-1	1.024710E+0	6.400000E-3	1.601109E+5	6.184715E+4	1.230000E-2	7.607200E-1	9.910000E+37	6.400000E-3	1.548438E+43	8.056911E+42	1.230000E-2	9.910000E+37	1.000000E-2	0.000000E+0	1.000000E+2	1.000000E+1	1.000000E+2	1.000000E+1	0.000000E+0	2.850000E+1
8.830672E-1	1.000000E-1	1.024710E+0	6.400000E-3	1.601109E+5	5.473551E+4	1.380000E-2	7.553500E-1	9.910000E+37	6.400000E-3	1.548438E+43	7.181159E+42	1.380000E-2	9.910000E+37	1.000000E-2	0.000000E+0	1.000000E+2	1.000000E+1	1.000000E+2	1.000000E+1	0.000000E+0	2.900000E+1
8.912343E-1	1.000000E-1	1.024710E+0	6.400000E-3	1.601109E+5	5.443623E+4	1.380000E-2	7.512200E-1	9.910000E+37	6.400000E-3	1.548438E+43	7.181159E+42	1.380000E-2	9.910000E+37	1.000000E-2	0.000000E+0	1.000000E+2	1.000000E+1	1.000000E+2	1.000000E+1	0.000000E+0	2.950000E+1
8.997515E-1	1.000000E-1	1.024710E+0	6.400000E-3	1.601109E+5	5.678195E+4	1.330000E-2	7.552000E-1	9.910000E+37	6.400000E-3	1.548438E+43	7.451128E+42	1.330000E-2	9.910000E+37	1.000000E-2	0.000000E+0	1.000000E+2	1.000000E+1	1.000000E+2	1.000000E+1	0.000000E+0	3.000000E+1
9.081186E-1	1.000000E-1	1.024710E+0	6.400000E-3	1.601109E+5	6.197295E+4	1.220000E-2	7.560700E-1	9.910000E+37	6.400000E-3	1.548438E+43	8.122951E+42	1.220000E-2	9.910000E+37	1.000000E-2	0.000000E+0	1.000000E+2	1.000000E+1	1.000000E+2	1.000000E+1	0.000000E+0	3.050000E+1
9.162024E-1	1.000000E-1	1.024710E+0	6.400000E-3	1.601109E+5	6.001760E+4	1.250000E-2	7.502200E-1	9.910000E+37	6.400000E-3	1.548438E+43	7.928000E+42	1.250000E-2	9.910000E+37	1.000000E-2	0.000000E+0	1.000000E+2	1.000000E+1	1.000000E+2	1.000000E+1	0.000000E+0	3.100000E+1
9.247696E-1	1.000000E-1	1.024710E+0	6.400000E-3	1.601109E+5	6.252314E+4	1.210000E-2	7.565300E-1	9.910000E+37	6.400000E-3	1.548438E+43	8.190083E+42	1.210000E-2	9.910000E+37	1.000000E-2	0.000000E+0	1.000000E+2	1.000000E+1	1.000000E+2	1.000000E+1	0.000000E+0	3.150000E+1
9.328367E-1	1.000000E-1	1.024710E+0	6.400000E-3	1.601109E+5	6.347250E+4	1.200000E-2	7.616700E-1	9.910000E+37	6.400000E-3	1.548438E+43	8.258333E+42	1.200000E-2	9.910000E+37	1.000000E-2	0.000000E+0	1.000000E+2	1.000000E+1	1.000000E+2	1.000000E+1	0.000000E+0	3.200000E+1
9.409705E-1	1.000000E-1	1.024710E+0	6.400000E-3	1.601109E+5	6.639123E+4	1.140000E-2	7.568600E-1	9.910000E+37	6.400000E-3	1.548438E+43	8.692982E+42	1.140000E-2	9.910000E+37	1.000000E-2	0.000000E+0	1.000000E+2	1.000000E+1	1.000000E+2	1.000000E+1	0.000000E+0	3.250000E+1
9.495210E-1	1.000000E-1	1.024710E+0	6.400000E-3	1.601109E+5	6.166210E+4	1.240000E-2	7.646100E-1	9.910000E+37	6.400000E-3	1.548438E+43	7.991935E+42	1.240000E-2	9.910000E+37	1.000000E-2	0.000000E+0	1.000000E+2	1.000000E+1	1.000000E+2	1.000000E+1	0.000000E+0	3.300000E+1
9.579215E-1	1.000000E-1	1.024710E+0	6.400000E-3	1.601109E+5	6.678333E+4	1.140000E-2	7.613300E-1	9.910000E+37	6.400000E-3	1.548438E+43	8.692982E+42	1.140000E-2	9.910000E+37	1.000000E-2	0.000000E+0	1.000000E+2	1.000000E+1	1.000000E+2	1.000000E+1	0.000000E+0	3.350000E+1
9.664720E-1	1.000000E-1	1.024710E+0	6.400000E-3	1.601109E+5	6.790268E+4	1.120000E-2	7.605100E-1	9.910000E+37	6.400000E-3	1.548438E+43	8.848214E+42	1.120000E-2	9.910000E+37	1.000000E-2	0.000000E+0	1.000000E+2	1.000000E+1	1.000000E+2	1.000000E+1	0.000000E+0	3.400000E+1
9.744891E-1	1.000000E-1	1.024710E+0	6.400000E-3	1.601109E+5	5.417730E+4	1.410000E-2	7.639000E-1	9.910000E+37	6.400000E-3	1.548438E+43	7.028369E+42	1.410000E-2	9.910000E+37	1.000000E-2	0.000000E+0	1.000000E+2	1.000000E+1	1.000000E+2	1.000000E+1	0.000000E+0	3.450000E+1
9.833062E-1	1.000000E-1	1.024710E+0	6.400000E-3	1.601109E+5	7.089444E+4	1.080000E-2	7.656600E-1	9.910000E+37	6.400000E-3	1.548438E+43	9.175926E+42	1.080000E-2	9.910000E+37	1.000000E-2	0.000000E+0	1.000000E+2	1.000000E+1	1.000000E+2	1.000000E+1	0.000000E+0	3.500000E+1
9.916734E-1	1.000000E-1	1.024710E+0	6.400000E-3	1.601109E+5	7.965104E+4	9.600000E-3	7.646500E-1	9.910000E+37	6.400000E-3	1.548438E+43	1.032292E+43	9.600000E-3	9.910000E+37	1.000000E-2	0.000000E+0	1.000000E+2	1.000000E+1	1.000000E+2	1.000000E+1	0.000000E+0	3.550000E+1
1.000207E+0	1.000000E-1	1.024710E+0	6.400000E-3	1.601109E+5	6.068740E+4	1.270000E-2	7.707300E-1	9.910000E+37	6.400000E-3	1.548438E+43	7.803150E+42	1.270000E-2	9.910000E+37	1.000000E-2	0.000000E+0	1.000000E+2	1.000000E+1	1.000000E+2	1.000000E+1	0.000000E+0	3.600000E+1
1.009158E+0	1.000000E-1	1.024710E+0	6.400000E-3	1.601109E+5	6.874286E+4	1.120000E-2	7.699200E-1	9.910000E+37	6.400000E-3	1.548438E+43	8.848214E+42	1.120000E-2	9.910000E+37	1.000000E-2	0.000000E+0	1.000000E+2	1.000000E+1	1.000000E+2	1.000000E+1	0.000000E+0	3.650000E+1
1.017392E+0	1.000000E-1	1.024710E+0	6.400000E-3	1.601109E+5	1.637787E+5	4.700000E-3	7.697600E-1	9.910000E+37	6.400000E-3	1.548438E+43	2.108511E+43	4.700000E-3	9.910000E+37	1.000000E-2	0.000000E+0	1.000000E+2	1.000000E+1	1.000000E+2	1.000000E+1	0.000000E+0	3.700000E+1
1.025425E+0	1.000000E-1	1.024710E+0	6.400000E-3	1.601109E+5	5.410142E+4	1.410000E-2	7.628300E-1	9.910000E+37	6.400000E-3	1.548438E+43	7.028369E+42	1.410000E-2	9.910000E+37	1.000000E-2	0.000000E+0	1.000000E+2	1.000000E+1	1.000000E+2	1.000000E+1	0.000000E+0	3.750000E+1
1.034342E+0	1.000000E-1	1.024710E+0	6.400000E-3	1.601109E+5	9.182857E+4	8.400000E-3	7.713600E-1	9.910000E+37	6.400000E-3	1.548438E+43	1.179762E+43	8.400000E-3	9.910000E+37	1.000000E-2	0.000000E+0	1.000000E+2	1.000000E+1	1.000000E+2	1.000000E+1	0.000000E+0	3.800000E+1
1.042710E+0	1.000000E-1	1.024710E+0	6.400000E-3	1.601109E+5	7.104587E+4	1.090000E-2	7.744000E-1	9.910000E+37	6.400000E-3	1.548438E+43	9.091743E+42	1.090000E-2	9.910000E+37	1.000000E-2	0.000000E+0	1.000000E+2	1.000000E+1	1.000000E+2	1.000000E+1	0.000000E+0	3.850000E+1
1.051677E+0	1.000000E-1	1.024710E+0	6.400000E-3	1.601109E+5	6.624138E+4	1.160000E-2	7.684000E-1	9.910000E+37	6.400000E-3	1.548438E+43	8.543103E+42	1.160000E-2	9.910000E+37	1.000000E-2	0.000000E+0	1.000000E+2	1.000000E+1	1.000000E+2	1.000000E+1	0.000000E+0	3.900000E+1
1.059944E+0	1.000000E-1	1.024710E+0	6.400000E-3	1.601109E+5	7.618800E+4	1.000000E-2	7.618800E-1	9.910000E+37	6.400000E-3	1.548438E+43	9.910000E+42	1.000000E-2	9.910000E+37	1.000000E-2	0.000000E+0	1.000000E+2	1.000000E+1	1.000000E+2	1.000000E+1	0.000000E+0	3.950000E+1
1.068111E+0	1.000000E-1	1.024710E+0	6.400000E-3	1.601109E+5	7.665545E+4	1.010000E-2	7.742200E-1	9.910000E+37	6.400000E-3	1.548438E+43	9.811881E+42	1.010000E-2	9.910000E+37	1.000000E-2	0.000000E+0	1.000000E+2	1.000000E+1	1.000000E+2	1.000000E+1	0.000000E+0	4.000000E+1
1.077012E+0	1.000000E-1	1.024710E+0	6.400000E-3	1.601109E+5	6.652261E+4	1.150000E-2	7.650100E-1	9.910000E+37	6.400000E-3	1.548438E+43	8.617391E+42	1.150000E-2	9.910000E+37	1.000000E-2	0.000000E+0	1.000000E+2	1.000000E+1	1.000000E+2	1.000000E+1	0.000000E+0	4.050000E+1
1.085195E+0	1.000000E-1	1.024710E+0	6.400000E-3	1.601109E+5	7.232617E+4	1.070000E-2	7.738900E-1	9.910000E+37	6.400000E-3	1.548438E+43	9.261682E+42	1.070000E-2	9.910000E+37	1.000000E-2	0.000000E+0	1.000000E+2	1.000000E+1	1.000000E+2	1.000000E+1	0.000000E+0	4.100000E+1
1.093279E+0	1.000000E-1	1.024710E+0	6.400000E-3	1.601109E+5	7.532843E+4	1.020000E-2	7.683500E-1	9.910000E+37	6.400000E-3	1.548438E+43	9.715686E+42	1.020000E-2	9.910000E+37	1.000000E-2	0.000000E+0	1.000000E+2	1.000000E+1	1.000000E+2	1.000000E+1	0.000000E+0	4.150000E+1
1.102096E+0	1.000000E-1	1.024710E+0	6.400000E-3	1.601109E+5	1.575041E+5	4.900000E-3	7.717700E-1	9.910000E+37	6.400000E-3	1.548438E+43	2.022449E+43	4.900000E-3	9.910000E+37	1.000000E-2	0.000000E+0	1.000000E+2	1.000000E+1	1.000000E+2	1.000000E+1	0.000000E+0	4.200000E+1
1.110314E+0	1.000000E-1	1.024710E+0	6.400000E-3	1.601109E+5	2.090189E+5	3.700000E-3	7.733700E-1	9.910000E+37	6.400000E-3	1.548438E+43	2.678378E+43	3.700000E-3	9.910000E+37	1.000000E-2	0.000000E+0	1.000000E+2	1.000000E+1	1.000000E+2	1.000000E+1	0.000000E+0	4.250000E+1
1.119247E+0	1.000000E-1	1.024710E+0	6.400000E-3	1.601109E+5	7.322308E+4	1.040000E-2	7.615200E-1	9.910000E+37	6.400000E-3	1.548438E+43	9.528846E+42	1.040000E-2	9.910000E+37	1.000000E-2	0.000000E+0	1.000000E+2	1.000000E+1	1.000000E+2	1.000000E+1	0.000000E+0	4.300000E+1
1.127448E+0	1.000000E-1	1.024710E+0	6.400000E-3	1.601109E+5	7.708500E+4	1.000000E-2	7.708500E-1	9.910000E+37	6.400000E-3	1.548438E+43	9.910000E+42	1.000000E-2	9.910000E+37	1.000000E-2	0.000000E+0	1.000000E+2	1.000000E+1	1.000000E+2	1.000000E+1	0.000000E+0	4.350000E+1
1.135432E+0	1.000000E-1	1.024710E+0	6.400000E-3	1.601109E+5	1.136632E+5	6.800000E-3	7.729100E-1	9.910000E+37	6.400000E-3	1.548438E+43	1.457353E+43	6.800000E-3	9.910000E+37	1.000000E-2	0.000000E+0	1.000000E+2	1.000000E+1	1.000000E+2	1.000000E+1	0.000000E+0	4.400000E+1
1.144149E+0	1.000000E-1	1.024710E+0	6.400000E-3	1.601109E+5	6.429500E+4	1.200000E-2	7.715400E-1	9.910000E+37	6.400000E-3	1.548438E+43	8.258333E+42	1.200000E-2	9.910000E+37	1.000000E-2	0.000000E+0	1.000000E+2	1.000000E+1	1.000000E+2	1.000000E+1	0.000000E+0	4.450000E+1
1.152533E+0	1.000000E-1	1.024710E+0	6.400000E-3	1.601109E+5	6.410339E+4	1.180000E-2	7.564200E-1	9.910000E+37	6.400000E-3	1.548438E+43	8.398305E+42	1.180000E-2	9.910000E+37	1.000000E-2	0.000000E+0	1.000000E+2	1.000000E+1	1.000000E+2	1.000000E+1	0.000000E+0	4.500000E+1
1.161466E+0	1.000000E-1	1.024710E+0	6.400000E-3	1.601109E+5	6.127984E+4	1.240000E-2	7.598700E-1	9.910000E+37	6.400000E-3	1.548438E+43	7.991935E+42	1.240000E-2	9.910000E+37	1.000000E-2	0.000000E+0	1.000000E+2	1.000000E+1	1.000000E+2	1.000000E+1	0.000000E+0	4.550000E+1
1.169750E+0	1.000000E-1	1.024710E+0	6.400000E-3	1.601109E+5	2.984654E+5	2.600000E-3	7.760100E-1	9.910000E+37	6.400000E-3	1.548438E+43	3.811538E+43	2.600000E-3	9.910000E+37	1.000000E-2	0.000000E+0	1.000000E+2	1.000000E+1	1.000000E+2	1.000000E+1	0.000000E+0	4.600000E+1
1.177867E+0	1.000000E-1	1.024710E+0	6.400000E-3	1.601109E+5	6.477395E+4	1.190000E-2	7.708100E-1	9.910000E+37	6.400000E-3	1.548438E+43	8.327731E+42	1.190000E-2	9.910000E+37	1.000000E-2	0.000000E+0	1.000000E+2	1.000000E+1	1.000000E+2	1.000000E+1	0.000000E+0	4.650000E+1
1.186618E+0	1.000000E-1	1.024710E+0	6.400000E-3	1.601109E+5	7.489320E+4	1.030000E-2	7.714000E-1	9.910000E+37	6.400000E-3	1.548438E+43	9.621359E+42	1.030000E-2	9.910000E+37	1.000000E-2	0.000000E+0	1.000000E+2	1.000000E+1	1.000000E+2	1.000000E+1	0.000000E+0	4.700000E+1
1.194985E+0	1.000000E-1	1.024710E+0	6.400000E-3	1.601109E+5	6.480000E+4	1.190000E-2	7.711200E-1	9.910000E+37	6.400000E-3	1.548438E+43	8.327731E+42	1.190000E-2	9.910000E+37	1.000000E-2	0.000000E+0	1.000000E+2	1.000000E+1	1.000000E+2	1.000000E+1	0.000000E+0	4.750000E+1
1.203652E+0	1.000000E-1	1.024710E+0	6.400000E-3	1.601109E+5	5.329097E+4	1.440000E-2	7.673900E-1	9.910000E+37	6.400000E-3	1.548438E+43	6.881944E+42	1.440000E-2	9.910000E+37	1.000000E-2	0.000000E+0	1.000000E+2	1.000000E+1	1.000000E+2	1.000000E+1	0.000000E+0	4.800000E+1
1.211819E+0	1.000000E-1	1.024710E+0	6.400000E-3	1.601109E+5	6.850089E+4	1.120000E-2	7.672100E-1	9.910000E+37	6.400000E-3	1.548438E+43	8.848214E+42	1.120000E-2	9.910000E+37	1.000000E-2	0.000000E+0	1.000000E+2	1.000000E+1	1.000000E+2	1.000000E+1	0.000000E+0	4.850000E+1
1.220070E+0	1.000000E-1	1.024710E+0	6.400000E-3	1.601109E+5	2.412563E+5	3.200000E-3	7.720200E-1	9.910000E+37	6.400000E-3	1.548438E+43	3.096875E+43	3.200000E-3	9.910000E+37	1.000000E-2	0.000000E+0	1.000000E+2	1.000000E+1	1.000000E+2	1.000000E+1	0.000000E+0	4.900000E+1
1.228820E+0	1.000000E-1	1.024710E+0	6.400000E-3	1.601109E+5	5.641618E+4	1.360000E-2	7.672600E-1	9.910000E+37	6.400000E-3	1.548438E+43	7.286765E+42	1.360000E-2	9.910000E+37	1.000000E-2	0.000000E+0	1.000000E+2	1.000000E+1	1.000000E+2	1.000000E+1	0.000000E+0	4.950000E+1
1.236954E+0	1.000000E-1	1.024710E+0	6.400000E-3	1.601109E+5	6.340917E+4	1.200000E-2	7.609100E-1	9.910000E+37	6.400000E-3	1.548438E+43	8.258333E+42	1.200000E-2	9.910000E+37	1.000000E-2	0.000000E+0	1.000000E+2	1.000000E+1	1.000000E+2	1.000000E+1	0.000000E+0	5.000000E+1
1.253955E+0	1.000000E-1	7.751500E-1	3.200000E-3	2.422344E+5	6.247355E+4	1.210000E-2	7.559300E-1	9.910000E+37	3.200000E-3	3.096875E+43	8.190083E+42	1.210000E-2	9.910000E+37	1.000000E-2	0.000000E+0	1.000000E+2	1.000000E+1	1.000000E+2	1.000000E+1	0.000000E+0	5.100000E+1
1.262972E+0	1.000000E-1	7.751500E-1	3.200000E-3	2.422344E+5	7.202476E+4	1.050000E-2	7.562600E-1	9.910000E+37	3.200000E-3	3.096875E+43	9.438095E+42	1.050000E-2	9.910000E+37	1.000000E-2	0.000000E+0	1.000000E+2	1.000000E+1	1.000000E+2	1.000000E+1	0.000000E+0	5.150000E+1
1.271256E+0	1.000000E-1	7.751500E-1	3.200000E-3	2.422344E+5	6.365678E+4	1.180000E-2	7.511500E-1	9.910000E+37	3.200000E-3	3.096875E+43	8.398305E+42	1.180000E-2	9.910000E+37	1.000000E-2	0.000000E+0	1.000000E+2	1.000000E+1	1.000000E+2	1.000000E+1	0.000000E+0	5.200000E+1
1.279357E+0	1.000000E-1	7.751500E-1	3.200000E-3	2.422344E+5	5.781756E+4	1.310000E-2	7.574100E-1	9.910000E+37	3.200000E-3	3.096875E+43	7.564885E+42	1.310000E-2	9.910000E+37	1.000000E-2	0.000000E+0	1.000000E+2	1.000000E+1	1.000000E+2	1.000000E+1	0.000000E+0	5.250000E+1
1.288057E+0	1.000000E-1	7.751500E-1	3.200000E-3	2.422344E+5	6.913818E+4	1.100000E-2	7.605200E-1	9.910000E+37	3.200000E-3	3.096875E+43	9.009091E+42	1.100000E-2	9.910000E+37	1.000000E-2	0.000000E+0	1.000000E+2	1.000000E+1	1.000000E+2	1.000000E+1	0.000000E+0	5.300000E+1
1.295957E+0	1.000000E-1	7.751500E-1	3.200000E-3	2.422344E+5	5.231027E+4	1.460000E-2	7.637300E-1	9.910000E+37	3.200000E-3	3.096875E+43	6.787671E+42	1.460000E-2	9.910000E+37	1.000000E-2	0.000000E+0	1.000000E+2	1.000000E+1	1.000000E+2	1.000000E+1	0.000000E+0	5.350000E+1
1.304675E+0	1.000000E-1	7.751500E-1	3.200000E-3	2.422344E+5	5.821756E+4	1.310000E-2	7.626500E-1	9.910000E+37	3.200000E-3	3.096875E+43	7.564885E+42	1.310000E-2	9.910000E+37	1.000000E-2	0.000000E+0	1.000000E+2	1.000000E+1	1.000000E+2	1.000000E+1	0.000000E+0	5.400000E+1
1.313075E+0	1.000000E-1	7.751500E-1	3.200000E-3	2.422344E+5	6.129516E+4	1.240000E-2	7.600600E-1	9.910000E+37	3.200000E-3	3.096875E+43	7.991935E+42	1.240000E-2	9.910000E+37	1.000000E-2	0.000000E+0	1.000000E+2	1.000000E+1	1.000000E+2	1.000000E+1	0.000000E+0	5.450000E+1
1.321692E+0	1.000000E-1	7.751500E-1	3.200000E-3	2.422344E+5	6.345455E+4	1.210000E-2	7.678000E-1	9.910000E+37	3.200000E-3	3.096875E+43	8.190083E+42	1.210000E-2	9.910000E+37	1.000000E-2	0.000000E+0	1.000000E+0	1.000000E+1	1.000000E+2	1.000000E+1	0.000000E+0	5.500000E+1
1.329759E+0	1.000000E-1	7.751500E-1	3.200000E-3	2.422344E+5	5.905154E+4	1.300000E-2	7.676700E-1	9.910000E+37	3.200000E-3	3.096875E+43	7.623077E+42	1.300000E-2	9.910000E+37	1.000000E-2	0.000000E+0	1.000000E+0	1.000000E+1	1.000000E+2	1.000000E+1	0.000000E+0	5.550000E+1
1.338643E+0	1.000000E-1	7.751500E-1	3.200000E-3	2.422344E+5	5.053179E+4	1.510000E-2	7.630300E-1	9.910000E+37	3.200000E-3	3.096875E+43	6.562914E+42	1.510000E-2	9.910000E+37	1.000000E-2	0.000000E+0	1.000000E+0	1.000000E+1	1.000000E+2	1.000000E+1	0.000000E+0	5.600000E+1
1.346760E+0	1.000000E-1	7.751500E-1	3.200000E-3	2.422344E+5	5.668647E+4	1.330000E-2	7.539300E-1	9.910000E+37	3.200000E-3	3.096875E+43	7.451128E+42	1.330000E-2	9.910000E+37	1.000000E-2	0.000000E+0	1.000000E+0	1.000000E+1	1.000000E+2	1.000000E+1	0.000000E+0	5.650000E+1
1.354761E+0	1.000000E-1	7.751500E-1	3.200000E-3	2.422344E+5	6.210244E+4	1.230000E-2	7.638600E-1	9.910000E+37	3.200000E-3	3.096875E+43	8.056911E+42	1.230000E-2	9.910000E+37	1.000000E-2	0.000000E+0	1.000000E+0	1.000000E+1	1.000000E+2	1.000000E+1	0.000000E+0	5.700000E+1
1.363311E+0	1.000000E-1	7.751500E-1	3.200000E-3	2.422344E+5	5.804046E+4	1.310000E-2	7.603300E-1	9.910000E+37	3.200000E-3	3.096875E+43	7.564885E+42	1.310000E-2	9.910000E+37	1.000000E-2	0.000000E+0	1.000000E+0	1.000000E+1	1.000000E+2	1.000000E+1	0.000000E+0	5.750000E+1
1.371262E+0	1.000000E-1	7.751500E-1	3.200000E-3	2.422344E+5	5.400282E+4	1.420000E-2	7.668400E-1	9.910000E+37	3.200000E-3	3.096875E+43	6.978873E+42	1.420000E-2	9.910000E+37	1.000000E-2	0.000000E+0	1.000000E+0	1.000000E+1	1.000000E+2	1.000000E+1	0.000000E+0	5.800000E+1
1.379212E+0	1.000000E-1	7.751500E-1	3.200000E-3	2.422344E+5	1.679696E+5	4.600000E-3	7.726600E-1	9.910000E+37	3.200000E-3	3.096875E+43	2.154348E+43	4.600000E-3	9.910000E+37	1.000000E-2	0.000000E+0	1.000000E+0	1.000000E+1	1.000000E+2	1.000000E+1	0.000000E+0	5.850000E+1
1.387996E+0	1.000000E-1	7.751500E-1	3.200000E-3	2.422344E+5	4.826438E+5	1.600000E-3	7.722300E-1	9.910000E+37	3.200000E-3	3.096875E+43	6.193750E+43	1.600000E-3	9.910000E+37	1.000000E-2	0.000000E+0	1.000000E+0	1.000000E+1	1.000000E+2	1.000000E+1	0.000000E+0	5.900000E+1
1.396413E+0	1.000000E-1	7.751500E-1	3.200000E-3	2.422344E+5	1.719289E+5	4.500000E-3	7.736800E-1	9.910000E+37	3.200000E-3	3.096875E+43	2.202222E+43	4.500000E-3	9.910000E+37	1.000000E-2	0.000000E+0	1.000000E+0	1.000000E+1	1.000000E+2	1.000000E+1	0.000000E+0	5.950000E+1
1.405330E+0	1.000000E-1	7.751500E-1	3.200000E-3	2.422344E+5	2.208000E+5	3.500000E-3	7.728000E-1	9.910000E+37	3.200000E-3	3.096875E+43	2.831429E+43	3.500000E-3	9.910000E+37	1.000000E-2	0.000000E+0	1.000000E+0	1.000000E+1	1.000000E+2	1.000000E+1	0.000000E+0	6.000000E+1
1.413448E+0	1.000000E-1	7.751500E-1	3.200000E-3	2.422344E+5	1.378339E+5	5.600000E-3	7.718700E-1	9.910000E+37	3.200000E-3	3.096875E+43	1.769643E+43	5.600000E-3	9.910000E+37	1.000000E-2	0.000000E+0	1.000000E+0	1.000000E+1	1.000000E+2	1.000000E+1	0.000000E+0	6.050000E+1
1.422181E+0	1.000000E-1	7.751500E-1	3.200000E-3	2.422344E+5	2.334030E+5	3.300000E-3	7.702300E-1	9.910000E+37	3.200000E-3	3.096875E+43	3.003030E+43	3.300000E-3	9.910000E+37	1.000000E-2	0.000000E+0	1.000000E+0	1.000000E+1	1.000000E+2	1.000000E+1	0.000000E+0	6.100000E+1
1.430598E+0	1.000000E-1	7.751500E-1	3.200000E-3	2.422344E+5	1.641021E+5	4.700000E-3	7.712800E-1	9.910000E+37	3.200000E-3	3.096875E+43	2.108511E+43	4.700000E-3	9.910000E+37	1.000000E-2	0.000000E+0	1.000000E+0	1.000000E+1	1.000000E+2	1.000000E+1	0.000000E+0	6.150000E+1
1.439032E+0	1.000000E-1	7.751500E-1	3.200000E-3	2.422344E+5	2.488161E+5	3.100000E-3	7.713300E-1	9.910000E+37	3.200000E-3	3.096875E+43	3.196774E+43	3.100000E-3	9.910000E+37	1.000000E-2	0.000000E+0	1.000000E+0	1.000000E+1	1.000000E+2	1.000000E+1	0.000000E+0	6.200000E+1
1.447499E+0	1.000000E-1	7.751500E-1	3.200000E-3	2.422344E+5	1.306559E+5	5.900000E-3	7.708700E-1	9.910000E+37	3.200000E-3	3.096875E+43	1.679661E+43	5.900000E-3	9.910000E+37	1.000000E-2	0.000000E+0	1.000000E+0	1.000000E+1	1.000000E+2	1.000000E+1	0.000000E+0	6.250000E+1
1.455950E+0	1.000000E-1	7.751500E-1	3.200000E-3	2.422344E+5	1.542280E+5	5.000000E-3	7.711400E-1	9.910000E+37	3.200000E-3	3.096875E+43	1.982000E+43	5.000000E-3	9.910000E+37	1.000000E-2	0.000000E+0	1.000000E+0	1.000000E+1	1.000000E+2	1.000000E+1	0.000000E+0	6.300000E+1
1.464300E+0	1.000000E-1	7.751500E-1	3.200000E-3	2.422344E+5	2.483419E+5	3.100000E-3	7.698600E-1	9.910000E+37	3.200000E-3	3.096875E+43	3.196774E+43	3.100000E-3	9.910000E+37	1.000000E-2	0.000000E+0	1.000000E+0	1.000000E+1	1.000000E+2	1.000000E+1	0.000000E+0	6.350000E+1
1.472818E+0	1.000000E-1	7.751500E-1	3.200000E-3	2.422344E+5	7.191028E+4	1.070000E-2	7.694400E-1	9.910000E+37	3.200000E-3	3.096875E+43	9.261682E+42	1.070000E-2	9.910000E+37	1.000000E-2	0.000000E+0	1.000000E+0	1.000000E+1	1.000000E+2	1.000000E+1	0.000000E+0	6.400000E+1
1.481218E+0	1.000000E-1	7.751500E-1	3.200000E-3	2.422344E+5	9.562625E+4	8.000000E-3	7.650100E-1	9.910000E+37	3.200000E-3	3.096875E+43	1.238750E+43	8.000000E-3	9.910000E+37	1.000000E-2	0.000000E+0	1.000000E+0	1.000000E+1	1.000000E+2	1.000000E+1	0.000000E+0	6.450000E+1
1.489635E+0	1.000000E-1	7.751500E-1	3.200000E-3	2.422344E+5	8.009167E+4	9.600000E-3	7.688800E-1	9.910000E+37	3.200000E-3	3.096875E+43	1.032292E+43	9.600000E-3	9.910000E+37	1.000000E-2	0.000000E+0	1.000000E+0	1.000000E+1	1.000000E+2	1.000000E+1	0.000000E+0	6.500000E+1
1.498152E+0	1.000000E-1	7.751500E-1	3.200000E-3	2.422344E+5	6.823009E+4	1.130000E-2	7.710000E-1	9.910000E+37	3.200000E-3	3.096875E+43	8.769912E+42	1.130000E-2	9.910000E+37	1.000000E-2	0.000000E+0	1.000000E+0	1.000000E+1	1.000000E+2	1.000000E+1	0.000000E+0	6.550000E+1
1.506553E+0	1.000000E-1	7.751500E-1	3.200000E-3	2.422344E+5	6.526581E+4	1.170000E-2	7.636100E-1	9.910000E+37	3.200000E-3	3.096875E+43	8.470085E+42	1.170000E-2	9.910000E+37	1.000000E-2	0.000000E+0	1.000000E+0	1.000000E+1	1.000000E+2	1.000000E+1	0.000000E+0	6.600000E+1
1.515070E+0	1.000000E-1	7.751500E-1	3.200000E-3	2.422344E+5	6.059921E+4	1.270000E-2	7.696100E-1	9.910000E+37	3.200000E-3	3.096875E+43	7.803150E+42	1.270000E-2	9.910000E+37	1.000000E-2	0.000000E+0	1.000000E+0	1.000000E+1	1.000000E+2	1.000000E+1	0.000000E+0	6.650000E+1
1.523770E+0	1.000000E-1	7.751500E-1	3.200000E-3	2.422344E+5	6.643391E+4	1.150000E-2	7.639900E-1	9.910000E+37	3.200000E-3	3.096875E+43	8.617391E+42	1.150000E-2	9.910000E+37	1.000000E-2	0.000000E+0	1.000000E+0	1.000000E+1	1.000000E+2	1.000000E+1	0.000000E+0	6.700000E+1
1.531788E+0	1.000000E-1	7.751500E-1	3.200000E-3	2.422344E+5	1.570612E+5	4.900000E-3	7.696000E-1	9.910000E+37	3.200000E-3	3.096875E+43	2.022449E+43	4.900000E-3	9.910000E+37	1.000000E-2	0.000000E+0	1.000000E+0	1.000000E+1	1.000000E+2	1.000000E+1	0.000000E+0	6.750000E+1
1.539838E+0	1.000000E-1	7.751500E-1	3.200000E-3	2.422344E+5	1.513235E+5	5.100000E-3	7.717500E-1	9.910000E+37	3.200000E-3	3.096875E+43	1.943137E+43	5.100000E-3	9.910000E+37	1.000000E-2	0.000000E+0	1.000000E+0	1.000000E+1	1.000000E+2	1.000000E+1	0.000000E+0	6.800000E+1
1.548722E+0	1.000000E-1	7.751500E-1	3.200000E-3	2.422344E+5	1.963487E+5	3.900000E-3	7.657600E-1	9.910000E+37	3.200000E-3	3.096875E+43	2.541026E+43	3.900000E-3	9.910000E+37	1.000000E-2	0.000000E+0	1.000000E+0	1.000000E+1	1.000000E+2	1.000000E+1	0.000000E+0	6.850000E+1
1.556822E+0	1.000000E-1	7.751500E-1	3.200000E-3	2.422344E+5	2.025421E+5	3.800000E-3	7.696600E-1	9.910000E+37	3.200000E-3	3.096875E+43	2.607895E+43	3.800000E-3	9.910000E+37	1.000000E-2	0.000000E+0	1.000000E+0	1.000000E+1	1.000000E+2	1.000000E+1	0.000000E+0	6.900000E+1
1.565073E+0	1.000000E-1	7.751500E-1	3.200000E-3	2.422344E+5	1.202469E+5	6.400000E-3	7.695800E-1	9.910000E+37	3.200000E-3	3.096875E+43	1.548438E+43	6.400000E-3	9.910000E+37	1.000000E-2	0.000000E+0	1.000000E+0	1.000000E+1	1.000000E+2	1.000000E+1	0.000000E+0	6.950000E+1
1.574123E+0	1.000000E-1	7.751500E-1	3.200000E-3	2.422344E+5	1.454019E+5	5.300000E-3	7.706300E-1	9.910000E+37	3.200000E-3	3.096875E+43	1.869811E+43	5.300000E-3	9.910000E+37	1.000000E-2	0.000000E+0	1.000000E+0	1.000000E+1	1.000000E+2	1.000000E+1	0.000000E+0	7.000000E+1
1.582424E+0	1.000000E-1	7.751500E-1	3.200000E-3	2.422344E+5	6.787168E+4	1.130000E-2	7.669500E-1	9.910000E+37	3.200000E-3	3.096875E+43	8.769912E+42	1.130000E-2	9.910000E+37	1.000000E-2	0.000000E+0	1.000000E+0	1.000000E+1	1.000000E+2	1.000000E+1	0.000000E+0	7.050000E+1
1.591208E+0	1.000000E-1	7.751500E-1	3.200000E-3	2.422344E+5	1.761591E+5	4.400000E-3	7.751000E-1	9.910000E+37	3.200000E-3	3.096875E+43	2.252273E+43	4.400000E-3	9.910000E+37	1.000000E-2	0.000000E+0	1.000000E+0	1.000000E+1	1.000000E+2	1.000000E+1	0.000000E+0	7.100000E+1
1.599375E+0	1.000000E-1	7.751500E-1	3.200000E-3	2.422344E+5	1.796163E+5	4.300000E-3	7.723500E-1	9.910000E+37	3.200000E-3	3.096875E+43	2.304651E+43	4.300000E-3	9.910000E+37	1.000000E-2	0.000000E+0	1.000000E+0	1.000000E+1	1.000000E+2	1.000000E+1	0.000000E+0	7.150000E+1
1.607492E+0	1.000000E-1	7.751500E-1	3.200000E-3	2.422344E+5	2.085270E+5	3.700000E-3	7.715500E-1	9.910000E+37	3.200000E-3	3.096875E+43	2.678378E+43	3.700000E-3	9.910000E+37	1.000000E-2	0.000000E+0	1.000000E+0	1.000000E+1	1.000000E+2	1.000000E+1	0.000000E+0	7.200000E+1
1.616192E+0	1.000000E-1	7.751500E-1	3.200000E-3	2.422344E+5	1.459019E+5	5.300000E-3	7.732800E-1	9.910000E+37	3.200000E-3	3.096875E+43	1.869811E+43	5.300000E-3	9.910000E+37	1.000000E-2	0.000000E+0	1.000000E+0	1.000000E+1	1.000000E+2	1.000000E+1	0.000000E+0	7.250000E+1
1.624476E+0	1.000000E-1	7.751500E-1	3.200000E-3	2.422344E+5	2.660276E+5	2.900000E-3	7.714800E-1	9.910000E+37	3.200000E-3	3.096875E+43	3.417241E+43	2.900000E-3	9.910000E+37	1.000000E-2	0.000000E+0	1.000000E+0	1.000000E+1	1.000000E+2	1.000000E+1	0.000000E+0	7.300000E+1
1.632477E+0	1.000000E-1	7.751500E-1	3.200000E-3	2.422344E+5	1.357035E+5	5.700000E-3	7.735100E-1	9.910000E+37	3.200000E-3	3.096875E+43	1.738596E+43	5.700000E-3	9.910000E+37	1.000000E-2	0.000000E+0	1.000000E+0	1.000000E+1	1.000000E+2	1.000000E+1	0.000000E+0	7.350000E+1
1.641161E+0	1.000000E-1	7.751500E-1	3.200000E-3	2.422344E+5	2.749464E+5	2.800000E-3	7.698500E-1	9.910000E+37	3.200000E-3	3.096875E+43	3.539286E+43	2.800000E-3	9.910000E+37	1.000000E-2	0.000000E+0	1.000000E+0	1.000000E+1	1.000000E+2	1.000000E+1	0.000000E+0	7.400000E+1
1.649144E+0	1.000000E-1	7.751500E-1	3.200000E-3	2.422344E+5	8.923140E+4	8.600000E-3	7.673900E-1	9.910000E+37	3.200000E-3	3.096875E+43	1.152326E+43	8.600000E-3	9.910000E+37	1.000000E-2	0.000000E+0	1.000000E+0	1.000000E+1	1.000000E+2	1.000000E+1	0.000000E+0	7.450000E+1
1.658145E+0	1.000000E-1	7.751500E-1	3.200000E-3	2.422344E+5	3.337957E+5	2.300000E-3	7.677300E-1	9.910000E+37	3.200000E-3	3.096875E+43	4.308696E+43	2.300000E-3	9.910000E+37	1.000000E-2	0.000000E+0	1.000000E+0	1.000000E+1	1.000000E+2	1.000000E+1	0.000000E+0	7.500000E+1
1.666612E+0	1.000000E-1	7.751500E-1	3.200000E-3	2.422344E+5	2.077865E+5	3.700000E-3	7.688100E-1	9.910000E+37	3.200000E-3	3.096875E+43	2.678378E+43	3.700000E-3	9.910000E+37	1.000000E-2	0.000000E+0	1.000000E+0	1.000000E+1	1.000000E+2	1.000000E+1	0.000000E+0	7.550000E+1
1.675162E+0	1.000000E-1	7.751500E-1	3.200000E-3	2.422344E+5	1.202750E+5	6.400000E-3	7.697600E-1	9.910000E+37	3.200000E-3	3.096875E+43	1.548438E+43	6.400000E-3	9.910000E+37	1.000000E-2	0.000000E+0	1.000000E+0	1.000000E+1	1.000000E+2	1.000000E+1	0.000000E+0	7.600000E+1
1.683413E+0	1.000000E-1	7.751500E-1	3.200000E-3	2.422344E+5	1.200172E+5	6.400000E-3	7.681100E-1	9.910000E+37	3.200000E-3	3.096875E+43	1.548438E+43	6.400000E-3	9.910000E+37	1.000000E-2	0.000000E+0	1.000000E+0	1.000000E+1	1.000000E+2	1.000000E+1	0.000000E+0	7.650000E+1
1.692130E+0	1.000000E-1	7.751500E-1	3.200000E-3	2.422344E+5	1.122362E+5	6.900000E-3	7.744300E-1	9.910000E+37	3.200000E-3	3.096875E+43	1.436232E+43	6.900000E-3	9.910000E+37	1.000000E-2	0.000000E+0	1.000000E+0	1.000000E+1	1.000000E+2	1.000000E+1	0.000000E+0	7.700000E+1
1.701264E+0	1.000000E-1	7.751500E-1	3.200000E-3	2.422344E+5	1.303051E+5	5.900000E-3	7.688000E-1	9.910000E+37	3.200000E-3	3.096875E+43	1.679661E+43	5.900000E-3	9.910000E+37	1.000000E-2	0.000000E+0	1.000000E+0	1.000000E+1	1.000000E+2	1.000000E+1	0.000000E+0	7.750000E+1
1.709814E+0	1.000000E-1	7.751500E-1	3.200000E-3	2.422344E+5	1.185400E+5	6.500000E-3	7.705100E-1	9.910000E+37	3.200000E-3	3.096875E+43	1.524615E+43	6.500000E-3	9.910000E+37	1.000000E-2	0.000000E+0	1.000000E+0	1.000000E+1	1.000000E+2	1.000000E+1	0.000000E+0	7.800000E+1
1.718432E+0	1.000000E-1	7.751500E-1	3.200000E-3	2.422344E+5	1.575306E+5	4.900000E-3	7.719000E-1	9.910000E+37	3.200000E-3	3.096875E+43	2.022449E+43	4.900000E-3	9.910000E+37	1.000000E-2	0.000000E+0	1.000000E+0	1.000000E+1	1.000000E+2	1.000000E+1	0.000000E+0	7.850000E+1
1.726849E+0	1.000000E-1	7.751500E-1	3.200000E-3	2.422344E+5	1.147373E+5	6.700000E-3	7.687400E-1	9.910000E+37	3.200000E-3	3.096875E+43	1.479104E+43	6.700000E-3	9.910000E+37	1.000000E-2	0.000000E+0	1.000000E+0	1.000000E+1	1.000000E+2	1.000000E+1	0.000000E+0	7.900000E+1
1.735416E+0	1.000000E-1	7.751500E-1	3.200000E-3	2.422344E+5	1.025493E+5	7.500000E-3	7.691200E-1	9.910000E+37	3.200000E-3	3.096875E+43	1.321333E+43	7.500000E-3	9.910000E+37	1.000000E-2	0.000000E+0	1.000000E+0	1.000000E+1	1.000000E+2	1.000000E+1	0.000000E+0	7.950000E+1
1.744100E+0	1.000000E-1	7.751500E-1	3.200000E-3	2.422344E+5	1.506980E+5	5.100000E-3	7.685600E-1	9.910000E+37	3.200000E-3	3.096875E+43	1.943137E+43	5.100000E-3	9.910000E+37	1.000000E-2	0.000000E+0	1.000000E+0	1.000000E+1	1.000000E+2	1.000000E+1	0.000000E+0	8.000000E+1
1.752784E+0	1.000000E-1	7.751500E-1	3.200000E-3	2.422344E+5	1.084711E+5	7.600000E-3	8.243800E-1	9.910000E+37	3.200000E-3	3.096875E+43	1.303947E+43	7.600000E-3	9.910000E+37	1.000000E-2	0.000000E+0	1.000000E+0	1.000000E+1	1.000000E+2	1.000000E+1	0.000000E+0	8.050000E+1
1.761251E+0	1.000000E-1	7.751500E-1	3.200000E-3	2.422344E+5	2.350818E+5	3.300000E-3	7.757700E-1	9.910000E+37	3.200000E-3	3.096875E+43	3.003030E+43	3.300000E-3	9.910000E+37	1.000000E-2	0.000000E+0	1.000000E+0	1.000000E+1	1.000000E+2	1.000000E+1	0.000000E+0	8.100000E+1
1.770151E+0	1.000000E-1	7.751500E-1	3.200000E-3	2.422344E+5	8.336630E+4	9.200000E-3	7.669700E-1	9.910000E+37	3.200000E-3	3.096875E+43	1.077174E+43	9.200000E-3	9.910000E+37	1.000000E-2	0.000000E+0	1.000000E+0	1.000000E+1	1.000000E+2	1.000000E+1	0.000000E+0	8.150000E+1
1.778152E+0	1.000000E-1	7.751500E-1	3.200000E-3	2.422344E+5	1.241306E+5	6.200000E-3	7.696100E-1	9.910000E+37	3.200000E-3	3.096875E+43	1.598387E+43	6.200000E-3	9.910000E+37	1.000000E-2	0.000000E+0	1.000000E+0	1.000000E+1	1.000000E+2	1.000000E+1	0.000000E+0	8.200000E+1
1.786469E+0	1.000000E-1	7.751500E-1	3.200000E-3	2.422344E+5	2.086270E+5	3.700000E-3	7.719200E-1	9.910000E+37	3.200000E-3	3.096875E+43	2.678378E+43	3.700000E-3	9.910000E+37	1.000000E-2	0.000000E+0	1.000000E+0	1.000000E+1	1.000000E+2	1.000000E+1	0.000000E+0	8.250000E+1
1.795053E+0	1.000000E-1	7.751500E-1	3.200000E-3	2.422344E+5	9.756709E+4	7.900000E-3	7.707800E-1	9.910000E+37	3.200000E-3	3.096875E+43	1.254430E+43	7.900000E-3	9.910000E+37	1.000000E-2	0.000000E+0	1.000000E+0	1.000000E+1	1.000000E+2	1.000000E+1	0.000000E+0	8.300000E+1
1.803186E+0	1.000000E-1	7.751500E-1	3.200000E-3	2.422344E+5	2.753321E+5	2.800000E-3	7.709300E-1	9.910000E+37	3.200000E-3	3.096875E+43	3.539286E+43	2.800000E-3	9.910000E+37	1.000000E-2	0.000000E+0	1.000000E+0	1.000000E+1	1.000000E+2	1.000000E+1	0.000000E+0	8.350000E+1
1.811987E+0	1.000000E-1	7.751500E-1	3.200000E-3	2.422344E+5	2.348909E+5	3.300000E-3	7.751400E-1	9.910000E+37	3.200000E-3	3.096875E+43	3.003030E+43	3.300000E-3	9.910000E+37	1.000000E-2	0.000000E+0	1.000000E+0	1.000000E+1	1.000000E+2	1.000000E+1	0.000000E+0	8.400000E+1
1.820037E+0	1.000000E-1	7.751500E-1	3.200000E-3	2.422344E+5	6.439076E+4	1.190000E-2	7.662500E-1	9.910000E+37	3.200000E-3	3.096875E+43	8.327731E+42	1.190000E-2	9.910000E+37	1.000000E-2	0.000000E+0	1.000000E+0	1.000000E+1	1.000000E+2	1.000000E+1	0.000000E+0	8.450000E+1
1.828005E+0	1.000000E-1	7.751500E-1	3.200000E-3	2.422344E+5	2.336061E+5	3.300000E-3	7.709000E-1	9.910000E+37	3.200000E-3	3.096875E+43	3.003030E+43	3.300000E-3	9.910000E+37	1.000000E-2	0.000000E+0	1.000000E+0	1.000000E+1	1.000000E+2	1.000000E+1	0.000000E+0	8.500000E+1
1.836588E+0	1.000000E-1	7.751500E-1	3.200000E-3	2.422344E+5	2.856074E+5	2.700000E-3	7.711400E-1	9.910000E+37	3.200000E-3	3.096875E+43	3.670370E+43	2.700000E-3	9.910000E+37	1.000000E-2	0.000000E+0	1.000000E+0	1.000000E+1	1.000000E+2	1.000000E+1	0.000000E+0	8.550000E+1
1.844756E+0	1.000000E-1	7.751500E-1	3.200000E-3	2.422344E+5	3.099440E+5	2.500000E-3	7.748600E-1	9.910000E+37	3.200000E-3	3.096875E+43	3.964000E+43	2.500000E-3	9.910000E+37	1.000000E-2	0.000000E+0	1.000000E+0	1.000000E+1	1.000000E+2	1.000000E+1	0.000000E+0	8.600000E+1
1.852789E+0	1.000000E-1	7.751500E-1	3.200000E-3	2.422344E+5	1.288733E+5	6.000000E-3	7.732400E-1	9.910000E+37	3.200000E-3	3.096875E+43	1.651667E+43	6.000000E-3	9.910000E+37	1.000000E-2	0.000000E+0	1.000000E+0	1.000000E+1	1.000000E+2	1.000000E+1	0.000000E+0	8.650000E+1
1.861290E+0	1.000000E-1	7.751500E-1	3.200000E-3	2.422344E+5	6.720526E+4	1.140000E-2	7.661400E-1	9.910000E+37	3.200000E-3	3.096875E+43	8.692982E+42	1.140000E-2	9.910000E+37	1.000000E-2	0.000000E+0	1.000000E+0	1.000000E+1	1.000000E+2	1.000000E+1	0.000000E+0	8.700000E+1
1.869657E+0	1.000000E-1	7.751500E-1	3.200000E-3	2.422344E+5	8.255435E+4	9.200000E-3	7.595000E-1	9.910000E+37	3.200000E-3	3.096875E+43	1.077174E+43	9.200000E-3	9.910000E+37	1.000000E-2	0.000000E+0	1.000000E+0	1.000000E+1	1.000000E+2	1.000000E+1	0.000000E+0	8.750000E+1
1.878357E+0	1.000000E-1	7.751500E-1	3.200000E-3	2.422344E+5	8.178817E+4	9.300000E-3	7.606300E-1	9.910000E+37	3.200000E-3	3.096875E+43	1.065591E+43	9.300000E-3	9.910000E+37	1.000000E-2	0.000000E+0	1.000000E+0	1.000000E+1	1.000000E+2	1.000000E+1	0.000000E+0	8.800000E+1
1.886408E+0	1.000000E-1	7.751500E-1	3.200000E-3	2.422344E+5	6.152358E+4	1.230000E-2	7.567400E-1	9.910000E+37	3.200000E-3	3.096875E+43	8.056911E+42	1.230000E-2	9.910000E+37	1.000000E-2	0.000000E+0	1.000000E+0	1.000000E+1	1.000000E+2	1.000000E+1	0.000000E+0	8.850000E+1
1.895375E+0	1.000000E-1	7.751500E-1	3.200000E-3	2.422344E+5	6.294083E+4	1.200000E-2	7.552900E-1	9.910000E+37	3.200000E-3	3.096875E+43	8.258333E+42	1.200000E-2	9.910000E+37	1.000000E-2	0.000000E+0	1.000000E+0	1.000000E+1	1.000000E+2	1.000000E+1	0.000000E+0	8.900000E+1
1.903426E+0	1.000000E-1	7.751500E-1	3.200000E-3	2.422344E+5	7.074019E+4	1.070000E-2	7.569200E-1	9.910000E+37	3.200000E-3	3.096875E+43	9.261682E+42	1.070000E-2	9.910000E+37	1.000000E-2	0.000000E+0	1.000000E+0	1.000000E+1	1.000000E+2	1.000000E+1	0.000000E+0	8.950000E+1
1.912376E+0	1.000000E-1	7.751500E-1	3.200000E-3	2.422344E+5	7.197905E+4	1.050000E-2	7.557800E-1	9.910000E+37	3.200000E-3	3.096875E+43	9.438095E+42	1.050000E-2	9.910000E+37	1.000000E-2	0.000000E+0	1.000000E+0	1.000000E+1	1.000000E+2	1.000000E+1	0.000000E+0	9.000000E+1
1.920477E+0	1.000000E-1	7.751500E-1	3.200000E-3	2.422344E+5	8.162688E+4	9.300000E-3	7.591300E-1	9.910000E+37	3.200000E-3	3.096875E+43	1.065591E+43	9.300000E-3	9.910000E+37	1.000000E-2	0.000000E+0	1.000000E+0	1.000000E+1	1.000000E+2	1.000000E+1	0.000000E+0	9.050000E+1
1.929427E+0	1.000000E-1	7.751500E-1	3.200000E-3	2.422344E+5	6.251488E+4	1.210000E-2	7.564300E-1	9.910000E+37	3.200000E-3	3.096875E+43	8.190083E+42	1.210000E-2	9.910000E+37	1.000000E-2	0.000000E+0	1.000000E+0	1.000000E+1	1.000000E+2	1.000000E+1	0.000000E+0	9.100000E+1
1.937661E+0	1.000000E-1	7.751500E-1	3.200000E-3	2.422344E+5	6.080081E+4	1.240000E-2	7.539300E-1	9.910000E+37	3.200000E-3	3.096875E+43	7.991935E+42	1.240000E-2	9.910000E+37	1.000000E-2	0.000000E+0	1.000000E+0	1.000000E+1	1.000000E+2	1.000000E+1	0.000000E+0	9.150000E+1
1.945895E+0	1.000000E-1	7.751500E-1	3.200000E-3	2.422344E+5	6.355462E+4	1.190000E-2	7.563000E-1	9.910000E+37	3.200000E-3	3.096875E+43	8.327731E+42	1.190000E-2	9.910000E+37	1.000000E-2	0.000000E+0	1.000000E+0	1.000000E+1	1.000000E+2	1.000000E+1	0.000000E+0	9.200000E+1
1.954428E+0	1.000000E-1	7.751500E-1	3.200000E-3	2.422344E+5	6.270917E+4	1.200000E-2	7.525100E-1	9.910000E+37	3.200000E-3	3.096875E+43	8.258333E+42	1.200000E-2	9.910000E+37	1.000000E-2	0.000000E+0	1.000000E+0	1.000000E+1	1.000000E+2	1.000000E+1	0.000000E+0	9.250000E+1
1.962562E+0	1.000000E-1	7.751500E-1	3.200000E-3	2.422344E+5	5.868450E+4	1.290000E-2	7.570300E-1	9.910000E+37	3.200000E-3	3.096875E+43	7.682171E+42	1.290000E-2	9.910000E+37	1.000000E-2	0.000000E+0	1.000000E+0	1.000000E+1	1.000000E+2	1.000000E+1	0.000000E+0	9.300000E+1
1.970846E+0	1.000000E-1	7.751500E-1	3.200000E-3	2.422344E+5	7.605354E+4	9.900000E-3	7.529300E-1	9.910000E+37	3.200000E-3	3.096875E+43	1.001010E+43	9.900000E-3	9.910000E+37	1.000000E-2	0.000000E+0	1.000000E+0	1.000000E+1	1.000000E+2	1.000000E+1	0.000000E+0	9.350000E+1
1.979547E+0	1.000000E-1	7.751500E-1	3.200000E-3	2.422344E+5	6.448376E+4	1.170000E-2	7.544600E-1	9.910000E+37	3.200000E-3	3.096875E+43	8.470085E+42	1.170000E-2	9.910000E+37	1.000000E-2	0.000000E+0	1.000000E+0	1.000000E+1	1.000000E+2	1.000000E+1	0.000000E+0	9.400000E+1
1.987847E+0	1.000000E-1	7.751500E-1	3.200000E-3	2.422344E+5	7.778980E+4	9.800000E-3	7.623400E-1	9.910000E+37	3.200000E-3	3.096875E+43	1.011224E+43	9.800000E-3	9.910000E+37	1.000000E-2	0.000000E+0	1.000000E+0	1.000000E+1	1.000000E+2	1.000000E+1	0.000000E+0	9.450000E+1
1.996131E+0	1.000000E-1	7.751500E-1	3.200000E-3	2.422344E+5	7.467843E+4	1.020000E-2	7.617200E-1	9.910000E+37	3.200000E-3	3.096875E+43	9.715686E+42	1.020000E-2	9.910000E+37	1.000000E-2	0.000000E+0	1.000000E+0	1.000000E+1	1.000000E+2	1.000000E+1	0.000000E+0	9.500000E+1
2.004898E+0	1.000000E-1	7.751500E-1	3.200000E-3	2.422344E+5	7.785204E+4	9.800000E-3	7.629500E-1	9.910000E+37	3.200000E-3	3.096875E+43	1.011224E+43	9.800000E-3	9.910000E+37	1.000000E-2	0.000000E+0	1.000000E+0	1.000000E+1	1.000000E+2	1.000000E+1	0.000000E+0	9.550000E+1
2.012915E+0	1.000000E-1	7.751500E-1	3.200000E-3	2.422344E+5	7.455631E+4	1.030000E-2	7.679300E-1	9.910000E+37	3.200000E-3	3.096875E+43	9.621359E+42	1.030000E-2	9.910000E+37	1.000000E-2	0.000000E+0	1.000000E+0	1.000000E+1	1.000000E+2	1.000000E+1	0.000000E+0	9.600000E+1
2.021149E+0	1.000000E-1	7.751500E-1	3.200000E-3	2.422344E+5	9.740886E+4	7.900000E-3	7.695300E-1	9.910000E+37	3.200000E-3	3.096875E+43	1.254430E+43	7.900000E-3	9.910000E+37	1.000000E-2	0.000000E+0	1.000000E+0	1.000000E+1	1.000000E+2	1.000000E+1	0.000000E+0	9.650000E+1
2.030016E+0	1.000000E-1	7.751500E-1	3.200000E-3	2.422344E+5	8.119468E+4	9.400000E-3	7.632300E-1	9.910000E+37	3.200000E-3	3.096875E+43	1.054255E+43	9.400000E-3	9.910000E+37	1.000000E-2	0.000000E+0	1.000000E+0	1.000000E+1	1.000000E+2	1.000000E+1	0.000000E+0	9.700000E+1
2.038083E+0	1.000000E-1	7.751500E-1	3.200000E-3	2.422344E+5	8.008842E+4	9.500000E-3	7.608400E-1	9.910000E+37	3.200000E-3	3.096875E+43	1.043158E+43	9.500000E-3	9.910000E+37	1.000000E-2	0.000000E+0	1.000000E+0	1.000000E+1	1.000000E+2	1.000000E+1	0.000000E+0	9.750000E+1
2.047017E+0	1.000000E-1	7.751500E-1	3.200000E-3	2.422344E+5	7.923021E+4	9.600000E-3	7.606100E-1	9.910000E+37	3.200000E-3	3.096875E+43	1.032292E+43	9.600000E-3	9.910000E+37	1.000000E-2	0.000000E+0	1.000000E+0	1.000000E+1	1.000000E+2	1.000000E+1	0.000000E+0	9.800000E+1
2.055468E+0	1.000000E-1	7.751500E-1	3.200000E-3	2.422344E+5	6.764821E+4	1.120000E-2	7.576600E-1	9.910000E+37	3.200000E-3	3.096875E+43	8.848214E+42	1.120000E-2	9.910000E+37	1.000000E-2	0.000000E+0	1.000000E+0	1.000000E+1	1.000000E+2	1.000000E+1	0.000000E+0	9.850000E+1
2.063968E+0	1.000000E-1	7.751500E-1	3.200000E-3	2.422344E+5	6.153821E+4	1.230000E-2	7.569200E-1	9.910000E+37	3.200000E-3	3.096875E+43	8.056911E+42	1.230000E-2	9.910000E+37	1.000000E-2	0.000000E+0	1.000000E+0	1.000000E+1	1.000000E+2	1.000000E+1	0.000000E+0	9.900000E+1
2.072769E+0	1.000000E-1	7.751500E-1	3.200000E-3	2.422344E+5	9.146747E+4	8.300000E-3	7.591800E-1	9.910000E+37	3.200000E-3	3.096875E+43	1.193976E+43	8.300000E-3	9.910000E+37	1.000000E-2	0.000000E+0	1.000000E+0	1.000000E+1	1.000000E+2	1.000000E+1	0.000000E+0	9.950000E+1
2.080802E+0	1.000000E-1	7.751500E-1	3.200000E-3	2.422344E+5	7.920000E+4	9.600000E-3	7.603200E-1	9.910000E+37	3.200000E-3	3.096875E+43	1.032292E+43	9.600000E-3	9.910000E+37	1.000000E-2	0.000000E+0	1.000000E+0	1.000000E+1	1.000000E+2	1.000000E+1	0.000000E+0	1.000000E+2
2.097287E+0	1.000000E-1	7.613800E-1	9.300000E-3	8.186882E+4	6.659123E+4	1.140000E-2	7.591400E-1	9.910000E+37	9.300000E-3	1.065591E+43	8.692982E+42	1.140000E-2	9.910000E+37	1.000000E-2	0.000000E+0	1.000000E+0	1.000000E+1	1.000000E+2	1.000000E+1	0.000000E+0	1.010000E+2
2.105554E+0	1.000000E-1	7.613800E-1	9.300000E-3	8.186882E+4	1.027173E+5	7.500000E-3	7.703800E-1	9.910000E+37	9.300000E-3	1.065591E+43	1.321333E+43	7.500000E-3	9.910000E+37	1.000000E-2	0.000000E+0	1.000000E+0	1.000000E+1	1.000000E+2	1.000000E+1	0.000000E+0	1.015000E+2
2.114521E+0	1.000000E-1	7.613800E-1	9.300000E-3	8.186882E+4	7.414854E+4	1.030000E-2	7.637300E-1	9.910000E+37	9.300000E-3	1.065591E+43	9.621359E+42	1.030000E-2	9.910000E+37	1.000000E-2	0.000000E+0	1.000000E+0	1.000000E+1	1.000000E+2	1.000000E+1	0.000000E+0	1.020000E+2
2.122788E+0	1.000000E-1	7.613800E-1	9.300000E-3	8.186882E+4	8.076316E+4	9.500000E-3	7.672500E-1	9.910000E+37	9.300000E-3	1.065591E+43	1.043158E+43	9.500000E-3	9.910000E+37	1.000000E-2	0.000000E+0	1.000000E+0	1.000000E+1	1.000000E+2	1.000000E+1	0.000000E+0	1.025000E+2
2.130889E+0	1.000000E-1	7.613800E-1	9.300000E-3	8.186882E+4	6.621913E+4	1.150000E-2	7.615200E-1	9.910000E+37	9.300000E-3	1.065591E+43	8.617391E+42	1.150000E-2	9.910000E+37	1.000000E-2	0.000000E+0	1.000000E+0	1.000000E+1	1.000000E+2	1.000000E+1	0.000000E+0	1.030000E+2
2.139606E+0	1.000000E-1	7.613800E-1	9.300000E-3	8.186882E+4	6.791071E+4	1.120000E-2	7.606000E-1	9.910000E+37	9.300000E-3	1.065591E+43	8.848214E+42	1.120000E-2	9.910000E+37	1.000000E-2	0.000000E+0	1.000000E+0	1.000000E+1	1.000000E+2	1.000000E+1	0.000000E+0	1.035000E+2
2.147990E+0	1.000000E-1	7.613800E-1	9.300000E-3	8.186882E+4	7.018716E+4	1.090000E-2	7.650400E-1	9.910000E+37	9.300000E-3	1.065591E+43	9.091743E+42	1.090000E-2	9.910000E+37	1.000000E-2	0.000000E+0	1.000000E+0	1.000000E+1	1.000000E+2	1.000000E+1	0.000000E+0	1.040000E+2
2.156557E+0	1.000000E-1	7.613800E-1	9.300000E-3	8.186882E+4	7.703232E+4	9.900000E-3	7.626200E-1	9.910000E+37	9.300000E-3	1.065591E+43	1.001010E+43	9.900000E-3	9.910000E+37	1.000000E-2	0.000000E+0	1.000000E+0	1.000000E+1	1.000000E+2	1.000000E+1	0.000000E+0	1.045000E+2
2.165557E+0	1.000000E-1	7.613800E-1	9.300000E-3	8.186882E+4	6.829018E+4	1.120000E-2	7.648500E-1	9.910000E+37	9.300000E-3	1.065591E+43	8.848214E+42	1.120000E-2	9.910000E+37	1.000000E-2	0.000000E+0	1.000000E+0	1.000000E+1	1.000000E+2	1.000000E+1	0.000000E+0	1.050000E+2
2.173741E+0	1.000000E-1	7.613800E-1	9.300000E-3	8.186882E+4	5.875692E+4	1.300000E-2	7.638400E-1	9.910000E+37	9.300000E-3	1.065591E+43	7.623077E+42	1.300000E-2	9.910000E+37	1.000000E-2	0.000000E+0	1.000000E+0	1.000000E+1	1.000000E+2	1.000000E+1	0.000000E+0	1.055000E+2
2.181841E+0	1.000000E-1	7.613800E-1	9.300000E-3	8.186882E+4	6.296803E+4	1.220000E-2	7.682100E-1	9.910000E+37	9.300000E-3	1.065591E+43	8.122951E+42	1.220000E-2	9.910000E+37	1.000000E-2	0.000000E+0	1.000000E+0	1.000000E+1	1.000000E+2	1.000000E+1	0.000000E+0	1.060000E+2
2.190459E+0	1.000000E-1	7.613800E-1	9.300000E-3	8.186882E+4	7.048426E+4	1.080000E-2	7.612300E-1	9.910000E+37	9.300000E-3	1.065591E+43	9.175926E+42	1.080000E-2	9.910000E+37	1.000000E-2	0.000000E+0	1.000000E+0	1.000000E+1	1.000000E+2	1.000000E+1	0.000000E+0	1.065000E+2
2.198576E+0	1.000000E-1	7.613800E-1	9.300000E-3	8.186882E+4	7.364423E+4	1.040000E-2	7.659000E-1	9.910000E+37	9.300000E-3	1.065591E+43	9.528846E+42	1.040000E-2	9.910000E+37	1.000000E-2	0.000000E+0	1.000000E+0	1.000000E+1	1.000000E+2	1.000000E+1	0.000000E+0	1.070000E+2
2.206826E+0	1.000000E-1	7.613800E-1	9.300000E-3	8.186882E+4	6.750531E+4	1.130000E-2	7.628100E-1	9.910000E+37	9.300000E-3	1.065591E+43	8.769912E+42	1.130000E-2	9.910000E+37	1.000000E-2	0.000000E+0	1.000000E+0	1.000000E+1	1.000000E+2	1.000000E+1	0.000000E+0	1.075000E+2
2.215510E+0	1.000000E-1	7.613800E-1	9.300000E-3	8.186882E+4	5.553577E+4	1.370000E-2	7.608400E-1	9.910000E+37	9.300000E-3	1.065591E+43	7.233577E+42	1.370000E-2	9.910000E+37	1.000000E-2	0.000000E+0	1.000000E+0	1.000000E+1	1.000000E+2	1.000000E+1	0.000000E+0	1.080000E+2
2.223927E+0	1.000000E-1	7.613800E-1	9.300000E-3	8.186882E+4	1.575592E+5	4.900000E-3	7.720400E-1	9.910000E+37	9.300000E-3	1.065591E+43	2.022449E+43	4.900000E-3	9.910000E+37	1.000000E-2	0.000000E+0	1.000000E+0	1.000000E+1	1.000000E+2	1.000000E+1	0.000000E+0	1.085000E+2
2.232228E+0	1.000000E-1	7.613800E-1	9.300000E-3	8.186882E+4	6.569052E+4	1.160000E-2	7.620100E-1	9.910000E+37	9.300000E-3	1.065591E+43	8.543103E+42	1.160000E-2	9.910000E+37	1.000000E-2	0.000000E+0	1.000000E+0	1.000000E+1	1.000000E+2	1.000000E+1	0.000000E+0	1.090000E+2
2.241145E+0	1.000000E-1	7.613800E-1	9.300000E-3	8.186882E+4	8.139158E+4	9.500000E-3	7.732200E-1	9.910000E+37	9.300000E-3	1.065591E+43	1.043158E+43	9.500000E-3	9.910000E+37	1.000000E-2	0.000000E+0	1.000000E+0	1.000000E+1	1.000000E+2	1.000000E+1	0.000000E+0	1.095000E+2
2.249479E+0	1.000000E-1	7.613800E-1	9.300000E-3	8.186882E+4	2.087649E+5	3.700000E-3	7.724300E-1	9.910000E+37	9.300000E-3	1.065591E+43	2.678378E+43	3.700000E-3	9.910000E+37	1.000000E-2	0.000000E+0	1.000000E+0	1.000000E+1	1.000000E+2	1.000000E+1	0.000000E+0	1.100000E+2
2.258363E+0	1.000000E-1	7.613800E-1	9.300000E-3	8.186882E+4	7.942396E+4	9.600000E-3	7.624700E-1	9.910000E+37	9.300000E-3	1.065591E+43	1.032292E+43	9.600000E-3	9.910000E+37	1.000000E-2	0.000000E+0	1.000000E+0	1.000000E+1	1.000000E+2	1.000000E+1	0.000000E+0	1.105000E+2
2.266580E+0	1.000000E-1	7.613800E-1	9.300000E-3	8.186882E+4	1.040247E+5	7.300000E-3	7.593800E-1	9.910000E+37	9.300000E-3	1.065591E+43	1.357534E+43	7.300000E-3	9.910000E+37	1.000000E-2	0.000000E+0	1.000000E+0	1.000000E+1	1.000000E+2	1.000000E+1	0.000000E+0	1.110000E+2
2.274630E+0	1.000000E-1	7.613800E-1	9.300000E-3	8.186882E+4	5.996378E+4	1.270000E-2	7.615400E-1	9.910000E+37	9.300000E-3	1.065591E+43	7.803150E+42	1.270000E-2	9.910000E+37	1.000000E-2	0.000000E+0	1.000000E+0	1.000000E+1	1.000000E+2	1.000000E+1	0.000000E+0	1.115000E+2
2.283414E+0	1.000000E-1	7.613800E-1	9.300000E-3	8.186882E+4	6.482906E+4	1.170000E-2	7.585000E-1	9.910000E+37	9.300000E-3	1.065591E+43	8.470085E+42	1.170000E-2	9.910000E+37	1.000000E-2	0.000000E+0	1.000000E+0	1.000000E+1	1.000000E+2	1.000000E+1	0.000000E+0	1.120000E+2
2.291614E+0	1.000000E-1	7.613800E-1	9.300000E-3	8.186882E+4	6.770804E+4	1.120000E-2	7.583300E-1	9.910000E+37	9.300000E-3	1.065591E+43	8.848214E+42	1.120000E-2	9.910000E+37	1.000000E-2	0.000000E+0	1.000000E+0	1.000000E+1	1.000000E+2	1.000000E+1	0.000000E+0	1.125000E+2
2.299632E+0	1.000000E-1	7.613800E-1	9.300000E-3	8.186882E+4	6.926273E+4	1.100000E-2	7.618900E-1	9.910000E+37	9.300000E-3	1.065591E+43	9.009091E+42	1.100000E-2	9.910000E+37	1.000000E-2	0.000000E+0	1.000000E+0	1.000000E+1	1.000000E+2	1.000000E+1	0.000000E+0	1.130000E+2
2.308199E+0	1.000000E-1	7.613800E-1	9.300000E-3	8.186882E+4	6.957523E+4	1.090000E-2	7.583700E-1	9.910000E+37	9.300000E-3	1.065591E+43	9.091743E+42	1.090000E-2	9.910000E+37	1.000000E-2	0.000000E+0	1.000000E+0	1.000000E+1	1.000000E+2	1.000000E+1	0.000000E+0	1.135000E+2
2.316349E+0	1.000000E-1	7.613800E-1	9.300000E-3	8.186882E+4	6.448898E+4	1.180000E-2	7.609700E-1	9.910000E+37	9.300000E-3	1.065591E+43	8.398305E+42	1.180000E-2	9.910000E+37	1.000000E-2	0.000000E+0	1.000000E+0	1.000000E+1	1.000000E+2	1.000000E+1	0.000000E+0	1.140000E+2
2.324383E+0	1.000000E-1	7.613800E-1	9.300000E-3	8.186882E+4	6.307083E+4	1.200000E-2	7.568500E-1	9.910000E+37	9.300000E-3	1.065591E+43	8.258333E+42	1.200000E-2	9.910000E+37	1.000000E-2	0.000000E+0	1.000000E+0	1.000000E+1	1.000000E+2	1.000000E+1	0.000000E+0	1.145000E+2
2.332983E+0	1.000000E-1	7.613800E-1	9.300000E-3	8.186882E+4	8.456000E+4	9.000000E-3	7.610400E-1	9.910000E+37	9.300000E-3	1.065591E+43	1.101111E+43	9.000000E-3	9.910000E+37	1.000000E-2	0.000000E+0	1.000000E+0	1.000000E+1	1.000000E+2	1.000000E+1	0.000000E+0	1.150000E+2
2.341034E+0	1.000000E-1	7.613800E-1	9.300000E-3	8.186882E+4	6.259587E+4	1.210000E-2	7.574100E-1	9.910000E+37	9.300000E-3	1.065591E+43	8.190083E+42	1.210000E-2	9.910000E+37	1.000000E-2	0.000000E+0	1.000000E+0	1.000000E+1	1.000000E+2	1.000000E+1	0.000000E+0	1.155000E+2
2.349934E+0	1.000000E-1	7.613800E-1	9.300000E-3	8.186882E+4	9.207952E+4	8.300000E-3	7.642600E-1	9.910000E+37	9.300000E-3	1.065591E+43	1.193976E+43	8.300000E-3	9.910000E+37	1.000000E-2	0.000000E+0	1.000000E+0	1.000000E+1	1.000000E+2	1.000000E+1	0.000000E+0	1.160000E+2
2.358185E+0	1.000000E-1	7.613800E-1	9.300000E-3	8.186882E+4	9.040000E+4	8.500000E-3	7.684000E-1	9.910000E+37	9.300000E-3	1.065591E+43	1.165882E+43	8.500000E-3	9.910000E+37	1.000000E-2	0.000000E+0	1.000000E+0	1.000000E+1	1.000000E+2	1.000000E+1	0.000000E+0	1.165000E+2
2.366285E+0	1.000000E-1	7.613800E-1	9.300000E-3	8.186882E+4	6.675826E+4	1.150000E-2	7.677200E-1	9.910000E+37	9.300000E-3	1.065591E+43	8.617391E+42	1.150000E-2	9.910000E+37	1.000000E-2	0.000000E+0	1.000000E+0	1.000000E+1	1.000000E+2	1.000000E+1	0.000000E+0	1.170000E+2
2.375036E+0	1.000000E-1	7.613800E-1	9.300000E-3	8.186882E+4	8.832529E+4	8.700000E-3	7.684300E-1	9.910000E+37	9.300000E-3	1.065591E+43	1.139080E+43	8.700000E-3	9.910000E+37	1.000000E-2	0.000000E+0	1.000000E+0	1.000000E+1	1.000000E+2	1.000000E+1	0.000000E+0	1.175000E+2
2.383203E+0	1.000000E-1	7.613800E-1	9.300000E-3	8.186882E+4	6.796195E+4	1.130000E-2	7.679700E-1	9.910000E+37	9.300000E-3	1.065591E+43	8.769912E+42	1.130000E-2	9.910000E+37	1.000000E-2	0.000000E+0	1.000000E+0	1.000000E+1	1.000000E+2	1.000000E+1	0.000000E+0	1.180000E+2
2.391987E+0	1.000000E-1	7.613800E-1	9.300000E-3	8.186882E+4	1.032135E+5	7.400000E-3	7.637800E-1	9.910000E+37	9.300000E-3	1.065591E+43	1.339189E+43	7.400000E-3	9.910000E+37	1.000000E-2	0.000000E+0	1.000000E+0	1.000000E+1	1.000000E+2	1.000000E+1	0.000000E+0	1.185000E+2
2.400204E+0	1.000000E-1	7.613800E-1	9.300000E-3	8.186882E+4	6.827411E+4	1.120000E-2	7.646700E-1	9.910000E+37	9.300000E-3	1.065591E+43	8.848214E+42	1.120000E-2	9.910000E+37	1.000000E-2	0.000000E+0	1.000000E+0	1.000000E+1	1.000000E+2	1.000000E+1	0.000000E+0	1.190000E+2
2.408338E+0	1.000000E-1	7.613800E-1	9.300000E-3	8.186882E+4	1.062806E+5	7.200000E-3	7.652200E-1	9.910000E+37	9.300000E-3	1.065591E+43	1.376389E+43	7.200000E-3	9.910000E+37	1.000000E-2	0.000000E+0	1.000000E+0	1.000000E+1	1.000000E+2	1.000000E+1	0.000000E+0	1.195000E+2
2.416955E+0	1.000000E-1	7.613800E-1	9.300000E-3	8.186882E+4	8.820690E+4	8.700000E-3	7.674000E-1	9.910000E+37	9.300000E-3	1.065591E+43	1.139080E+43	8.700000E-3	9.910000E+37	1.000000E-2	0.000000E+0	1.000000E+0	1.000000E+1	1.000000E+2	1.000000E+1	0.000000E+0	1.200000E+2
2.425172E+0	1.000000E-1	7.613800E-1	9.300000E-3	8.186882E+4	7.741010E+4	9.900000E-3	7.663600E-1	9.910000E+37	9.300000E-3	1.065591E+43	1.001010E+43	9.900000E-3	9.910000E+37	1.000000E-2	0.000000E+0	1.000000E+0	1.000000E+1	1.000000E+2	1.000000E+1	0.000000E+0	1.205000E+2
2.433939E+0	1.000000E-1	7.613800E-1	9.300000E-3	8.186882E+4	6.933423E+4	1.110000E-2	7.696100E-1	9.910000E+37	9.300000E-3	1.065591E+43	8.927928E+42	1.110000E-2	9.910000E+37	1.000000E-2	0.000000E+0	1.000000E+0	1.000000E+1	1.000000E+2	1.000000E+1	0.000000E+0	1.210000E+2
2.441990E+0	1.000000E-1	7.613800E-1	9.300000E-3	8.186882E+4	8.947907E+4	8.600000E-3	7.695200E-1	9.910000E+37	9.300000E-3	1.065591E+43	1.152326E+43	8.600000E-3	9.910000E+37	1.000000E-2	0.000000E+0	1.000000E+0	1.000000E+1	1.000000E+2	1.000000E+1	0.000000E+0	1.215000E+2
2.450040E+0	1.000000E-1	7.613800E-1	9.300000E-3	8.186882E+4	1.480288E+5	5.200000E-3	7.697500E-1	9.910000E+37	9.300000E-3	1.065591E+43	1.905769E+43	5.200000E-3	9.910000E+37	1.000000E-2	0.000000E+0	1.000000E+0	1.000000E+1	1.000000E+2	1.000000E+1	0.000000E+0	1.220000E+2
2.458674E+0	1.000000E-1	7.613800E-1	9.300000E-3	8.186882E+4	2.145222E+5	3.600000E-3	7.722800E-1	9.910000E+37	9.300000E-3	1.065591E+43	2.752778E+43	3.600000E-3	9.910000E+37	1.000000E-2	0.000000E+0	1.000000E+0	1.000000E+1	1.000000E+2	1.000000E+1	0.000000E+0	1.225000E+2
2.466891E+0	1.000000E-1	7.613800E-1	9.300000E-3	8.186882E+4	1.483942E+5	5.200000E-3	7.716500E-1	9.910000E+37	9.300000E-3	1.065591E+43	1.905769E+43	5.200000E-3	9.910000E+37	1.000000E-2	0.000000E+0	1.000000E+0	1.000000E+1	1.000000E+2	1.000000E+1	0.000000E+0	1.230000E+2
2.475675E+0	1.000000E-1	7.613800E-1	9.300000E-3	8.186882E+4	9.428902E+4	8.200000E-3	7.731700E-1	9.910000E+37	9.300000E-3	1.065591E+43	1.208537E+43	8.200000E-3	9.910000E+37	1.000000E-2	0.000000E+0	1.000000E+0	1.000000E+1	1.000000E+2	1.000000E+1	0.000000E+0	1.235000E+2
2.483875E+0	1.000000E-1	7.613800E-1	9.300000E-3	8.186882E+4	2.755750E+5	2.800000E-3	7.716100E-1	9.910000E+37	9.300000E-3	1.065591E+43	3.539286E+43	2.800000E-3	9.910000E+37	1.000000E-2	0.000000E+0	1.000000E+0	1.000000E+1	1.000000E+2	1.000000E+1	0.000000E+0	1.240000E+2
2.492643E+0	1.000000E-1	7.613800E-1	9.300000E-3	8.186882E+4	1.829476E+5	4.200000E-3	7.683800E-1	9.910000E+37	9.300000E-3	1.065591E+43	2.359524E+43	4.200000E-3	9.910000E+37	1.000000E-2	0.000000E+0	1.000000E+0	1.000000E+1	1.000000E+2	1.000000E+1	0.000000E+0	1.245000E+2
2.500693E+0	1.000000E-1	7.613800E-1	9.300000E-3	8.186882E+4	1.231651E+5	6.300000E-3	7.759400E-1	9.910000E+37	9.300000E-3	1.065591E+43	1.573016E+43	6.300000E-3	9.910000E+37	1.000000E-2	0.000000E+0	1.000000E+0	1.000000E+1	1.000000E+2	1.000000E+1	0.000000E+0	1.250000E+2
2.509427E+0	1.000000E-1	7.613800E-1	9.300000E-3	8.186882E+4	1.831643E+5	4.200000E-3	7.692900E-1	9.910000E+37	9.300000E-3	1.065591E+43	2.359524E+43	4.200000E-3	9.910000E+37	1.000000E-2	0.000000E+0	1.000000E+0	1.000000E+1	1.000000E+2	1.000000E+1	0.000000E+0	1.255000E+2
2.517527E+0	1.000000E-1	7.613800E-1	9.300000E-3	8.186882E+4	1.716333E+5	4.500000E-3	7.723500E-1	9.910000E+37	9.300000E-3	1.065591E+43	2.202222E+43	4.500000E-3	9.910000E+37	1.000000E-2	0.000000E+0	1.000000E+0	1.000000E+1	1.000000E+2	1.000000E+1	0.000000E+0	1.260000E+2
2.526311E+0	1.000000E-1	7.613800E-1	9.300000E-3	8.186882E+4	2.761536E+5	2.800000E-3	7.732300E-1	9.910000E+37	9.300000E-3	1.065591E+43	3.539286E+43	2.800000E-3	9.910000E+37	1.000000E-2	0.000000E+0	1.000000E+0	1.000000E+1	1.000000E+2	1.000000E+1	0.000000E+0	1.265000E+2
2.534528E+0	1.000000E-1	7.613800E-1	9.300000E-3	8.186882E+4	1.512157E+5	5.100000E-3	7.712000E-1	9.910000E+37	9.300000E-3	1.065591E+43	1.943137E+43	5.100000E-3	9.910000E+37	1.000000E-2	0.000000E+0	1.000000E+0	1.000000E+1	1.000000E+2	1.000000E+1	0.000000E+0	1.270000E+2
2.542729E+0	1.000000E-1	7.613800E-1	9.300000E-3	8.186882E+4	1.675391E+5	4.600000E-3	7.706800E-1	9.910000E+37	9.300000E-3	1.065591E+43	2.154348E+43	4.600000E-3	9.910000E+37	1.000000E-2	0.000000E+0	1.000000E+0	1.000000E+1	1.000000E+2	1.000000E+1	0.000000E+0	1.275000E+2
2.551329E+0	1.000000E-1	7.613800E-1	9.300000E-3	8.186882E+4	6.689391E+4	1.150000E-2	7.692800E-1	9.910000E+37	9.300000E-3	1.065591E+43	8.617391E+42	1.150000E-2	9.910000E+37	1.000000E-2	0.000000E+0	1.000000E+0	1.000000E+1	1.000000E+2	1.000000E+1	0.000000E+0	1.280000E+2
2.559580E+0	1.000000E-1	7.613800E-1	9.300000E-3	8.186882E+4	1.635979E+5	4.700000E-3	7.689100E-1	9.910000E+37	9.300000E-3	1.065591E+43	2.108511E+43	4.700000E-3	9.910000E+37	1.000000E-2	0.000000E+0	1.000000E+0	1.000000E+1	1.000000E+2	1.000000E+1	0.000000E+0	1.285000E+2
2.567747E+0	1.000000E-1	7.613800E-1	9.300000E-3	8.186882E+4	8.435385E+4	9.100000E-3	7.676200E-1	9.910000E+37	9.300000E-3	1.065591E+43	1.089011E+43	9.100000E-3	9.910000E+37	1.000000E-2	0.000000E+0	1.000000E+0	1.000000E+1	1.000000E+2	1.000000E+1	0.000000E+0	1.290000E+2
2.576714E+0	1.000000E-1	7.613800E-1	9.300000E-3	8.186882E+4	1.788256E+5	4.300000E-3	7.689500E-1	9.910000E+37	9.300000E-3	1.065591E+43	2.304651E+43	4.300000E-3	9.910000E+37	1.000000E-2	0.000000E+0	1.000000E+0	1.000000E+1	1.000000E+2	1.000000E+1	0.000000E+0	1.295000E+2
2.584665E+0	1.000000E-1	7.613800E-1	9.300000E-3	8.186882E+4	1.836381E+5	4.200000E-3	7.712800E-1	9.910000E+37	9.300000E-3	1.065591E+43	2.359524E+43	4.200000E-3	9.910000E+37	1.000000E-2	0.000000E+0	1.000000E+0	1.000000E+1	1.000000E+2	1.000000E+1	0.000000E+0	1.300000E+2
2.593598E+0	1.000000E-1	7.613800E-1	9.300000E-3	8.186882E+4	5.135101E+4	1.490000E-2	7.651300E-1	9.910000E+37	9.300000E-3	1.065591E+43	6.651007E+42	1.490000E-2	9.910000E+37	1.000000E-2	0.000000E+0	1.000000E+0	1.000000E+1	1.000000E+2	1.000000E+1	0.000000E+0	1.305000E+2
2.601949E+0	1.000000E-1	7.613800E-1	9.300000E-3	8.186882E+4	6.701739E+4	1.150000E-2	7.707000E-1	9.910000E+37	9.300000E-3	1.065591E+43	8.617391E+42	1.150000E-2	9.910000E+37	1.000000E-2	0.000000E+0	1.000000E+0	1.000000E+1	1.000000E+2	1.000000E+1	0.000000E+0	1.310000E+2
2.610783E+0	1.000000E-1	7.613800E-1	9.300000E-3	8.186882E+4	8.442857E+4	9.100000E-3	7.683000E-1	9.910000E+37	9.300000E-3	1.065591E+43	1.089011E+43	9.100000E-3	9.910000E+37	1.000000E-2	0.000000E+0	1.000000E+0	1.000000E+1	1.000000E+2	1.000000E+1	0.000000E+0	1.315000E+2
2.619016E+0	1.000000E-1	7.613800E-1	9.300000E-3	8.186882E+4	6.599744E+4	1.170000E-2	7.721700E-1	9.910000E+37	9.300000E-3	1.065591E+43	8.470085E+42	1.170000E-2	9.910000E+37	1.000000E-2	0.000000E+0	1.000000E+0	1.000000E+1	1.000000E+2	1.000000E+1	0.000000E+0	1.320000E+2
2.627967E+0	1.000000E-1	7.613800E-1	9.300000E-3	8.186882E+4	6.740354E+4	1.130000E-2	7.616600E-1	9.910000E+37	9.300000E-3	1.065591E+43	8.769912E+42	1.130000E-2	9.910000E+37	1.000000E-2	0.000000E+0	1.000000E+0	1.000000E+1	1.000000E+2	1.000000E+1	0.000000E+0	1.325000E+2
2.636084E+0	1.000000E-1	7.613800E-1	9.300000E-3	8.186882E+4	2.966538E+5	2.600000E-3	7.713000E-1	9.910000E+37	9.300000E-3	1.065591E+43	3.811538E+43	2.600000E-3	9.910000E+37	1.000000E-2	0.000000E+0	1.000000E+0	1.000000E+1	1.000000E+2	1.000000E+1	0.000000E+0	1.330000E+2
2.644335E+0	1.000000E-1	7.613800E-1	9.300000E-3	8.186882E+4	2.081297E+5	3.700000E-3	7.700800E-1	9.910000E+37	9.300000E-3	1.065591E+43	2.678378E+43	3.700000E-3	9.910000E+37	1.000000E-2	0.000000E+0	1.000000E+0	1.000000E+1	1.000000E+2	1.000000E+1	0.000000E+0	1.335000E+2
2.653202E+0	1.000000E-1	7.613800E-1	9.300000E-3	8.186882E+4	1.578327E+5	4.900000E-3	7.733800E-1	9.910000E+37	9.300000E-3	1.065591E+43	2.022449E+43	4.900000E-3	9.910000E+37	1.000000E-2	0.000000E+0	1.000000E+0	1.000000E+1	1.000000E+2	1.000000E+1	0.000000E+0	1.340000E+2
2.661419E+0	1.000000E-1	7.613800E-1	9.300000E-3	8.186882E+4	1.752636E+5	4.400000E-3	7.711600E-1	9.910000E+37	9.300000E-3	1.065591E+43	2.252273E+43	4.400000E-3	9.910000E+37	1.000000E-2	0.000000E+0	1.000000E+0	1.000000E+1	1.000000E+2	1.000000E+1	0.000000E+0	1.345000E+2
2.670069E+0	1.000000E-1	7.613800E-1	9.300000E-3	8.186882E+4	1.749068E+5	4.400000E-3	7.695900E-1	9.910000E+37	9.300000E-3	1.065591E+43	2.252273E+43	4.400000E-3	9.910000E+37	1.000000E-2	0.000000E+0	1.000000E+0	1.000000E+1	1.000000E+2	1.000000E+1	0.000000E+0	1.350000E+2
2.678270E+0	1.000000E-1	7.613800E-1	9.300000E-3	8.186882E+4	1.101771E+5	7.000000E-3	7.712400E-1	9.910000E+37	9.300000E-3	1.065591E+43	1.415714E+43	7.000000E-3	9.910000E+37	1.000000E-2	0.000000E+0	1.000000E+0	1.000000E+1	1.000000E+2	1.000000E+1	0.000000E+0	1.355000E+2
2.687204E+0	1.000000E-1	7.613800E-1	9.300000E-3	8.186882E+4	1.163318E+5	6.600000E-3	7.677900E-1	9.910000E+37	9.300000E-3	1.065591E+43	1.501515E+43	6.600000E-3	9.910000E+37	1.000000E-2	0.000000E+0	1.000000E+0	1.000000E+1	1.000000E+2	1.000000E+1	0.000000E+0	1.360000E+2
2.695321E+0	1.000000E-1	7.613800E-1	9.300000E-3	8.186882E+4	1.452849E+5	5.300000E-3	7.700100E-1	9.910000E+37	9.300000E-3	1.065591E+43	1.869811E+43	5.300000E-3	9.910000E+37	1.000000E-2	0.000000E+0	1.000000E+0	1.000000E+1	1.000000E+2	1.000000E+1	0.000000E+0	1.365000E+2
2.704221E+0	1.000000E-1	7.613800E-1	9.300000E-3	8.186882E+4	6.401765E+4	1.190000E-2	7.618100E-1	9.910000E+37	9.300000E-3	1.065591E+43	8.327731E+42	1.190000E-2	9.910000E+37	1.000000E-2	0.000000E+0	1.000000E+0	1.000000E+1	1.000000E+2	1.000000E+1	0.000000E+0	1.370000E+2
2.712255E+0	1.000000E-1	7.613800E-1	9.300000E-3	8.186882E+4	7.366117E+4	1.030000E-2	7.587100E-1	9.910000E+37	9.300000E-3	1.065591E+43	9.621359E+42	1.030000E-2	9.910000E+37	1.000000E-2	0.000000E+0	1.000000E+0	1.000000E+1	1.000000E+2	1.000000E+1	0.000000E+0	1.375000E+2
2.720972E+0	1.000000E-1	7.613800E-1	9.300000E-3	8.186882E+4	7.509804E+4	1.020000E-2	7.660000E-1	9.910000E+37	9.300000E-3	1.065591E+43	9.715686E+42	1.020000E-2	9.910000E+37	1.000000E-2	0.000000E+0	1.000000E+0	1.000000E+1	1.000000E+2	1.000000E+1	0.000000E+0	1.380000E+2
2.729206E+0	1.000000E-1	7.613800E-1	9.300000E-3	8.186882E+4	6.426807E+4	1.190000E-2	7.647900E-1	9.910000E+37	9.300000E-3	1.065591E+43	8.327731E+42	1.190000E-2	9.910000E+37	1.000000E-2	0.000000E+0	1.000000E+0	1.000000E+1	1.000000E+2	1.000000E+1	0.000000E+0	1.385000E+2
2.737990E+0	1.000000E-1	7.613800E-1	9.300000E-3	8.186882E+4	6.246393E+4	1.220000E-2	7.620600E-1	9.910000E+37	9.300000E-3	1.065591E+43	8.122951E+42	1.220000E-2	9.910000E+37	1.000000E-2	0.000000E+0	1.000000E+0	1.000000E+1	1.000000E+2	1.000000E+1	0.000000E+0	1.390000E+2
2.746024E+0	1.000000E-1	7.613800E-1	9.300000E-3	8.186882E+4	6.276475E+4	1.220000E-2	7.657300E-1	9.910000E+37	9.300000E-3	1.065591E+43	8.122951E+42	1.220000E-2	9.910000E+37	1.000000E-2	0.000000E+0	1.000000E+0	1.000000E+1	1.000000E+2	1.000000E+1	0.000000E+0	1.395000E+2
2.754658E+0	1.000000E-1	7.613800E-1	9.300000E-3	8.186882E+4	6.654087E+4	1.150000E-2	7.652200E-1	9.910000E+37	9.300000E-3	1.065591E+43	8.617391E+42	1.150000E-2	9.910000E+37	1.000000E-2	0.000000E+0	1.000000E+0	1.000000E+1	1.000000E+2	1.000000E+1	0.000000E+0	1.400000E+2
2.762875E+0	1.000000E-1	7.613800E-1	9.300000E-3	8.186882E+4	6.297107E+4	1.210000E-2	7.619500E-1	9.910000E+37	9.300000E-3	1.065591E+43	8.190083E+42	1.210000E-2	9.910000E+37	1.000000E-2	0.000000E+0	1.000000E+0	1.000000E+1	1.000000E+2	1.000000E+1	0.000000E+0	1.405000E+2
2.771609E+0	1.000000E-1	7.613800E-1	9.300000E-3	8.186882E+4	6.306446E+4	1.210000E-2	7.630800E-1	9.910000E+37	9.300000E-3	1.065591E+43	8.190083E+42	1.210000E-2	9.910000E+37	1.000000E-2	0.000000E+0	1.000000E+0	1.000000E+1	1.000000E+2	1.000000E+1	0.000000E+0	1.410000E+2
2.779776E+0	1.000000E-1	7.613800E-1	9.300000E-3	8.186882E+4	8.923256E+4	8.600000E-3	7.674000E-1	9.910000E+37	9.300000E-3	1.065591E+43	1.152326E+43	8.600000E-3	9.910000E+37	1.000000E-2	0.000000E+0	1.000000E+0	1.000000E+1	1.000000E+2	1.000000E+1	0.000000E+0	1.415000E+2
2.788476E+0	1.000000E-1	7.613800E-1	9.300000E-3	8.186882E+4	6.713333E+4	1.140000E-2	7.653200E-1	9.910000E+37	9.300000E-3	1.065591E+43	8.692982E+42	1.140000E-2	9.910000E+37	1.000000E-2	0.000000E+0	1.000000E+0	1.000000E+1	1.000000E+2	1.000000E+1	0.000000E+0	1.420000E+2
2.797043E+0	1.000000E-1	7.613800E-1	9.300000E-3	8.186882E+4	1.671870E+5	4.600000E-3	7.690600E-1	9.910000E+37	9.300000E-3	1.065591E+43	2.154348E+43	4.600000E-3	9.910000E+37	1.000000E-2	0.000000E+0	1.000000E+0	1.000000E+1	1.000000E+2	1.000000E+1	0.000000E+0	1.425000E+2
2.805394E+0	1.000000E-1	7.613800E-1	9.300000E-3	8.186882E+4	1.185385E+5	6.500000E-3	7.705000E-1	9.910000E+37	9.300000E-3	1.065591E+43	1.524615E+43	6.500000E-3	9.910000E+37	1.000000E-2	0.000000E+0	1.000000E+0	1.000000E+1	1.000000E+2	1.000000E+1	0.000000E+0	1.430000E+2
2.814294E+0	1.000000E-1	7.613800E-1	9.300000E-3	8.186882E+4	1.602083E+5	4.800000E-3	7.690000E-1	9.910000E+37	9.300000E-3	1.065591E+43	2.064583E+43	4.800000E-3	9.910000E+37	1.000000E-2	0.000000E+0	1.000000E+0	1.000000E+1	1.000000E+2	1.000000E+1	0.000000E+0	1.435000E+2
2.822578E+0	1.000000E-1	7.613800E-1	9.300000E-3	8.186882E+4	2.074081E+5	3.700000E-3	7.674100E-1	9.910000E+37	9.300000E-3	1.065591E+43	2.678378E+43	3.700000E-3	9.910000E+37	1.000000E-2	0.000000E+0	1.000000E+0	1.000000E+1	1.000000E+2	1.000000E+1	0.000000E+0	1.440000E+2
2.831279E+0	1.000000E-1	7.613800E-1	9.300000E-3	8.186882E+4	1.552500E+5	5.000000E-3	7.762500E-1	9.910000E+37	9.300000E-3	1.065591E+43	1.982000E+43	5.000000E-3	9.910000E+37	1.000000E-2	0.000000E+0	1.000000E+0	1.000000E+1	1.000000E+2	1.000000E+1	0.000000E+0	1.445000E+2
2.839329E+0	1.000000E-1	7.613800E-1	9.300000E-3	8.186882E+4	7.608614E+4	1.010000E-2	7.684700E-1	9.910000E+37	9.300000E-3	1.065591E+43	9.811881E+42	1.010000E-2	9.910000E+37	1.000000E-2	0.000000E+0	1.000000E+0	1.000000E+1	1.000000E+2	1.000000E+1	0.000000E+0	1.450000E+2
2.847546E+0	1.000000E-1	7.613800E-1	9.300000E-3	8.186882E+4	6.528559E+4	1.180000E-2	7.703700E-1	9.910000E+37	9.300000E-3	1.065591E+43	8.398305E+42	1.180000E-2	9.910000E+37	1.000000E-2	0.000000E+0	1.000000E+0	1.000000E+1	1.000000E+2	1.000000E+1	0.000000E+0	1.455000E+2
2.856213E+0	1.000000E-1	7.613800E-1	9.300000E-3	8.186882E+4	6.251057E+4	1.230000E-2	7.688800E-1	9.910000E+37	9.300000E-3	1.065591E+43	8.056911E+42	1.230000E-2	9.910000E+37	1.000000E-2	0.000000E+0	1.000000E+0	1.000000E+1	1.000000E+2	1.000000E+1	0.000000E+0	1.460000E+2
2.864464E+0	1.000000E-1	7.613800E-1	9.300000E-3	8.186882E+4	8.064362E+4	9.400000E-3	7.580500E-1	9.910000E+37	9.300000E-3	1.065591E+43	1.054255E+43	9.400000E-3	9.910000E+37	1.000000E-2	0.000000E+0	1.000000E+0	1.000000E+1	1.000000E+2	1.000000E+1	0.000000E+0	1.465000E+2
2.872681E+0	1.000000E-1	7.613800E-1	9.300000E-3	8.186882E+4	6.926455E+4	1.100000E-2	7.619100E-1	9.910000E+37	9.300000E-3	1.065591E+43	9.009091E+42	1.100000E-2	9.910000E+37	1.000000E-2	0.000000E+0	1.000000E+0	1.000000E+1	1.000000E+2	1.000000E+1	0.000000E+0	1.470000E+2
2.881415E+0	1.000000E-1	7.613800E-1	9.300000E-3	8.186882E+4	5.532609E+4	1.380000E-2	7.635000E-1	9.910000E+37	9.300000E-3	1.065591E+43	7.181159E+42	1.380000E-2	9.910000E+37	1.000000E-2	0.000000E+0	1.000000E+0	1.000000E+1	1.000000E+2	1.000000E+1	0.000000E+0	1.475000E+2
2.889799E+0	1.000000E-1	7.613800E-1	9.300000E-3	8.186882E+4	1.403018E+5	5.500000E-3	7.716600E-1	9.910000E+37	9.300000E-3	1.065591E+43	1.801818E+43	5.500000E-3	9.910000E+37	1.000000E-2	0.000000E+0	1.000000E+0	1.000000E+1	1.000000E+2	1.000000E+1	0.000000E+0	1.480000E+2
2.898566E+0	1.000000E-1	7.613800E-1	9.300000E-3	8.186882E+4	2.645621E+5	2.900000E-3	7.672300E-1	9.910000E+37	9.300000E-3	1.065591E+43	3.417241E+43	2.900000E-3	9.910000E+37	1.000000E-2	0.000000E+0	1.000000E+0	1.000000E+1	1.000000E+2	1.000000E+1	0.000000E+0	1.485000E+2
2.906950E+0	1.000000E-1	7.613800E-1	9.300000E-3	8.186882E+4	1.535720E+5	5.000000E-3	7.678600E-1	9.910000E+37	9.300000E-3	1.065591E+43	1.982000E+43	5.000000E-3	9.910000E+37	1.000000E-2	0.000000E+0	1.000000E+0	1.000000E+1	1.000000E+2	1.000000E+1	0.000000E+0	1.490000E+2
2.915733E+0	1.000000E-1	7.613800E-1	9.300000E-3	8.186882E+4	2.336970E+5	3.300000E-3	7.712000E-1	9.910000E+37	9.300000E-3	1.065591E+43	3.003030E+43	3.300000E-3	9.910000E+37	1.000000E-2	0.000000E+0	1.000000E+0	1.000000E+1	1.000000E+2	1.000000E+1	0.000000E+0	1.495000E+2
2.923834E+0	1.000000E-1	7.613800E-1	9.300000E-3	8.186882E+4	2.092486E+5	3.700000E-3	7.742200E-1	9.910000E+37	9.300000E-3	1.065591E+43	2.678378E+43	3.700000E-3	9.910000E+37	1.000000E-2	0.000000E+0	1.000000E+0	1.000000E+1	1.000000E+2	1.000000E+1	0.000000E+0	1.500000E+2
2.940652E+0	1.000000E-1	7.748200E-1	4.400000E-3	1.760955E+5	1.427741E+5	5.400000E-3	7.709800E-1	9.910000E+37	4.400000E-3	2.252273E+43	1.835185E+43	5.400000E-3	9.910000E+37	1.000000E-2	0.000000E+0	1.000000E+0	1.000000E+1	1.000000E+2	1.000000E+1	0.000000E+0	1.510000E+2
2.949252E+0	1.000000E-1	7.748200E-1	4.400000E-3	1.760955E+5	1.923600E+5	4.000000E-3	7.694400E-1	9.910000E+37	4.400000E-3	2.252273E+43	2.477500E+43	4.000000E-3	9.910000E+37	1.000000E-2	0.000000E+0	1.000000E+0	1.000000E+1	1.000000E+2	1.000000E+1	0.000000E+0	1.515000E+2
2.957502E+0	1.000000E-1	7.748200E-1	4.400000E-3	1.760955E+5	2.989500E+5	2.600000E-3	7.772700E-1	9.910000E+37	4.400000E-3	2.252273E+43	3.811538E+43	2.600000E-3	9.910000E+37	1.000000E-2	0.000000E+0	1.000000E+0	1.000000E+1	1.000000E+2	1.000000E+1	0.000000E+0	1.520000E+2
2.965670E+0	1.000000E-1	7.748200E-1	4.400000E-3	1.760955E+5	2.082973E+5	3.700000E-3	7.707000E-1	9.910000E+37	4.400000E-3	2.252273E+43	2.678378E+43	3.700000E-3	9.910000E+37	1.000000E-2	0.000000E+0	1.000000E+0	1.000000E+1	1.000000E+2	1.000000E+1	0.000000E+0	1.525000E+2
2.974520E+0	1.000000E-1	7.748200E-1	4.400000E-3	1.760955E+5	2.669966E+5	2.900000E-3	7.742900E-1	9.910000E+37	4.400000E-3	2.252273E+43	3.417241E+43	2.900000E-3	9.910000E+37	1.000000E-2	0.000000E+0	1.000000E+0	1.000000E+1	1.000000E+2	1.000000E+1	0.000000E+0	1.530000E+2
2.982871E+0	1.000000E-1	7.748200E-1	4.400000E-3	1.760955E+5	2.143333E+5	3.600000E-3	7.716000E-1	9.910000E+37	4.400000E-3	2.252273E+43	2.752778E+43	3.600000E-3	9.910000E+37	1.000000E-2	0.000000E+0	1.000000E+0	1.000000E+1	1.000000E+2	1.000000E+1	0.000000E+0	1.535000E+2
2.991654E+0	1.000000E-1	7.748200E-1	4.400000E-3	1.760955E+5	1.605104E+5	4.800000E-3	7.704500E-1	9.910000E+37	4.400000E-3	2.252273E+43	2.064583E+43	4.800000E-3	9.910000E+37	1.000000E-2	0.000000E+0	1.000000E+0	1.000000E+1	1.000000E+2	1.000000E+1	0.000000E+0	1.540000E+2
2.999872E+0	1.000000E-1	7.748200E-1	4.400000E-3	1.760955E+5	2.495452E+5	3.100000E-3	7.735900E-1	9.910000E+37	4.400000E-3	2.252273E+43	3.196774E+43	3.100000E-3	9.910000E+37	1.000000E-2	0.000000E+0	1.000000E+0	1.000000E+1	1.000000E+2	1.000000E+1	0.000000E+0	1.545000E+2
3.008689E+0	1.000000E-1	7.748200E-1	4.400000E-3	1.760955E+5	1.788047E+5	4.300000E-3	7.688600E-1	9.910000E+37	4.400000E-3	2.252273E+43	2.304651E+43	4.300000E-3	9.910000E+37	1.000000E-2	0.000000E+0	1.000000E+0	1.000000E+1	1.000000E+2	1.000000E+1	0.000000E+0	1.550000E+2
3.016739E+0	1.000000E-1	7.748200E-1	4.400000E-3	1.760955E+5	1.476038E+5	5.200000E-3	7.675400E-1	9.910000E+37	4.400000E-3	2.252273E+43	1.905769E+43	5.200000E-3	9.910000E+37	1.000000E-2	0.000000E+0	1.000000E+0	1.000000E+1	1.000000E+2	1.000000E+1	0.000000E+0	1.555000E+2
3.024856E+0	1.000000E-1	7.748200E-1	4.400000E-3	1.760955E+5	6.949818E+4	1.100000E-2	7.644800E-1	9.910000E+37	4.400000E-3	2.252273E+43	9.009091E+42	1.100000E-2	9.910000E+37	1.000000E-2	0.000000E+0	1.000000E+0	1.000000E+1	1.000000E+2	1.000000E+1	0.000000E+0	1.560000E+2
3.033390E+0	1.000000E-1	7.748200E-1	4.400000E-3	1.760955E+5	6.289754E+4	1.220000E-2	7.673500E-1	9.910000E+37	4.400000E-3	2.252273E+43	8.122951E+42	1.220000E-2	9.910000E+37	1.000000E-2	0.000000E+0	1.000000E+0	1.000000E+1	1.000000E+2	1.000000E+1	0.000000E+0	1.565000E+2
3.041741E+0	1.000000E-1	7.748200E-1	4.400000E-3	1.760955E+5	1.760091E+5	4.400000E-3	7.744400E-1	9.910000E+37	4.400000E-3	2.252273E+43	2.252273E+43	4.400000E-3	9.910000E+37	1.000000E-2	0.000000E+0	1.000000E+0	1.000000E+1	1.000000E+2	1.000000E+1	0.000000E+0	1.570000E+2
3.049958E+0	1.000000E-1	7.748200E-1	4.400000E-3	1.760955E+5	1.574082E+5	4.900000E-3	7.713000E-1	9.910000E+37	4.400000E-3	2.252273E+43	2.022449E+43	4.900000E-3	9.910000E+37	1.000000E-2	0.000000E+0	1.000000E+0	1.000000E+1	1.000000E+2	1.000000E+1	0.000000E+0	1.575000E+2
3.058642E+0	1.000000E-1	7.748200E-1	4.400000E-3	1.760955E+5	2.409562E+5	3.200000E-3	7.710600E-1	9.910000E+37	4.400000E-3	2.252273E+43	3.096875E+43	3.200000E-3	9.910000E+37	1.000000E-2	0.000000E+0	1.000000E+0	1.000000E+1	1.000000E+2	1.000000E+1	0.000000E+0	1.580000E+2
3.067042E+0	1.000000E-1	7.748200E-1	4.400000E-3	1.760955E+5	1.971538E+5	3.900000E-3	7.689000E-1	9.910000E+37	4.400000E-3	2.252273E+43	2.541026E+43	3.900000E-3	9.910000E+37	1.000000E-2	0.000000E+0	1.000000E+0	1.000000E+1	1.000000E+2	1.000000E+1	0.000000E+0	1.585000E+2
3.075543E+0	1.000000E-1	7.748200E-1	4.400000E-3	1.760955E+5	1.570306E+5	4.900000E-3	7.694500E-1	9.910000E+37	4.400000E-3	2.252273E+43	2.022449E+43	4.900000E-3	9.910000E+37	1.000000E-2	0.000000E+0	1.000000E+0	1.000000E+1	1.000000E+2	1.000000E+1	0.000000E+0	1.590000E+2
3.084343E+0	1.000000E-1	7.748200E-1	4.400000E-3	1.760955E+5	7.609010E+4	1.010000E-2	7.685100E-1	9.910000E+37	4.400000E-3	2.252273E+43	9.811881E+42	1.010000E-2	9.910000E+37	1.000000E-2	0.000000E+0	1.000000E+0	1.000000E+1	1.000000E+2	1.000000E+1	0.000000E+0	1.595000E+2
3.092694E+0	1.000000E-1	7.748200E-1	4.400000E-3	1.760955E+5	7.300667E+4	1.050000E-2	7.665700E-1	9.910000E+37	4.400000E-3	2.252273E+43	9.438095E+42	1.050000E-2	9.910000E+37	1.000000E-2	0.000000E+0	1.000000E+0	1.000000E+1	1.000000E+2	1.000000E+1	0.000000E+0	1.600000E+2
3.102911E+0	1.000000E-1	7.748200E-1	4.400000E-3	1.760955E+5	2.261088E+5	3.400000E-3	7.687700E-1	9.910000E+37	4.400000E-3	2.252273E+43	2.914706E+43	3.400000E-3	9.910000E+37	1.000000E-2	0.000000E+0	1.000000E+0	1.000000E+1	1.000000E+2	1.000000E+1	0.000000E+0	1.605000E+2
3.111445E+0	1.000000E-1	7.748200E-1	4.400000E-3	1.760955E+5	7.031743E+4	1.090000E-2	7.664600E-1	9.910000E+37	4.400000E-3	2.252273E+43	9.091743E+42	1.090000E-2	9.910000E+37	1.000000E-2	0.000000E+0	1.000000E+0	1.000000E+1	1.000000E+2	1.000000E+1	0.000000E+0	1.610000E+2
3.119778E+0	1.000000E-1	7.748200E-1	4.400000E-3	1.760955E+5	7.497647E+4	1.020000E-2	7.647600E-1	9.910000E+37	4.400000E-3	2.252273E+43	9.715686E+42	1.020000E-2	9.910000E+37	1.000000E-2	0.000000E+0	1.000000E+0	1.000000E+1	1.000000E+2	1.000000E+1	0.000000E+0	1.615000E+2
3.128446E+0	1.000000E-1	7.748200E-1	4.400000E-3	1.760955E+5	5.950469E+4	1.280000E-2	7.616600E-1	9.910000E+37	4.400000E-3	2.252273E+43	7.742188E+42	1.280000E-2	9.910000E+37	1.000000E-2	0.000000E+0	1.000000E+0	1.000000E+1	1.000000E+2	1.000000E+1	0.000000E+0	1.620000E+2
3.136613E+0	1.000000E-1	7.748200E-1	4.400000E-3	1.760955E+5	6.644561E+4	1.140000E-2	7.574800E-1	9.910000E+37	4.400000E-3	2.252273E+43	8.692982E+42	1.140000E-2	9.910000E+37	1.000000E-2	0.000000E+0	1.000000E+0	1.000000E+1	1.000000E+2	1.000000E+1	0.000000E+0	1.625000E+2
3.145563E+0	1.000000E-1	7.748200E-1	4.400000E-3	1.760955E+5	6.919545E+4	1.100000E-2	7.611500E-1	9.910000E+37	4.400000E-3	2.252273E+43	9.009091E+42	1.100000E-2	9.910000E+37	1.000000E-2	0.000000E+0	1.000000E+0	1.000000E+1	1.000000E+2	1.000000E+1	0.000000E+0	1.630000E+2
3.153964E+0	1.000000E-1	7.748200E-1	4.400000E-3	1.760955E+5	6.169024E+4	1.230000E-2	7.587900E-1	9.910000E+37	4.400000E-3	2.252273E+43	8.056911E+42	1.230000E-2	9.910000E+37	1.000000E-2	0.000000E+0	1.000000E+0	1.000000E+1	1.000000E+2	1.000000E+1	0.000000E+0	1.635000E+2
3.162481E+0	1.000000E-1	7.748200E-1	4.400000E-3	1.760955E+5	7.838144E+4	9.700000E-3	7.603000E-1	9.910000E+37	4.400000E-3	2.252273E+43	1.021649E+43	9.700000E-3	9.910000E+37	1.000000E-2	0.000000E+0	1.000000E+0	1.000000E+1	1.000000E+2	1.000000E+1	0.000000E+0	1.640000E+2
3.171165E+0	1.000000E-1	7.748200E-1	4.400000E-3	1.760955E+5	9.040000E+4	8.400000E-3	7.593600E-1	9.910000E+37	4.400000E-3	2.252273E+43	1.179762E+43	8.400000E-3	9.910000E+37	1.000000E-2	0.000000E+0	1.000000E+0	1.000000E+1	1.000000E+2	1.000000E+1	0.000000E+0	1.645000E+2
3.179515E+0	1.000000E-1	7.748200E-1	4.400000E-3	1.760955E+5	5.736970E+4	1.320000E-2	7.572800E-1	9.910000E+37	4.400000E-3	2.252273E+43	7.507576E+42	1.320000E-2	9.910000E+37	1.000000E-2	0.000000E+0	1.000000E+0	1.000000E+1	1.000000E+2	1.000000E+1	0.000000E+0	1.650000E+2
3.187999E+0	1.000000E-1	7.748200E-1	4.400000E-3	1.760955E+5	5.939449E+4	1.270000E-2	7.543100E-1	9.910000E+37	4.400000E-3	2.252273E+43	7.803150E+42	1.270000E-2	9.910000E+37	1.000000E-2	0.000000E+0	1.000000E+0	1.000000E+1	1.000000E+2	1.000000E+1	0.000000E+0	1.655000E+2
3.196133E+0	1.000000E-1	7.748200E-1	4.400000E-3	1.760955E+5	6.717321E+4	1.120000E-2	7.523400E-1	9.910000E+37	4.400000E-3	2.252273E+43	8.848214E+42	1.120000E-2	9.910000E+37	1.000000E-2	0.000000E+0	1.000000E+0	1.000000E+1	1.000000E+2	1.000000E+1	0.000000E+0	1.660000E+2
3.205050E+0	1.000000E-1	7.748200E-1	4.400000E-3	1.760955E+5	7.601616E+4	9.900000E-3	7.525600E-1	9.910000E+37	4.400000E-3	2.252273E+43	1.001010E+43	9.900000E-3	9.910000E+37	1.000000E-2	0.000000E+0	1.000000E+0	1.000000E+1	1.000000E+2	1.000000E+1	0.000000E+0	1.665000E+2
3.213450E+0	1.000000E-1	7.748200E-1	4.400000E-3	1.760955E+5	5.890714E+4	1.260000E-2	7.422300E-1	9.910000E+37	4.400000E-3	2.252273E+43	7.865079E+42	1.260000E-2	9.910000E+37	1.000000E-2	0.000000E+0	1.000000E+0	1.000000E+1	1.000000E+2	1.000000E+1	0.000000E+0	1.670000E+2
3.221751E+0	1.000000E-1	7.748200E-1	4.400000E-3	1.760955E+5	5.821797E+4	1.280000E-2	7.451900E-1	9.910000E+37	4.400000E-3	2.252273E+43	7.742188E+42	1.280000E-2	9.910000E+37	1.000000E-2	0.000000E+0	1.000000E+0	1.000000E+1	1.000000E+2	1.000000E+1	0.000000E+0	1.675000E+2
3.230385E+0	1.000000E-1	7.748200E-1	4.400000E-3	1.760955E+5	5.889206E+4	1.260000E-2	7.420400E-1	9.910000E+37	4.400000E-3	2.252273E+43	7.865079E+42	1.260000E-2	9.910000E+37	1.000000E-2	0.000000E+0	1.000000E+0	1.000000E+1	1.000000E+2	1.000000E+1	0.000000E+0	1.680000E+2
