Tiempo (min)	I pulso(mA)	Vinst 1 (V)	Iinst 1 (mA)	Rinst 1(Ohm)	Rrem 1 (Ohm)	Ibias 1 (mA)	Vbias 1 (V)	Vinst 2 (V)	Iinst 2 (mA)	Rinst 2(Ohm)	Rrem 2 (Ohm)	Ibias 2 (mA)	Vbias 2 (V)	Ancho pulso (s)	Periodo (s)	Icc 1 (mA)	Vcc 1 (V)	Icc 2 (mA)	Vcc 2 (V)	2W 1?	N5.359573E+0	1.000000E+3	9.992000E-1	2.583100E+0	3.868220E+2	3.871030E+2	2.582000E+0	9.995000E-1	9.910000E+37	2.583100E+0	3.836476E+40	3.838110E+40	2.582000E+0	9.910000E+37	1.000000E-3	5.000000E+0	1.000000E+2	5.000000E+1	1.000000E+2	1.000000E+1	1.000000E+0	1.000000E+0
5.513432E+0	1.000000E+3	1.000700E+0	2.592900E+0	3.859385E+2	3.861608E+2	2.588300E+0	9.995000E-1	9.910000E+37	2.592900E+0	3.821975E+40	3.828768E+40	2.588300E+0	9.910000E+37	1.000000E-3	5.000000E+0	1.000000E+2	5.000000E+1	1.000000E+2	1.000000E+1	1.000000E+0	2.000000E+0
5.667291E+0	1.000000E+3	1.000000E+0	2.603200E+0	3.841426E+2	3.835984E+2	2.609500E+0	1.001000E+0	9.910000E+37	2.603200E+0	3.806853E+40	3.797662E+40	2.609500E+0	9.910000E+37	1.000000E-3	5.000000E+0	1.000000E+2	5.000000E+1	1.000000E+2	1.000000E+1	1.000000E+0	3.000000E+0
5.821183E+0	1.000000E+3	1.000900E+0	2.620000E+0	3.820229E+2	3.815298E+2	2.622600E+0	1.000600E+0	9.910000E+37	2.620000E+0	3.782443E+40	3.778693E+40	2.622600E+0	9.910000E+37	1.000000E-3	5.000000E+0	1.000000E+2	5.000000E+1	1.000000E+2	1.000000E+1	1.000000E+0	4.000000E+0
5.975725E+0	1.000000E+3	9.994000E-1	2.625800E+0	3.806078E+2	3.804885E+2	2.628200E+0	1.000000E+0	9.910000E+37	2.625800E+0	3.774088E+40	3.770642E+40	2.628200E+0	9.910000E+37	1.000000E-3	5.000000E+0	1.000000E+2	5.000000E+1	1.000000E+2	1.000000E+1	1.000000E+0	5.000000E+0
6.129634E+0	1.000000E+3	1.000400E+0	2.618700E+0	3.820216E+2	3.821956E+2	2.616200E+0	9.999000E-1	9.910000E+37	2.618700E+0	3.784320E+40	3.787937E+40	2.616200E+0	9.910000E+37	1.000000E-3	5.000000E+0	1.000000E+2	5.000000E+1	1.000000E+2	1.000000E+1	1.000000E+0	6.000000E+0
6.283509E+0	1.000000E+3	1.000100E+0	2.617700E+0	3.820529E+2	3.820036E+2	2.618300E+0	1.000200E+0	9.910000E+37	2.617700E+0	3.785766E+40	3.784899E+40	2.618300E+0	9.910000E+37	1.000000E-3	5.000000E+0	1.000000E+2	5.000000E+1	1.000000E+2	1.000000E+1	1.000000E+0	7.000000E+0
6.437435E+0	1.000000E+3	9.997000E-1	2.630600E+0	3.800274E+2	3.800243E+2	2.632200E+0	1.000300E+0	9.910000E+37	2.630600E+0	3.767201E+40	3.764911E+40	2.632200E+0	9.910000E+37	1.000000E-3	5.000000E+0	1.000000E+2	5.000000E+1	1.000000E+2	1.000000E+1	1.000000E+0	8.000000E+0
6.591344E+0	1.000000E+3	1.000300E+0	2.635700E+0	3.795197E+2	3.799871E+2	2.629300E+0	9.991000E-1	9.910000E+37	2.635700E+0	3.759912E+40	3.769064E+40	2.629300E+0	9.910000E+37	1.000000E-3	5.000000E+0	1.000000E+2	5.000000E+1	1.000000E+2	1.000000E+1	1.000000E+0	9.000000E+0
6.745219E+0	1.000000E+3	1.000300E+0	2.632000E+0	3.800532E+2	3.801895E+2	2.627900E+0	9.991000E-1	9.910000E+37	2.632000E+0	3.765198E+40	3.771072E+40	2.627900E+0	9.910000E+37	1.000000E-3	5.000000E+0	1.000000E+2	5.000000E+1	1.000000E+2	1.000000E+1	1.000000E+0	1.000000E+1
6.899128E+0	1.000000E+3	1.000600E+0	2.625100E+0	3.811664E+2	3.813466E+2	2.621500E+0	9.997000E-1	9.910000E+37	2.625100E+0	3.775094E+40	3.780278E+40	2.621500E+0	9.910000E+37	1.000000E-3	5.000000E+0	1.000000E+2	5.000000E+1	1.000000E+2	1.000000E+1	1.000000E+0	1.100000E+1
7.053003E+0	1.000000E+3	9.997000E-1	2.612100E+0	3.827189E+2	3.831915E+2	2.609400E+0	9.999000E-1	9.910000E+37	2.612100E+0	3.793882E+40	3.797808E+40	2.609400E+0	9.910000E+37	1.000000E-3	5.000000E+0	1.000000E+2	5.000000E+1	1.000000E+2	1.000000E+1	1.000000E+0	1.200000E+1
7.206879E+0	1.000000E+3	9.993000E-1	2.600400E+0	3.842870E+2	3.859771E+2	2.592900E+0	1.000800E+0	9.910000E+37	2.600400E+0	3.810952E+40	3.821975E+40	2.592900E+0	9.910000E+37	5.000000E-4	5.000000E+0	1.000000E+2	5.000000E+1	1.000000E+2	1.000000E+1	1.000000E+0	1.300000E+1
7.360754E+0	1.000000E+3	1.000500E+0	2.587000E+0	3.867414E+2	3.858505E+2	2.590900E+0	9.997000E-1	9.910000E+37	2.587000E+0	3.830692E+40	3.824926E+40	2.590900E+0	9.910000E+37	5.000000E-4	5.000000E+0	1.000000E+2	5.000000E+1	1.000000E+2	1.000000E+1	1.000000E+0	1.400000E+1
7.514630E+0	1.000000E+3	9.989000E-1	2.595100E+0	3.849177E+2	3.855319E+2	2.593300E+0	9.998000E-1	9.910000E+37	2.595100E+0	3.818735E+40	3.821386E+40	2.593300E+0	9.910000E+37	5.000000E-4	5.000000E+0	1.000000E+2	5.000000E+1	1.000000E+2	1.000000E+1	1.000000E+0	1.500000E+1
7.668489E+0	1.000000E+3	1.000400E+0	2.601000E+0	3.846213E+2	3.838803E+2	2.605500E+0	1.000200E+0	9.910000E+37	2.601000E+0	3.810073E+40	3.803493E+40	2.605500E+0	9.910000E+37	2.000000E-4	5.000000E+0	1.000000E+2	5.000000E+1	1.000000E+2	1.000000E+1	1.000000E+0	1.600000E+1
7.822381E+0	1.000000E+3	9.995000E-1	2.608100E+0	3.832292E+2	3.829592E+2	2.614900E+0	1.001400E+0	9.910000E+37	2.608100E+0	3.799701E+40	3.789820E+40	2.614900E+0	9.910000E+37	2.000000E-4	5.000000E+0	1.000000E+2	5.000000E+1	1.000000E+2	1.000000E+1	1.000000E+0	1.700000E+1
7.976240E+0	1.000000E+3	1.001800E+0	2.615100E+0	3.830829E+2	3.841958E+2	2.603100E+0	1.000100E+0	9.910000E+37	2.615100E+0	3.789530E+40	3.806999E+40	2.603100E+0	9.910000E+37	1.000000E-4	5.000000E+0	1.000000E+2	5.000000E+1	1.000000E+2	1.000000E+1	1.000000E+0	1.800000E+1
8.130132E+0	1.000000E+3	9.996000E-1	2.599200E+0	3.845799E+2	3.845088E+2	2.597600E+0	9.988000E-1	9.910000E+37	2.599200E+0	3.812712E+40	3.815060E+40	2.597600E+0	9.910000E+37	5.000000E-5	5.000000E+0	1.000000E+2	5.000000E+1	1.000000E+2	1.000000E+1	1.000000E+0	1.900000E+1
8.284007E+0	1.000000E+3	9.988000E-1	2.599400E+0	3.842425E+2	3.842077E+2	2.603800E+0	1.000400E+0	9.910000E+37	2.599400E+0	3.812418E+40	3.805976E+40	2.603800E+0	9.910000E+37	5.000000E-5	5.000000E+0	1.000000E+2	5.000000E+1	1.000000E+2	1.000000E+1	1.000000E+0	2.000000E+1
8.437916E+0	1.000000E+3	1.000000E+0	2.620800E+0	3.815629E+2	3.805141E+2	2.629600E+0	1.000600E+0	9.910000E+37	2.620800E+0	3.781288E+40	3.768634E+40	2.629600E+0	9.910000E+37	5.000000E-5	5.000000E+0	1.000000E+2	5.000000E+1	1.000000E+2	1.000000E+1	1.000000E+0	2.100000E+1
8.591791E+0	1.000000E+3	1.000500E+0	2.633900E+0	3.798550E+2	3.789653E+2	2.638500E+0	9.999000E-1	9.910000E+37	2.633900E+0	3.762481E+40	3.755922E+40	2.638500E+0	9.910000E+37	5.000000E-5	5.000000E+0	1.000000E+2	5.000000E+1	1.000000E+2	1.000000E+1	1.000000E+0	2.200000E+1
8.745717E+0	1.000000E+3	1.000000E+0	2.643000E+0	3.783579E+2	3.772426E+2	2.653200E+0	1.000900E+0	9.910000E+37	2.643000E+0	3.749527E+40	3.735112E+40	2.653200E+0	9.910000E+37	5.000000E-5	5.000000E+0	1.000000E+2	5.000000E+1	1.000000E+2	1.000000E+1	1.000000E+0	2.300000E+1
8.899592E+0	1.000000E+3	9.995000E-1	2.651400E+0	3.769707E+2	3.769089E+2	2.652100E+0	9.996000E-1	9.910000E+37	2.651400E+0	3.737648E+40	3.736662E+40	2.652100E+0	9.910000E+37	5.000000E-5	5.000000E+0	1.000000E+2	5.000000E+1	1.000000E+2	1.000000E+1	1.000000E+0	2.400000E+1
9.053501E+0	1.000000E+3	9.989000E-1	2.659000E+0	3.756675E+2	3.753803E+2	2.662100E+0	9.993000E-1	9.910000E+37	2.659000E+0	3.726965E+40	3.722625E+40	2.662100E+0	9.910000E+37	5.000000E-5	5.000000E+0	1.000000E+2	5.000000E+1	1.000000E+2	1.000000E+1	1.000000E+0	2.500000E+1
9.207427E+0	1.000000E+3	9.993000E-1	2.667300E+0	3.746485E+2	3.744475E+2	2.669800E+0	9.997000E-1	9.910000E+37	2.667300E+0	3.715368E+40	3.711889E+40	2.669800E+0	9.910000E+37	5.000000E-5	5.000000E+0	1.000000E+2	5.000000E+1	1.000000E+2	1.000000E+1	1.000000E+0	2.600000E+1
9.361319E+0	1.000000E+3	9.999000E-1	2.670300E+0	3.744523E+2	3.744716E+2	2.673100E+0	1.001000E+0	9.910000E+37	2.670300E+0	3.711193E+40	3.707306E+40	2.673100E+0	9.910000E+37	5.000000E-5	5.000000E+0	1.000000E+2	5.000000E+1	1.000000E+2	1.000000E+1	1.000000E+0	2.700000E+1
9.515211E+0	1.000000E+3	9.995000E-1	2.672600E+0	3.739804E+2	3.738594E+2	2.674000E+0	9.997000E-1	9.910000E+37	2.672600E+0	3.708000E+40	3.706058E+40	2.674000E+0	9.910000E+37	5.000000E-5	5.000000E+0	1.000000E+2	5.000000E+1	1.000000E+2	1.000000E+1	1.000000E+0	2.800000E+1
9.669103E+0	1.000000E+3	9.990000E-1	2.673700E+0	3.736395E+2	3.740169E+2	2.670200E+0	9.987000E-1	9.910000E+37	2.673700E+0	3.706474E+40	3.711332E+40	2.670200E+0	9.910000E+37	5.000000E-5	5.000000E+0	1.000000E+2	5.000000E+1	1.000000E+2	1.000000E+1	1.000000E+0	2.900000E+1
9.822979E+0	1.000000E+3	1.000700E+0	2.673900E+0	3.742474E+2	3.733562E+2	2.676800E+0	9.994000E-1	9.910000E+37	2.673900E+0	3.706197E+40	3.702182E+40	2.676800E+0	9.910000E+37	5.000000E-5	5.000000E+0	1.000000E+2	5.000000E+1	1.000000E+2	1.000000E+1	1.000000E+0	3.000000E+1
9.976921E+0	1.000000E+3	1.000100E+0	2.682800E+0	3.727822E+2	3.734791E+2	2.679400E+0	1.000700E+0	9.910000E+37	2.682800E+0	3.693902E+40	3.698589E+40	2.679400E+0	9.910000E+37	5.000000E-5	5.000000E+0	1.000000E+2	5.000000E+1	1.000000E+2	1.000000E+1	1.000000E+0	3.100000E+1
1.013083E+1	1.000000E+3	9.983000E-1	2.677400E+0	3.728617E+2	3.720385E+2	2.688700E+0	1.000300E+0	9.910000E+37	2.677400E+0	3.701352E+40	3.685796E+40	2.688700E+0	9.910000E+37	1.000000E-4	5.000000E+0	1.000000E+2	5.000000E+1	1.000000E+2	1.000000E+1	1.000000E+0	3.200000E+1
1.028470E+1	1.000000E+3	9.990000E-1	2.687400E+0	3.717348E+2	3.720256E+2	2.689600E+0	1.000600E+0	9.910000E+37	2.687400E+0	3.687579E+40	3.684563E+40	2.689600E+0	9.910000E+37	1.000000E-4	5.000000E+0	1.000000E+2	5.000000E+1	1.000000E+2	1.000000E+1	1.000000E+0	3.300000E+1
1.043860E+1	1.000000E+3	9.996000E-1	2.692100E+0	3.713086E+2	3.711046E+2	2.698700E+0	1.001500E+0	9.910000E+37	2.692100E+0	3.681141E+40	3.672138E+40	2.698700E+0	9.910000E+37	1.000000E-4	5.000000E+0	1.000000E+2	5.000000E+1	1.000000E+2	1.000000E+1	1.000000E+0	3.400000E+1
1.059249E+1	1.000000E+3	9.996000E-1	2.685200E+0	3.722628E+2	3.714392E+2	2.692500E+0	1.000100E+0	9.910000E+37	2.685200E+0	3.690600E+40	3.680594E+40	2.692500E+0	9.910000E+37	1.000000E-4	5.000000E+0	1.000000E+2	5.000000E+1	1.000000E+2	1.000000E+1	1.000000E+0	3.500000E+1
1.074641E+1	1.000000E+3	1.000000E+0	2.697000E+0	3.707824E+2	3.704953E+2	2.697200E+0	9.993000E-1	9.910000E+37	2.697000E+0	3.674453E+40	3.674181E+40	2.697200E+0	9.910000E+37	1.000000E-4	5.000000E+0	1.000000E+2	5.000000E+1	1.000000E+2	1.000000E+1	1.000000E+0	3.600000E+1
1.090032E+1	1.500000E+3	1.499700E+0	4.278100E+0	3.505528E+2	3.705625E+2	2.698600E+0	1.000000E+0	9.910000E+37	4.278100E+0	2.316449E+40	3.672275E+40	2.698600E+0	9.910000E+37	1.000000E-4	5.000000E+0	1.000000E+2	5.000000E+1	1.000000E+2	1.000000E+1	1.000000E+0	3.700000E+1
1.105417E+1	2.000000E+3	1.998700E+0	6.005900E+0	3.327894E+2	3.688270E+2	2.709400E+0	9.993000E-1	9.910000E+37	6.005900E+0	1.650044E+40	3.657636E+40	2.709400E+0	9.910000E+37	1.000000E-4	5.000000E+0	1.000000E+2	5.000000E+1	1.000000E+2	1.000000E+1	1.000000E+0	3.800000E+1
1.120811E+1	2.500000E+3	2.499900E+0	7.926000E+0	3.154050E+2	3.652806E+2	2.736800E+0	9.997000E-1	9.910000E+37	7.926000E+0	1.250315E+40	3.621017E+40	2.736800E+0	9.910000E+37	1.000000E-4	5.000000E+0	1.000000E+2	5.000000E+1	1.000000E+2	1.000000E+1	1.000000E+0	3.900000E+1
1.136200E+1	3.000000E+3	2.999700E+0	9.912300E+0	3.026240E+2	3.631873E+2	2.753400E+0	1.000000E+0	9.910000E+37	9.912300E+0	9.997680E+39	3.599186E+40	2.753400E+0	9.910000E+37	1.000000E-4	5.000000E+0	1.000000E+2	5.000000E+1	1.000000E+2	1.000000E+1	1.000000E+0	4.000000E+1
1.151593E+1	3.500000E+3	3.499400E+0	1.211480E+1	2.888533E+2	3.565038E+2	2.805300E+0	1.000100E+0	9.910000E+37	1.211480E+1	8.180077E+39	3.532599E+40	2.805300E+0	9.910000E+37	1.000000E-4	5.000000E+0	1.000000E+2	5.000000E+1	1.000000E+2	1.000000E+1	1.000000E+0	4.100000E+1
1.166985E+1	4.000000E+3	3.999600E+0	1.435940E+1	2.785353E+2	3.533399E+2	2.832400E+0	1.000800E+0	9.910000E+37	1.435940E+1	6.901403E+39	3.498800E+40	2.832400E+0	9.910000E+37	1.000000E-4	5.000000E+0	1.000000E+2	5.000000E+1	1.000000E+2	1.000000E+1	1.000000E+0	4.200000E+1
1.182379E+1	4.000000E+3	4.000300E+0	1.439790E+1	2.778391E+2	3.538837E+2	2.827200E+0	1.000500E+0	9.910000E+37	1.439790E+1	6.882948E+39	3.505235E+40	2.827200E+0	9.910000E+37	1.000000E-4	5.000000E+0	1.000000E+2	5.000000E+1	1.000000E+2	1.000000E+1	1.000000E+0	4.300000E+1
1.197772E+1	4.000000E+3	3.999800E+0	1.446750E+1	2.764679E+2	3.530180E+2	2.833000E+0	1.000100E+0	9.910000E+37	1.446750E+1	6.849836E+39	3.498059E+40	2.833000E+0	9.910000E+37	1.000000E-4	5.000000E+0	1.000000E+2	5.000000E+1	1.000000E+2	1.000000E+1	1.000000E+0	4.400000E+1
1.213158E+1	4.000000E+3	3.999100E+0	1.438390E+1	2.780261E+2	3.526863E+2	2.838500E+0	1.001100E+0	9.910000E+37	1.438390E+1	6.889647E+39	3.491281E+40	2.838500E+0	9.910000E+37	1.000000E-4	5.000000E+0	1.000000E+2	5.000000E+1	1.000000E+2	1.000000E+1	1.000000E+0	4.500000E+1
1.228545E+1	4.000000E+3	4.000800E+0	1.447800E+1	2.763365E+2	3.462471E+2	2.885800E+0	9.992000E-1	9.910000E+37	1.447800E+1	6.844868E+39	3.434056E+40	2.885800E+0	9.910000E+37	1.000000E-4	5.000000E+0	1.000000E+2	5.000000E+1	1.000000E+2	1.000000E+1	1.000000E+0	4.600000E+1
1.243934E+1	4.000000E+3	4.000900E+0	1.451670E+1	2.756067E+2	3.429953E+2	2.915200E+0	9.999000E-1	9.910000E+37	1.451670E+1	6.826620E+39	3.399424E+40	2.915200E+0	9.910000E+37	1.000000E-4	5.000000E+0	1.000000E+2	5.000000E+1	1.000000E+2	1.000000E+1	1.000000E+0	4.700000E+1
1.259327E+1	4.500000E+3	4.500400E+0	1.677570E+1	2.682690E+2	3.471137E+2	2.880900E+0	1.000000E+0	9.910000E+37	1.677570E+1	5.907354E+39	3.439897E+40	2.880900E+0	9.910000E+37	1.000000E-4	5.000000E+0	1.000000E+2	5.000000E+1	1.000000E+2	1.000000E+1	1.000000E+0	4.800000E+1
1.274713E+1	5.000000E+3	5.000400E+0	1.924150E+1	2.598758E+2	3.454363E+2	2.894600E+0	9.999000E-1	9.910000E+37	1.924150E+1	5.150326E+39	3.423616E+40	2.894600E+0	9.910000E+37	1.000000E-4	5.000000E+0	1.000000E+2	5.000000E+1	1.000000E+2	1.000000E+1	1.000000E+0	4.900000E+1
1.290105E+1	5.500000E+3	5.501300E+0	2.156320E+1	2.551245E+2	3.389130E+2	2.951200E+0	1.000200E+0	9.910000E+37	2.156320E+1	4.595793E+39	3.357956E+40	2.951200E+0	9.910000E+37	1.000000E-4	5.000000E+0	1.000000E+2	5.000000E+1	1.000000E+2	1.000000E+1	1.000000E+0	5.000000E+1
1.305493E+1	6.000000E+3	6.001000E+0	2.396630E+1	2.503933E+2	3.385829E+2	2.952600E+0	9.997000E-1	9.910000E+37	2.396630E+1	4.134973E+39	3.356364E+40	2.952600E+0	9.910000E+37	1.000000E-4	5.000000E+0	1.000000E+2	5.000000E+1	1.000000E+2	1.000000E+1	1.000000E+0	5.100000E+1
1.320891E+1	6.500000E+3	6.499700E+0	2.659840E+1	2.443643E+2	3.410898E+2	2.930900E+0	9.997000E-1	9.910000E+37	2.659840E+1	3.725788E+39	3.381214E+40	2.930900E+0	9.910000E+37	1.000000E-4	5.000000E+0	1.000000E+2	5.000000E+1	1.000000E+2	1.000000E+1	1.000000E+0	5.200000E+1
1.336280E+1	7.000000E+3	7.000400E+0	2.825790E+1	2.477325E+2	3.581362E+2	2.790000E+0	9.992000E-1	9.910000E+37	2.825790E+1	3.506984E+39	3.551971E+40	2.790000E+0	9.910000E+37	1.000000E-4	5.000000E+0	1.000000E+2	5.000000E+1	1.000000E+2	1.000000E+1	1.000000E+0	5.300000E+1
1.351751E+1	7.500000E+3	7.498700E+0	3.051300E+1	2.457543E+2	3.414892E+2	2.930400E+0	1.000700E+0	9.910000E+37	3.051300E+1	3.247796E+39	3.381791E+40	2.930400E+0	9.910000E+37	1.000000E-4	5.000000E+0	1.000000E+2	5.000000E+1	1.000000E+2	1.000000E+1	1.000000E+0	5.400000E+1
1.367142E+1	8.000000E+3	8.001400E+0	3.321920E+1	2.408667E+2	3.311046E+2	3.021100E+0	1.000300E+0	9.910000E+37	3.321920E+1	2.983215E+39	3.280262E+40	3.021100E+0	9.910000E+37	1.000000E-4	5.000000E+0	1.000000E+2	5.000000E+1	1.000000E+2	1.000000E+1	1.000000E+0	5.500000E+1
1.382577E+1	8.500000E+3	8.499100E+0	3.631560E+1	2.340344E+2	3.262125E+2	3.066100E+0	1.000200E+0	9.910000E+37	3.631560E+1	2.728855E+39	3.232119E+40	3.066100E+0	9.910000E+37	1.000000E-4	5.000000E+0	1.000000E+2	5.000000E+1	1.000000E+2	1.000000E+1	1.000000E+0	5.600000E+1
1.397975E+1	9.000000E+3	9.001200E+0	3.941040E+1	2.283966E+2	3.131421E+2	3.192800E+0	9.998000E-1	9.910000E+37	3.941040E+1	2.514565E+39	3.103859E+40	3.192800E+0	9.910000E+37	1.000000E-4	5.000000E+0	1.000000E+2	5.000000E+1	1.000000E+2	1.000000E+1	1.000000E+0	5.700000E+1
1.413446E+1	9.500000E+3	9.501100E+0	4.225350E+1	2.248595E+2	3.112204E+2	3.213800E+0	1.000200E+0	9.910000E+37	4.225350E+1	2.345368E+39	3.083577E+40	3.213800E+0	9.910000E+37	1.000000E-4	5.000000E+0	1.000000E+2	5.000000E+1	1.000000E+2	1.000000E+1	1.000000E+0	5.800000E+1
1.428842E+1	1.000000E+4	1.000540E+1	4.521370E+1	2.212913E+2	3.085799E+2	3.241300E+0	1.000200E+0	9.910000E+37	4.521370E+1	2.191814E+39	3.057415E+40	3.241300E+0	9.910000E+37	1.000000E-4	5.000000E+0	1.000000E+2	5.000000E+1	1.000000E+2	1.000000E+1	1.000000E+0	5.900000E+1
1.444233E+1	1.050000E+4	1.041670E+1	4.766680E+1	2.185316E+2	3.083942E+2	3.243900E+0	1.000400E+0	9.910000E+37	4.766680E+1	2.079015E+39	3.054965E+40	3.243900E+0	9.910000E+37	1.000000E-4	5.000000E+0	1.000000E+2	5.000000E+1	1.000000E+2	1.000000E+1	1.000000E+0	6.000000E+1
1.459625E+1	1.100000E+4	1.054840E+1	4.893670E+1	2.155519E+2	3.034137E+2	3.295500E+0	9.999000E-1	9.910000E+37	4.893670E+1	2.025065E+39	3.007131E+40	3.295500E+0	9.910000E+37	1.000000E-4	5.000000E+0	1.000000E+2	5.000000E+1	1.000000E+2	1.000000E+1	1.000000E+0	6.100000E+1
1.475014E+1	1.150000E+4	1.052880E+1	4.909750E+1	2.144468E+2	3.003181E+2	3.332800E+0	1.000900E+0	9.910000E+37	4.909750E+1	2.018433E+39	2.973476E+40	3.332800E+0	9.910000E+37	1.000000E-4	5.000000E+0	1.000000E+2	5.000000E+1	1.000000E+2	1.000000E+1	1.000000E+0	6.200000E+1
1.490409E+1	1.200000E+4	1.050560E+1	4.925190E+1	2.133034E+2	2.961746E+2	3.377400E+0	1.000300E+0	9.910000E+37	4.925190E+1	2.012105E+39	2.934210E+40	3.377400E+0	9.910000E+37	1.000000E-4	5.000000E+0	1.000000E+2	5.000000E+1	1.000000E+2	1.000000E+1	1.000000E+0	6.300000E+1
1.505796E+1	1.250000E+4	1.047270E+1	4.920940E+1	2.128191E+2	2.890322E+2	3.457400E+0	9.993000E-1	9.910000E+37	4.920940E+1	2.013843E+39	2.866316E+40	3.457400E+0	9.910000E+37	1.000000E-4	5.000000E+0	1.000000E+2	5.000000E+1	1.000000E+2	1.000000E+1	1.000000E+0	6.400000E+1
1.521189E+1	1.300000E+4	1.047020E+1	4.952100E+1	2.114295E+2	2.906706E+2	3.438600E+0	9.995000E-1	9.910000E+37	4.952100E+1	2.001171E+39	2.881987E+40	3.438600E+0	9.910000E+37	1.000000E-4	5.000000E+0	1.000000E+2	5.000000E+1	1.000000E+2	1.000000E+1	1.000000E+0	6.500000E+1
1.536576E+1	1.350000E+4	1.047800E+1	4.974240E+1	2.106452E+2	2.884349E+2	3.470800E+0	1.001100E+0	9.910000E+37	4.974240E+1	1.992264E+39	2.855250E+40	3.470800E+0	9.910000E+37	1.000000E-4	5.000000E+0	1.000000E+2	5.000000E+1	1.000000E+2	1.000000E+1	1.000000E+0	6.600000E+1
1.551965E+1	1.400000E+4	1.046150E+1	4.973860E+1	2.103296E+2	2.889781E+2	3.462200E+0	1.000500E+0	9.910000E+37	4.973860E+1	1.992416E+39	2.862342E+40	3.462200E+0	9.910000E+37	1.000000E-4	5.000000E+0	1.000000E+2	5.000000E+1	1.000000E+2	1.000000E+1	1.000000E+0	6.700000E+1
1.567356E+1	1.450000E+4	1.045570E+1	4.974750E+1	2.101754E+2	2.884632E+2	3.466300E+0	9.999000E-1	9.910000E+37	4.974750E+1	1.992060E+39	2.858956E+40	3.466300E+0	9.910000E+37	1.000000E-4	5.000000E+0	1.000000E+2	5.000000E+1	1.000000E+2	1.000000E+1	1.000000E+0	6.800000E+1
1.582751E+1	1.500000E+4	1.043620E+1	4.968350E+1	2.100536E+2	2.943153E+2	3.393300E+0	9.987000E-1	9.910000E+37	4.968350E+1	1.994626E+39	2.920461E+40	3.393300E+0	9.910000E+37	1.000000E-4	5.000000E+0	1.000000E+2	5.000000E+1	1.000000E+2	1.000000E+1	1.000000E+0	6.900000E+1
1.598140E+1	1.550000E+4	1.045240E+1	4.977950E+1	2.099740E+2	2.888703E+2	3.462800E+0	1.000300E+0	9.910000E+37	4.977950E+1	1.990779E+39	2.861846E+40	3.462800E+0	9.910000E+37	1.000000E-4	5.000000E+0	1.000000E+2	5.000000E+1	1.000000E+2	1.000000E+1	1.000000E+0	7.000000E+1
1.613532E+1	1.600000E+4	1.045130E+1	4.982660E+1	2.097534E+2	2.892732E+2	3.452100E+0	9.986000E-1	9.910000E+37	4.982660E+1	1.988897E+39	2.870716E+40	3.452100E+0	9.910000E+37	1.000000E-4	5.000000E+0	1.000000E+2	5.000000E+1	1.000000E+2	1.000000E+1	1.000000E+0	7.100000E+1
1.628925E+1	1.650000E+4	1.045040E+1	4.982320E+1	2.097497E+2	2.870926E+2	3.482500E+0	9.998000E-1	9.910000E+37	4.982320E+1	1.989033E+39	2.845657E+40	3.482500E+0	9.910000E+37	1.000000E-4	5.000000E+0	1.000000E+2	6.000000E+1	1.000000E+2	1.000000E+1	1.000000E+0	7.200000E+1
1.644314E+1	1.700000E+4	1.044670E+1	4.991320E+1	2.092973E+2	2.906997E+2	3.438600E+0	9.996000E-1	9.910000E+37	4.991320E+1	1.985447E+39	2.881987E+40	3.438600E+0	9.910000E+37	1.000000E-4	5.000000E+0	1.000000E+2	6.000000E+1	1.000000E+2	1.000000E+1	1.000000E+0	7.300000E+1
1.659708E+1	1.750000E+4	1.042070E+1	4.975620E+1	2.094352E+2	2.900241E+2	3.447300E+0	9.998000E-1	9.910000E+37	4.975620E+1	1.991712E+39	2.874714E+40	3.447300E+0	9.910000E+37	1.000000E-4	5.000000E+0	1.000000E+2	6.000000E+1	1.000000E+2	1.000000E+1	1.000000E+0	7.400000E+1
1.675102E+1	1.800000E+4	1.044880E+1	4.987350E+1	2.095061E+2	2.871693E+2	3.485400E+0	1.000900E+0	9.910000E+37	4.987350E+1	1.987027E+39	2.843289E+40	3.485400E+0	9.910000E+37	1.000000E-4	5.000000E+0	1.000000E+2	6.000000E+1	1.000000E+2	1.000000E+1	1.000000E+0	7.500000E+1
1.768788E+1	1.850000E+4	1.565950E+1	7.975690E+1	1.963404E+2	2.654583E+2	3.768200E+0	1.000300E+0	9.910000E+37	7.975690E+1	1.242526E+39	2.629903E+40	3.768200E+0	9.910000E+37	2.000000E-4	5.000000E+0	1.000000E+2	6.000000E+1	1.000000E+2	1.000000E+1	1.000000E+0	7.600000E+1
1.784179E+1	1.900000E+4	1.545650E+1	7.982980E+1	1.936182E+2	2.681566E+2	3.727300E+0	9.995000E-1	9.910000E+37	7.982980E+1	1.241391E+39	2.658761E+40	3.727300E+0	9.910000E+37	2.000000E-4	5.000000E+0	1.000000E+2	6.000000E+1	1.000000E+2	1.000000E+1	1.000000E+0	7.700000E+1
1.799566E+1	1.950000E+4	1.542400E+1	7.970590E+1	1.935114E+2	2.702403E+2	3.699300E+0	9.997000E-1	9.910000E+37	7.970590E+1	1.243321E+39	2.678885E+40	3.699300E+0	9.910000E+37	2.000000E-4	5.000000E+0	1.000000E+2	6.000000E+1	1.000000E+2	1.000000E+1	1.000000E+0	7.800000E+1
1.814955E+1	2.000000E+4	1.543190E+1	7.993260E+1	1.930614E+2	2.627375E+2	3.805700E+0	9.999000E-1	9.910000E+37	7.993260E+1	1.239795E+39	2.603989E+40	3.805700E+0	9.910000E+37	2.000000E-4	5.000000E+0	1.000000E+2	6.000000E+1	1.000000E+2	1.000000E+1	1.000000E+0	7.900000E+1
1.830345E+1	2.050000E+4	1.540110E+1	7.988530E+1	1.927902E+2	2.607335E+2	3.833800E+0	9.996000E-1	9.910000E+37	7.988530E+1	1.240529E+39	2.584903E+40	3.833800E+0	9.910000E+37	2.000000E-4	5.000000E+0	1.000000E+2	6.000000E+1	1.000000E+2	1.000000E+1	1.000000E+0	8.000000E+1
1.845734E+1	2.050000E+4	1.537550E+1	7.994520E+1	1.923255E+2	2.590588E+2	3.860900E+0	1.000200E+0	9.910000E+37	7.994520E+1	1.239599E+39	2.566759E+40	3.860900E+0	9.910000E+37	2.000000E-4	5.000000E+0	1.000000E+2	6.000000E+1	1.000000E+2	1.000000E+1	1.000000E+0	8.100000E+1
1.861125E+1	1.550000E+4	1.536460E+1	7.993680E+1	1.922093E+2	2.610365E+2	3.828200E+0	9.993000E-1	9.910000E+37	7.993680E+1	1.239729E+39	2.588684E+40	3.828200E+0	9.910000E+37	2.000000E-4	5.000000E+0	1.000000E+2	6.000000E+1	1.000000E+2	1.000000E+1	1.000000E+0	8.200000E+1
1.876511E+1	1.550000E+4	1.538400E+1	7.980840E+1	1.927617E+2	2.627636E+2	3.803800E+0	9.995000E-1	9.910000E+37	7.980840E+1	1.241724E+39	2.605289E+40	3.803800E+0	9.910000E+37	4.000000E-4	5.000000E+0	1.000000E+2	6.000000E+1	1.000000E+2	1.000000E+1	1.000000E+0	8.300000E+1
1.891902E+1	1.550000E+4	1.549980E+1	8.145330E+1	1.902906E+2	2.597190E+2	3.850700E+0	1.000100E+0	9.910000E+37	8.145330E+1	1.216648E+39	2.573558E+40	3.850700E+0	9.910000E+37	4.000000E-4	5.000000E+0	1.000000E+2	6.000000E+1	1.000000E+2	1.000000E+1	1.000000E+0	8.400000E+1
1.907289E+1	1.550000E+4	1.550010E+1	8.146570E+1	1.902654E+2	2.611621E+2	3.834400E+0	1.001400E+0	9.910000E+37	8.146570E+1	1.216463E+39	2.584498E+40	3.834400E+0	9.910000E+37	4.000000E-4	5.000000E+0	1.000000E+2	6.000000E+1	1.000000E+2	1.000000E+1	1.000000E+0	8.500000E+1
1.922677E+1	1.550000E+4	1.550000E+1	8.147380E+1	1.902452E+2	2.603735E+2	3.839100E+0	9.996000E-1	9.910000E+37	8.147380E+1	1.216342E+39	2.581334E+40	3.839100E+0	9.910000E+37	4.000000E-4	5.000000E+0	1.000000E+2	6.000000E+1	1.000000E+2	1.000000E+1	1.000000E+0	8.600000E+1
1.938066E+1	1.550000E+4	1.550020E+1	8.159740E+1	1.899595E+2	2.613301E+2	3.823900E+0	9.993000E-1	9.910000E+37	8.159740E+1	1.214499E+39	2.591595E+40	3.823900E+0	9.910000E+37	4.000000E-4	5.000000E+0	1.000000E+2	6.000000E+1	1.000000E+2	1.000000E+1	1.000000E+0	8.700000E+1
1.953460E+1	1.550000E+4	1.550010E+1	8.197580E+1	1.890814E+2	2.539743E+2	3.937800E+0	1.000100E+0	9.910000E+37	8.197580E+1	1.208893E+39	2.516634E+40	3.937800E+0	9.910000E+37	4.000000E-4	5.000000E+0	1.000000E+2	6.000000E+1	1.000000E+2	1.000000E+1	1.000000E+0	8.800000E+1
1.968853E+1	1.550000E+4	1.549960E+1	8.190110E+1	1.892478E+2	2.528523E+2	3.952900E+0	9.995000E-1	9.910000E+37	8.190110E+1	1.209996E+39	2.507020E+40	3.952900E+0	9.910000E+37	4.000000E-4	5.000000E+0	1.000000E+2	6.000000E+1	1.000000E+2	1.000000E+1	1.000000E+0	8.900000E+1
1.984245E+1	1.550000E+4	1.550090E+1	8.223880E+1	1.884865E+2	2.522266E+2	3.963500E+0	9.997000E-1	9.910000E+37	8.223880E+1	1.205027E+39	2.500315E+40	3.963500E+0	9.910000E+37	4.000000E-4	5.000000E+0	1.000000E+2	6.000000E+1	1.000000E+2	1.000000E+1	1.000000E+0	9.000000E+1
1.999636E+1	1.550000E+4	1.549920E+1	8.213420E+1	1.887058E+2	2.524615E+2	3.961000E+0	1.000000E+0	9.910000E+37	8.213420E+1	1.206562E+39	2.501893E+40	3.961000E+0	9.910000E+37	4.000000E-4	5.000000E+0	1.000000E+2	6.000000E+1	1.000000E+2	1.000000E+1	1.000000E+0	9.100000E+1
2.015062E+1	1.550000E+4	1.549990E+1	8.201310E+1	1.889930E+2	2.519937E+2	3.962400E+0	9.985000E-1	9.910000E+37	8.201310E+1	1.208344E+39	2.501009E+40	3.962400E+0	9.910000E+37	4.000000E-4	5.000000E+0	1.000000E+2	6.000000E+1	1.000000E+2	1.000000E+1	1.000000E+0	9.200000E+1
2.030449E+1	1.550000E+4	1.549960E+1	8.211720E+1	1.887497E+2	2.799316E+2	3.569800E+0	9.993000E-1	9.910000E+37	8.211720E+1	1.206812E+39	2.776066E+40	3.569800E+0	9.910000E+37	4.000000E-4	5.000000E+0	1.000000E+2	6.000000E+1	1.000000E+2	1.000000E+1	1.000000E+0	9.300000E+1
2.045839E+1	1.550000E+4	1.549960E+1	8.152790E+1	1.901141E+2	2.602419E+2	3.844500E+0	1.000500E+0	9.910000E+37	8.152790E+1	1.215535E+39	2.577708E+40	3.844500E+0	9.910000E+37	4.000000E-4	5.000000E+0	1.000000E+2	6.000000E+1	1.000000E+2	1.000000E+1	1.000000E+0	9.400000E+1
2.061226E+1	1.550000E+4	1.550000E+1	8.139530E+1	1.904287E+2	2.591671E+2	3.858900E+0	1.000100E+0	9.910000E+37	8.139530E+1	1.217515E+39	2.568089E+40	3.858900E+0	9.910000E+37	4.000000E-4	5.000000E+0	1.000000E+2	6.000000E+1	1.000000E+2	1.000000E+1	1.000000E+0	9.500000E+1
2.076615E+1	1.550000E+4	1.549990E+1	8.161060E+1	1.899251E+2	2.608911E+2	3.835700E+0	1.000700E+0	9.910000E+37	8.161060E+1	1.214303E+39	2.583622E+40	3.835700E+0	9.910000E+37	4.000000E-4	5.000000E+0	1.000000E+2	6.000000E+1	1.000000E+2	1.000000E+1	1.000000E+0	9.600000E+1
2.092003E+1	1.550000E+4	1.550090E+1	8.157750E+1	1.900144E+2	2.573017E+2	3.886100E+0	9.999000E-1	9.910000E+37	8.157750E+1	1.214796E+39	2.550115E+40	3.886100E+0	9.910000E+37	4.000000E-4	5.000000E+0	1.000000E+2	6.000000E+1	1.000000E+2	1.000000E+1	1.000000E+0	9.700000E+1
2.107394E+1	1.550000E+4	1.549930E+1	8.210170E+1	1.887817E+2	2.517805E+2	3.973700E+0	1.000500E+0	9.910000E+37	8.210170E+1	1.207040E+39	2.493897E+40	3.973700E+0	9.910000E+37	4.000000E-4	5.000000E+0	1.000000E+2	6.000000E+1	1.000000E+2	1.000000E+1	1.000000E+0	9.800000E+1
2.122781E+1	1.550000E+4	1.550020E+1	8.224010E+1	1.884750E+2	2.503637E+2	3.987000E+0	9.982000E-1	9.910000E+37	8.224010E+1	1.205008E+39	2.485578E+40	3.987000E+0	9.910000E+37	4.000000E-4	5.000000E+0	1.000000E+2	6.000000E+1	1.000000E+2	1.000000E+1	1.000000E+0	9.900000E+1
2.138169E+1	1.550000E+4	1.549890E+1	8.229050E+1	1.883437E+2	2.501502E+2	3.995200E+0	9.994000E-1	9.910000E+37	8.229050E+1	1.204270E+39	2.480477E+40	3.995200E+0	9.910000E+37	4.000000E-4	5.000000E+0	1.000000E+2	6.000000E+1	1.000000E+2	1.000000E+1	1.000000E+0	1.000000E+2
2.153557E+1	1.550000E+4	1.549870E+1	8.238420E+1	1.881271E+2	2.520824E+2	3.961800E+0	9.987000E-1	9.910000E+37	8.238420E+1	1.202901E+39	2.501388E+40	3.961800E+0	9.910000E+37	4.000000E-4	5.000000E+0	1.000000E+2	6.000000E+1	1.000000E+2	1.000000E+1	1.000000E+0	1.010000E+2
2.168941E+1	1.550000E+4	1.550150E+1	8.247990E+1	1.879428E+2	2.507032E+2	3.981600E+0	9.982000E-1	9.910000E+37	8.247990E+1	1.201505E+39	2.488949E+40	3.981600E+0	9.910000E+37	4.000000E-4	5.000000E+0	1.000000E+2	6.000000E+1	1.000000E+2	1.000000E+1	1.000000E+0	1.020000E+2
2.184333E+1	1.550000E+4	1.549950E+1	8.251230E+1	1.878447E+2	2.505073E+2	3.991900E+0	1.000000E+0	9.910000E+37	8.251230E+1	1.201033E+39	2.482527E+40	3.991900E+0	9.910000E+37	4.000000E-4	5.000000E+0	1.000000E+2	6.000000E+1	1.000000E+2	1.000000E+1	1.000000E+0	1.030000E+2
2.199716E+1	1.550000E+4	1.550020E+1	8.250400E+1	1.878721E+2	2.499938E+2	4.003700E+0	1.000900E+0	9.910000E+37	8.250400E+1	1.201154E+39	2.475210E+40	4.003700E+0	9.910000E+37	4.000000E-4	5.000000E+0	1.000000E+2	6.000000E+1	1.000000E+2	1.000000E+1	1.000000E+0	1.040000E+2
2.215108E+1	1.600000E+4	1.600130E+1	8.544620E+1	1.872675E+2	2.509781E+2	3.987200E+0	1.000700E+0	9.910000E+37	8.544620E+1	1.159794E+39	2.485453E+40	3.987200E+0	9.910000E+37	4.000000E-4	5.000000E+0	1.000000E+2	6.000000E+1	1.000000E+2	1.000000E+1	1.000000E+0	1.050000E+2
2.230496E+1	1.650000E+4	1.649990E+1	8.825820E+1	1.869503E+2	2.499875E+2	4.000200E+0	1.000000E+0	9.910000E+37	8.825820E+1	1.122842E+39	2.477376E+40	4.000200E+0	9.910000E+37	4.000000E-4	5.000000E+0	1.000000E+2	6.000000E+1	1.000000E+2	1.000000E+1	1.000000E+0	1.060000E+2
2.245892E+1	1.700000E+4	1.700200E+1	9.124240E+1	1.863388E+2	2.492960E+2	4.012900E+0	1.000400E+0	9.910000E+37	9.124240E+1	1.086118E+39	2.469536E+40	4.012900E+0	9.910000E+37	4.000000E-4	5.000000E+0	1.000000E+2	6.000000E+1	1.000000E+2	1.000000E+1	1.000000E+0	1.070000E+2
2.261281E+1	1.750000E+4	1.749940E+1	9.426240E+1	1.856456E+2	2.482065E+2	4.028500E+0	9.999000E-1	9.910000E+37	9.426240E+1	1.051321E+39	2.459973E+40	4.028500E+0	9.910000E+37	4.000000E-4	5.000000E+0	1.000000E+2	6.000000E+1	1.000000E+2	1.000000E+1	1.000000E+0	1.080000E+2
2.276669E+1	1.800000E+4	1.799820E+1	9.658750E+1	1.863409E+2	2.546756E+2	3.924600E+0	9.995000E-1	9.910000E+37	9.658750E+1	1.026013E+39	2.525098E+40	3.924600E+0	9.910000E+37	4.000000E-4	5.000000E+0	1.000000E+2	6.000000E+1	1.000000E+2	1.000000E+1	1.000000E+0	1.090000E+2
2.292091E+1	1.850000E+4	1.807940E+1	9.718640E+1	1.860281E+2	2.524985E+2	3.962400E+0	1.000500E+0	9.910000E+37	9.718640E+1	1.019690E+39	2.501009E+40	3.962400E+0	9.910000E+37	4.000000E-4	5.000000E+0	1.000000E+2	6.000000E+1	1.000000E+2	1.000000E+1	1.000000E+0	1.100000E+2
2.307512E+1	1.900000E+4	1.804600E+1	9.720250E+1	1.856537E+2	2.485038E+2	4.026900E+0	1.000700E+0	9.910000E+37	9.720250E+1	1.019521E+39	2.460950E+40	4.026900E+0	9.910000E+37	4.000000E-4	5.000000E+0	1.000000E+2	6.000000E+1	1.000000E+2	1.000000E+1	1.000000E+0	1.110000E+2
2.322905E+1	1.950000E+4	1.832250E+1	9.891700E+1	1.852311E+2	2.538977E+2	3.938200E+0	9.999000E-1	9.910000E+37	9.891700E+1	1.001850E+39	2.516378E+40	3.938200E+0	9.910000E+37	5.000000E-4	5.000000E+0	1.000000E+2	6.000000E+1	1.000000E+2	1.000000E+1	1.000000E+0	1.120000E+2
2.338309E+1	2.000000E+4	1.835220E+1	9.923360E+1	1.849394E+2	2.483852E+2	4.025200E+0	9.998000E-1	9.910000E+37	9.923360E+1	9.986537E+38	2.461989E+40	4.025200E+0	9.910000E+37	7.000000E-4	5.000000E+0	1.000000E+2	6.000000E+1	1.000000E+2	1.000000E+1	1.000000E+0	1.130000E+2
2.353726E+1	2.050000E+4	1.836100E+1	1.002372E+2	1.831755E+2	2.576586E+2	3.878000E+0	9.992000E-1	9.910000E+37	1.002372E+2	9.886549E+38	2.555441E+40	3.878000E+0	9.910000E+37	7.000000E-4	5.000000E+0	2.000000E+2	6.000000E+1	1.000000E+2	1.000000E+1	1.000000E+0	1.140000E+2
2.475377E+1	2.100000E+4	1.162210E+1	5.992800E+1	1.939344E+2	2.763260E+2	3.620000E+0	1.000300E+0	9.910000E+37	5.992800E+1	1.653651E+39	2.737569E+40	3.620000E+0	9.910000E+37	7.000000E-4	5.000000E+0	2.000000E+2	6.000000E+1	1.000000E+2	1.000000E+1	1.000000E+0	1.150000E+2
2.490904E+1	2.150000E+4	1.524450E+1	8.077700E+1	1.887233E+2	2.618487E+2	3.819000E+0	1.000000E+0	9.910000E+37	8.077700E+1	1.226834E+39	2.594920E+40	3.819000E+0	9.910000E+37	7.000000E-4	5.000000E+0	2.000000E+2	6.000000E+1	1.000000E+2	1.000000E+1	1.000000E+0	1.160000E+2
2.506403E+1	2.200000E+4	1.520770E+1	8.080500E+1	1.882025E+2	2.601144E+2	3.846000E+0	1.000400E+0	9.910000E+37	8.080500E+1	1.226409E+39	2.576703E+40	3.846000E+0	9.910000E+37	7.000000E-4	5.000000E+0	2.000000E+2	6.000000E+1	1.000000E+2	1.000000E+1	1.000000E+0	1.170000E+2
2.521903E+1	2.250000E+4	1.520510E+1	8.082100E+1	1.881330E+2	2.594139E+2	3.856000E+0	1.000300E+0	9.910000E+37	8.082100E+1	1.226166E+39	2.570021E+40	3.856000E+0	9.910000E+37	7.000000E-4	5.000000E+0	2.000000E+2	6.000000E+1	1.000000E+2	1.000000E+1	1.000000E+0	1.180000E+2
2.537400E+1	2.300000E+4	1.521580E+1	8.077400E+1	1.883750E+2	2.593831E+2	3.858000E+0	1.000700E+0	9.910000E+37	8.077400E+1	1.226880E+39	2.568688E+40	3.858000E+0	9.910000E+37	7.000000E-4	5.000000E+0	2.000000E+2	6.000000E+1	1.000000E+2	1.000000E+1	1.000000E+0	1.190000E+2
2.552896E+1	2.350000E+4	1.521990E+1	8.085100E+1	1.882463E+2	2.599221E+2	3.850000E+0	1.000700E+0	9.910000E+37	8.085100E+1	1.225711E+39	2.574026E+40	3.850000E+0	9.910000E+37	7.000000E-4	5.000000E+0	2.000000E+2	6.000000E+1	1.000000E+2	1.000000E+1	1.000000E+0	1.200000E+2
2.568417E+1	2.400000E+4	1.521470E+1	8.093200E+1	1.879936E+2	2.580429E+2	3.873000E+0	9.994000E-1	9.910000E+37	8.093200E+1	1.224485E+39	2.558740E+40	3.873000E+0	9.910000E+37	7.000000E-4	5.000000E+0	2.000000E+2	6.000000E+1	1.000000E+2	1.000000E+1	1.000000E+0	1.210000E+2
2.583933E+1	2.450000E+4	1.521000E+1	8.080400E+1	1.882333E+2	2.567214E+2	3.898000E+0	1.000700E+0	9.910000E+37	8.080400E+1	1.226424E+39	2.542329E+40	3.898000E+0	9.910000E+37	7.000000E-4	5.000000E+0	2.000000E+2	6.000000E+1	1.000000E+2	1.000000E+1	1.000000E+0	1.220000E+2
2.599435E+1	2.500000E+4	1.520540E+1	8.091900E+1	1.879089E+2	2.591509E+2	3.863000E+0	1.001100E+0	9.910000E+37	8.091900E+1	1.224681E+39	2.565364E+40	3.863000E+0	9.910000E+37	7.000000E-4	5.000000E+0	2.000000E+2	6.000000E+1	1.000000E+2	1.000000E+1	1.000000E+0	1.230000E+2
2.614938E+1	2.550000E+4	1.519920E+1	8.077700E+1	1.881625E+2	2.584194E+2	3.872000E+0	1.000600E+0	9.910000E+37	8.077700E+1	1.226834E+39	2.559401E+40	3.872000E+0	9.910000E+37	1.000000E-3	5.000000E+0	2.000000E+2	6.000000E+1	1.000000E+2	1.000000E+1	1.000000E+0	1.240000E+2
2.630435E+1	2.600000E+4	1.959610E+1	1.073910E+2	1.824743E+2	2.528698E+2	3.955000E+0	1.000100E+0	9.910000E+37	1.073910E+2	9.227961E+38	2.505689E+40	3.955000E+0	9.910000E+37	1.000000E-3	5.000000E+0	2.000000E+2	6.000000E+1	1.000000E+2	1.000000E+1	1.000000E+0	1.250000E+2
2.645931E+1	2.650000E+4	1.956580E+1	1.077400E+2	1.816020E+2	2.526023E+2	3.958000E+0	9.998000E-1	9.910000E+37	1.077400E+2	9.198069E+38	2.503790E+40	3.958000E+0	9.910000E+37	1.000000E-3	5.000000E+0	2.000000E+2	6.000000E+1	1.000000E+2	1.000000E+1	1.000000E+0	1.260000E+2
2.661432E+1	2.700000E+4	1.954850E+1	1.080120E+2	1.809845E+2	2.500876E+2	3.997000E+0	9.996000E-1	9.910000E+37	1.080120E+2	9.174906E+38	2.479360E+40	3.997000E+0	9.910000E+37	1.000000E-3	5.000000E+0	2.000000E+2	6.000000E+1	1.000000E+2	1.000000E+1	1.000000E+0	1.270000E+2
2.676928E+1	2.600000E+4	1.955140E+1	1.080100E+2	1.810147E+2	2.473906E+2	4.043000E+0	1.000200E+0	9.910000E+37	1.080100E+2	9.175076E+38	2.451150E+40	4.043000E+0	9.910000E+37	1.000000E-3	5.000000E+0	2.000000E+2	6.000000E+1	1.000000E+2	1.000000E+1	1.000000E+0	1.280000E+2
2.692427E+1	2.500000E+4	1.953720E+1	1.081990E+2	1.805673E+2	2.470501E+2	4.051000E+0	1.000800E+0	9.910000E+37	1.081990E+2	9.159050E+38	2.446310E+40	4.051000E+0	9.910000E+37	1.000000E-3	5.000000E+0	2.000000E+2	6.000000E+1	1.000000E+2	1.000000E+1	1.000000E+0	1.290000E+2
2.707923E+1	2.000000E+4	1.537710E+1	8.287400E+1	1.855479E+2	2.478660E+2	4.030000E+0	9.989000E-1	9.910000E+37	8.287400E+1	1.195791E+39	2.459057E+40	4.030000E+0	9.910000E+37	1.000000E-3	5.000000E+0	2.000000E+2	6.000000E+1	1.000000E+2	1.000000E+1	1.000000E+0	1.300000E+2
2.723416E+1	2.000000E+4	1.536970E+1	8.294500E+1	1.852999E+2	2.456153E+2	4.071000E+0	9.999000E-1	9.910000E+37	8.294500E+1	1.194768E+39	2.434291E+40	4.071000E+0	9.910000E+37	1.000000E-3	5.000000E+0	2.000000E+2	6.000000E+1	1.000000E+2	1.000000E+1	1.000000E+0	1.310000E+2
2.738905E+1	1.500000E+4	1.500010E+1	8.079400E+1	1.856586E+2	2.508913E+2	3.983000E+0	9.993000E-1	9.910000E+37	8.079400E+1	1.226576E+39	2.488074E+40	3.983000E+0	9.910000E+37	1.000000E-3	5.000000E+0	2.000000E+2	6.000000E+1	1.000000E+2	1.000000E+1	1.000000E+0	1.320000E+2
2.754396E+1	1.500000E+4	1.499900E+1	8.071300E+1	1.858313E+2	2.522693E+2	3.966000E+0	1.000500E+0	9.910000E+37	8.071300E+1	1.227807E+39	2.498739E+40	3.966000E+0	9.910000E+37	1.000000E-3	5.000000E+0	2.000000E+2	6.000000E+1	1.000000E+2	1.000000E+1	1.000000E+0	1.330000E+2
2.769887E+1	1.500000E+4	1.500060E+1	8.071100E+1	1.858557E+2	2.499500E+2	4.000000E+0	9.998000E-1	9.910000E+37	8.071100E+1	1.227838E+39	2.477500E+40	4.000000E+0	9.910000E+37	1.000000E-3	5.000000E+0	2.000000E+2	6.000000E+1	1.000000E+2	1.000000E+1	1.000000E+0	1.340000E+2
2.785374E+1	1.500000E+4	1.499970E+1	8.070300E+1	1.858630E+2	2.486560E+2	4.018000E+0	9.991000E-1	9.910000E+37	8.070300E+1	1.227959E+39	2.466401E+40	4.018000E+0	9.910000E+37	1.000000E-3	5.000000E+0	2.000000E+2	6.000000E+1	1.000000E+2	1.000000E+1	1.000000E+0	1.350000E+2
2.800867E+1	1.500000E+4	1.499950E+1	8.041000E+1	1.865377E+2	2.512569E+2	3.978000E+0	9.995000E-1	9.910000E+37	8.041000E+1	1.232434E+39	2.491202E+40	3.978000E+0	9.910000E+37	1.000000E-3	5.000000E+0	2.000000E+2	6.000000E+1	1.000000E+2	1.000000E+1	1.000000E+0	1.360000E+2
2.816353E+1	1.500000E+4	1.499970E+1	8.043500E+1	1.864823E+2	2.520262E+2	3.973000E+0	1.001300E+0	9.910000E+37	8.043500E+1	1.232051E+39	2.494337E+40	3.973000E+0	9.910000E+37	1.000000E-3	5.000000E+0	2.000000E+2	6.000000E+1	1.000000E+2	1.000000E+1	1.000000E+0	1.370000E+2
2.831839E+1	1.500000E+4	1.500070E+1	8.045800E+1	1.864414E+2	2.518659E+2	3.966000E+0	9.989000E-1	9.910000E+37	8.045800E+1	1.231699E+39	2.498739E+40	3.966000E+0	9.910000E+37	1.000000E-3	5.000000E+0	2.000000E+2	6.000000E+1	1.000000E+2	1.000000E+1	1.000000E+0	1.380000E+2
2.847330E+1	1.500000E+4	1.500030E+1	8.040400E+1	1.865616E+2	2.499750E+2	4.004000E+0	1.000900E+0	9.910000E+37	8.040400E+1	1.232526E+39	2.475025E+40	4.004000E+0	9.910000E+37	2.000000E-3	5.000000E+0	2.000000E+2	6.000000E+1	1.000000E+2	1.000000E+1	1.000000E+0	1.390000E+2
2.862817E+1	1.500000E+4	1.499950E+1	8.185700E+1	1.832403E+2	2.470443E+2	4.043000E+0	9.988000E-1	9.910000E+37	8.185700E+1	1.210648E+39	2.451150E+40	4.043000E+0	9.910000E+37	2.000000E-3	5.000000E+0	2.000000E+2	6.000000E+1	1.000000E+2	1.000000E+1	1.000000E+0	1.400000E+2
2.878305E+1	1.500000E+4	1.500070E+1	8.194300E+1	1.830626E+2	2.465351E+2	4.055000E+0	9.997000E-1	9.910000E+37	8.194300E+1	1.209377E+39	2.443896E+40	4.055000E+0	9.910000E+37	2.000000E-3	5.000000E+0	2.000000E+2	6.000000E+1	1.000000E+2	1.000000E+1	1.000000E+0	1.410000E+2
2.893797E+1	2.000000E+4	2.000090E+1	1.127150E+2	1.774467E+2	2.428328E+2	4.116000E+0	9.995000E-1	9.910000E+37	1.127150E+2	8.792086E+38	2.407677E+40	4.116000E+0	9.910000E+37	2.000000E-3	5.000000E+0	2.000000E+2	6.000000E+1	1.000000E+2	1.000000E+1	1.000000E+0	1.420000E+2
2.909285E+1	2.000000E+4	1.999970E+1	1.129810E+2	1.770183E+2	2.436616E+2	4.102000E+0	9.995000E-1	9.910000E+37	1.129810E+2	8.771386E+38	2.415895E+40	4.102000E+0	9.910000E+37	2.000000E-3	5.000000E+0	2.000000E+2	6.000000E+1	1.000000E+2	1.000000E+1	1.000000E+0	1.430000E+2
2.924771E+1	2.000000E+4	1.999910E+1	1.131690E+2	1.767189E+2	2.407407E+2	4.158000E+0	1.001000E+0	9.910000E+37	1.131690E+2	8.756815E+38	2.383357E+40	4.158000E+0	9.910000E+37	2.000000E-3	5.000000E+0	2.000000E+2	6.000000E+1	1.000000E+2	1.000000E+1	1.000000E+0	1.440000E+2
2.940263E+1	2.000000E+4	1.999990E+1	1.131960E+2	1.766838E+2	2.407461E+2	4.155000E+0	1.000300E+0	9.910000E+37	1.131960E+2	8.754726E+38	2.385078E+40	4.155000E+0	9.910000E+37	2.000000E-3	5.000000E+0	2.000000E+2	6.000000E+1	1.000000E+2	1.000000E+1	1.000000E+0	1.450000E+2
2.955754E+1	2.000000E+4	2.000040E+1	1.132670E+2	1.765775E+2	2.400384E+2	4.166000E+0	1.000000E+0	9.910000E+37	1.132670E+2	8.749239E+38	2.378781E+40	4.166000E+0	9.910000E+37	2.000000E-3	5.000000E+0	2.000000E+2	6.000000E+1	1.000000E+2	1.000000E+1	1.000000E+0	1.460000E+2
2.971250E+1	2.500000E+4	2.499810E+1	1.465550E+2	1.705715E+2	2.303736E+2	4.336000E+0	9.989000E-1	9.910000E+37	1.465550E+2	6.761966E+38	2.285517E+40	4.336000E+0	9.910000E+37	2.000000E-3	5.000000E+0	2.000000E+2	6.000000E+1	1.000000E+2	1.000000E+1	1.000000E+0	1.470000E+2
2.986749E+1	2.500000E+4	2.499840E+1	1.473260E+2	1.696808E+2	2.315363E+2	4.322000E+0	1.000700E+0	9.910000E+37	1.473260E+2	6.726579E+38	2.292920E+40	4.322000E+0	9.910000E+37	2.000000E-3	5.000000E+0	2.000000E+2	6.000000E+1	1.000000E+2	1.000000E+1	1.000000E+0	1.480000E+2
3.002245E+1	2.500000E+4	2.499680E+1	1.475540E+2	1.694078E+2	2.303687E+2	4.340000E+0	9.998000E-1	9.910000E+37	1.475540E+2	6.716185E+38	2.283410E+40	4.340000E+0	9.910000E+37	2.000000E-3	5.000000E+0	2.000000E+2	6.000000E+1	1.000000E+2	1.000000E+1	1.000000E+0	1.490000E+2
3.017739E+1	2.500000E+4	2.499810E+1	1.474500E+2	1.695361E+2	2.310408E+2	4.333000E+0	1.001100E+0	9.910000E+37	1.474500E+2	6.720922E+38	2.287099E+40	4.333000E+0	9.910000E+37	2.000000E-3	5.000000E+0	2.000000E+2	6.000000E+1	1.000000E+2	1.000000E+1	1.000000E+0	1.500000E+2
3.033238E+1	2.500000E+4	2.499910E+1	1.475670E+2	1.694085E+2	2.299012E+2	4.351000E+0	1.000300E+0	9.910000E+37	1.475670E+2	6.715594E+38	2.277637E+40	4.351000E+0	9.910000E+37	2.000000E-3	5.000000E+0	2.000000E+2	6.000000E+1	1.000000E+2	1.000000E+1	1.000000E+0	1.510000E+2
3.048738E+1	2.600000E+4	2.599910E+1	1.536630E+2	1.691956E+2	2.306805E+2	4.335000E+0	1.000000E+0	9.910000E+37	1.536630E+2	6.449178E+38	2.286044E+40	4.335000E+0	9.910000E+37	2.000000E-3	5.000000E+0	2.000000E+2	6.000000E+1	1.000000E+2	1.000000E+1	1.000000E+0	1.520000E+2
3.064244E+1	2.700000E+4	2.699530E+1	1.607030E+2	1.679826E+2	2.288396E+2	4.369000E+0	9.998000E-1	9.910000E+37	1.607030E+2	6.166655E+38	2.268254E+40	4.369000E+0	9.910000E+37	2.000000E-3	5.000000E+0	2.000000E+2	6.000000E+1	1.000000E+2	1.000000E+1	1.000000E+0	1.530000E+2
3.079741E+1	2.800000E+4	2.769850E+1	1.647420E+2	1.681326E+2	2.264959E+2	4.412000E+0	9.993000E-1	9.910000E+37	1.647420E+2	6.015467E+38	2.246147E+40	4.412000E+0	9.910000E+37	2.000000E-3	5.000000E+0	2.000000E+2	6.000000E+1	1.000000E+2	1.000000E+1	1.000000E+0	1.540000E+2
3.095237E+1	2.900000E+4	2.761110E+1	1.655800E+2	1.667538E+2	2.190236E+2	4.568000E+0	1.000500E+0	9.910000E+37	1.655800E+2	5.985022E+38	2.169440E+40	4.568000E+0	9.910000E+37	2.000000E-3	5.000000E+0	2.000000E+2	6.000000E+1	1.000000E+2	1.000000E+1	1.000000E+0	1.550000E+2
3.110733E+1	2.900000E+4	2.751210E+1	1.656590E+2	1.660767E+2	2.189568E+2	4.563000E+0	9.991000E-1	9.910000E+37	1.656590E+2	5.982168E+38	2.171817E+40	4.563000E+0	9.910000E+37	2.000000E-3	5.000000E+0	2.000000E+2	6.000000E+1	1.000000E+2	1.000000E+1	1.000000E+0	1.560000E+2
3.126232E+1	2.900000E+4	2.754110E+1	1.656890E+2	1.662217E+2	2.225885E+2	4.489000E+0	9.992000E-1	9.910000E+37	1.656890E+2	5.981085E+38	2.207619E+40	4.489000E+0	9.910000E+37	2.000000E-3	5.000000E+0	2.000000E+2	6.000000E+1	1.000000E+2	1.000000E+1	1.000000E+0	1.570000E+2
3.141730E+1	2.900000E+4	2.760310E+1	1.645090E+2	1.677908E+2	2.258348E+2	4.432000E+0	1.000900E+0	9.910000E+37	1.645090E+2	6.023987E+38	2.236011E+40	4.432000E+0	9.910000E+37	2.000000E-3	5.000000E+0	2.000000E+2	6.000000E+1	1.000000E+2	1.000000E+1	1.000000E+0	1.580000E+2
3.157226E+1	2.900000E+4	2.764470E+1	1.648140E+2	1.677327E+2	2.268890E+2	4.407000E+0	9.999000E-1	9.910000E+37	1.648140E+2	6.012839E+38	2.248695E+40	4.407000E+0	9.910000E+37	2.000000E-3	5.000000E+0	2.000000E+2	6.000000E+1	1.000000E+2	1.000000E+1	1.000000E+0	1.590000E+2
3.172726E+1	2.900000E+4	2.765600E+1	1.651540E+2	1.674558E+2	2.248482E+2	4.447000E+0	9.999000E-1	9.910000E+37	1.651540E+2	6.000460E+38	2.228469E+40	4.447000E+0	9.910000E+37	2.000000E-3	5.000000E+0	2.000000E+2	6.000000E+1	1.000000E+2	1.000000E+1	1.000000E+0	1.600000E+2
3.188224E+1	2.900000E+4	2.765650E+1	1.651420E+2	1.674710E+2	2.259100E+2	4.423000E+0	9.992000E-1	9.910000E+37	1.651420E+2	6.000896E+38	2.240561E+40	4.423000E+0	9.910000E+37	2.000000E-3	5.000000E+0	2.000000E+2	6.000000E+1	1.000000E+2	1.000000E+1	1.000000E+0	1.610000E+2
3.203720E+1	2.900000E+4	2.766520E+1	1.649200E+2	1.677492E+2	2.236294E+2	4.469000E+0	9.994000E-1	9.910000E+37	1.649200E+2	6.008974E+38	2.217498E+40	4.469000E+0	9.910000E+37	2.000000E-3	5.000000E+0	2.000000E+2	6.000000E+1	1.000000E+2	1.000000E+1	1.000000E+0	1.620000E+2
3.219214E+1	2.900000E+4	2.899160E+1	1.816860E+2	1.595698E+2	2.272211E+2	4.401000E+0	1.000000E+0	9.910000E+37	1.816860E+2	5.454465E+38	2.251761E+40	4.401000E+0	9.910000E+37	4.000000E-3	5.000000E+0	2.000000E+2	6.000000E+1	1.000000E+2	1.000000E+1	1.000000E+0	1.630000E+2
3.234712E+1	2.900000E+4	2.899410E+1	1.827550E+2	1.586501E+2	2.301174E+2	4.343000E+0	9.994000E-1	9.910000E+37	1.827550E+2	5.422560E+38	2.281833E+40	4.343000E+0	9.910000E+37	4.000000E-3	5.000000E+0	2.000000E+2	6.000000E+1	1.000000E+2	1.000000E+1	1.000000E+0	1.640000E+2
3.250283E+1	3.000000E+4	2.998710E+1	1.904920E+2	1.574192E+2	2.253832E+2	4.436000E+0	9.998000E-1	9.910000E+37	1.904920E+2	5.202318E+38	2.233995E+40	4.436000E+0	9.910000E+37	4.000000E-3	5.000000E+0	2.000000E+2	6.000000E+1	1.000000E+2	1.000000E+1	1.000000E+0	1.650000E+2
3.265783E+1	3.100000E+4	3.098730E+1	1.974650E+2	1.569255E+2	2.253664E+2	4.435000E+0	9.995000E-1	9.910000E+37	1.974650E+2	5.018611E+38	2.234498E+40	4.435000E+0	9.910000E+37	4.000000E-3	5.000000E+0	2.000000E+2	6.000000E+1	1.000000E+2	1.000000E+1	1.000000E+0	1.660000E+2
3.281279E+1	3.200000E+4	3.116570E+1	1.989260E+2	1.566698E+2	2.260742E+2	4.422000E+0	9.997000E-1	9.910000E+37	1.989260E+2	4.981752E+38	2.241067E+40	4.422000E+0	9.910000E+37	4.000000E-3	5.000000E+0	2.000000E+2	6.000000E+1	1.000000E+2	1.000000E+1	1.000000E+0	1.670000E+2
3.296777E+1	3.300000E+4	3.108820E+1	1.996650E+2	1.557018E+2	2.224027E+2	4.495000E+0	9.997000E-1	9.910000E+37	1.996650E+2	4.963314E+38	2.204672E+40	4.495000E+0	9.910000E+37	4.000000E-3	5.000000E+0	2.000000E+2	6.000000E+1	1.000000E+2	1.000000E+1	1.000000E+0	1.680000E+2
3.312278E+1	3.400000E+4	3.116670E+1	2.019290E+2	1.543448E+2	2.272727E+2	4.400000E+0	1.000000E+0	9.910000E+37	2.019290E+2	4.907666E+38	2.252273E+40	4.400000E+0	9.910000E+37	5.000000E-3	5.000000E+0	2.000000E+2	6.000000E+1	1.000000E+2	1.000000E+1	1.000000E+0	1.690000E+2
3.327777E+1	3.500000E+4	3.112780E+1	2.016680E+2	1.543517E+2	2.284148E+2	4.378000E+0	1.000000E+0	9.910000E+37	2.016680E+2	4.914017E+38	2.263591E+40	4.378000E+0	9.910000E+37	5.000000E-3	5.000000E+0	2.000000E+2	6.000000E+1	1.000000E+2	1.000000E+1	1.000000E+0	1.700000E+2
3.343276E+1	3.500000E+4	3.499950E+1	2.387200E+2	1.466132E+2	2.231748E+2	4.479000E+0	9.996000E-1	9.910000E+37	2.387200E+2	4.151307E+38	2.212547E+40	4.479000E+0	9.910000E+37	5.000000E-3	5.000000E+0	4.000000E+2	6.000000E+1	1.000000E+2	1.000000E+1	1.000000E+0	1.710000E+2
3.358777E+1	3.500000E+4	3.499990E+1	2.405320E+2	1.455104E+2	2.240098E+2	4.469000E+0	1.001100E+0	9.910000E+37	2.405320E+2	4.120034E+38	2.217498E+40	4.469000E+0	9.910000E+37	5.000000E-3	5.000000E+0	4.000000E+2	6.000000E+1	1.000000E+2	1.000000E+1	1.000000E+0	1.720000E+2
3.374275E+1	3.500000E+4	3.500010E+1	2.403920E+2	1.455959E+2	2.181164E+2	4.587000E+0	1.000500E+0	9.910000E+37	2.403920E+2	4.122433E+38	2.160453E+40	4.587000E+0	9.910000E+37	2.000000E-3	5.000000E+0	4.000000E+2	6.000000E+1	1.000000E+2	1.000000E+1	1.000000E+0	1.730000E+2
3.389776E+1	3.500000E+4	3.500020E+1	2.238220E+2	1.563752E+2	2.088898E+2	4.792000E+0	1.001000E+0	9.910000E+37	2.238220E+2	4.427626E+38	2.068030E+40	4.792000E+0	9.910000E+37	2.000000E-3	5.000000E+0	4.000000E+2	6.000000E+1	1.000000E+2	1.000000E+1	1.000000E+0	1.740000E+2
3.405275E+1	3.500000E+4	3.500020E+1	2.242150E+2	1.561011E+2	2.102521E+2	4.760000E+0	1.000800E+0	9.910000E+37	2.242150E+2	4.419865E+38	2.081933E+40	4.760000E+0	9.910000E+37	2.000000E-3	5.000000E+0	4.000000E+2	6.000000E+1	1.000000E+2	1.000000E+1	1.000000E+0	1.750000E+2
3.420772E+1	3.500000E+4	3.499860E+1	2.238950E+2	1.563170E+2	2.132892E+2	4.688000E+0	9.999000E-1	9.910000E+37	2.238950E+2	4.426182E+38	2.113908E+40	4.688000E+0	9.910000E+37	2.000000E-3	5.000000E+0	4.000000E+2	6.000000E+1	1.000000E+2	1.000000E+1	1.000000E+0	1.760000E+2
3.436272E+1	3.500000E+4	3.499940E+1	2.238180E+2	1.563744E+2	2.142980E+2	4.665000E+0	9.997000E-1	9.910000E+37	2.238180E+2	4.427705E+38	2.124330E+40	4.665000E+0	9.910000E+37	2.000000E-3	5.000000E+0	4.000000E+2	6.000000E+1	1.000000E+2	1.000000E+1	1.000000E+0	1.770000E+2
3.451774E+1	3.500000E+4	3.499920E+1	2.237920E+2	1.563916E+2	2.123937E+2	4.704000E+0	9.991000E-1	9.910000E+37	2.237920E+2	4.428219E+38	2.106718E+40	4.704000E+0	9.910000E+37	2.000000E-3	5.000000E+0	4.000000E+2	6.000000E+1	1.000000E+2	1.000000E+1	1.000000E+0	1.780000E+2
3.467272E+1	3.500000E+4	3.499960E+1	2.238390E+2	1.563606E+2	2.126009E+2	4.706000E+0	1.000500E+0	9.910000E+37	2.238390E+2	4.427289E+38	2.105822E+40	4.706000E+0	9.910000E+37	2.000000E-3	5.000000E+0	4.000000E+2	6.000000E+1	1.000000E+2	1.000000E+1	1.000000E+0	1.790000E+2
3.482769E+1	3.600000E+4	3.599940E+1	2.317320E+2	1.553493E+2	2.138705E+2	4.679000E+0	1.000700E+0	9.910000E+37	2.317320E+2	4.276492E+38	2.117974E+40	4.679000E+0	9.910000E+37	2.000000E-3	5.000000E+0	4.000000E+2	6.000000E+1	1.000000E+2	1.000000E+1	1.000000E+0	1.800000E+2
3.498268E+1	3.700000E+4	3.700110E+1	2.388580E+2	1.549084E+2	2.142612E+2	4.663000E+0	9.991000E-1	9.910000E+37	2.388580E+2	4.148909E+38	2.125241E+40	4.663000E+0	9.910000E+37	2.000000E-3	5.000000E+0	4.000000E+2	6.000000E+1	1.000000E+2	1.000000E+1	1.000000E+0	1.810000E+2
3.513784E+1	3.800000E+4	3.799950E+1	2.465940E+2	1.540974E+2	2.163385E+2	4.621000E+0	9.997000E-1	9.910000E+37	2.465940E+2	4.018751E+38	2.144557E+40	4.621000E+0	9.910000E+37	2.000000E-3	5.000000E+0	4.000000E+2	6.000000E+1	1.000000E+2	1.000000E+1	1.000000E+0	1.820000E+2
3.529307E+1	3.900000E+4	3.900060E+1	2.545610E+2	1.532073E+2	2.180707E+2	4.582000E+0	9.992000E-1	9.910000E+37	2.545610E+2	3.892977E+38	2.162811E+40	4.582000E+0	9.910000E+37	2.000000E-3	5.000000E+0	4.000000E+2	6.000000E+1	1.000000E+2	1.000000E+1	1.000000E+0	1.830000E+2
3.544804E+1	4.000000E+4	4.000080E+1	2.619860E+2	1.526830E+2	2.183665E+2	4.579000E+0	9.999000E-1	9.910000E+37	2.619860E+2	3.782645E+38	2.164228E+40	4.579000E+0	9.910000E+37	2.000000E-3	5.000000E+0	4.000000E+2	6.000000E+1	1.000000E+2	1.000000E+1	1.000000E+0	1.840000E+2
3.560302E+1	4.100000E+4	4.099790E+1	2.694560E+2	1.521506E+2	2.199120E+2	4.545000E+0	9.995000E-1	9.910000E+37	2.694560E+2	3.677780E+38	2.180418E+40	4.545000E+0	9.910000E+37	2.000000E-3	5.000000E+0	4.000000E+2	6.000000E+1	1.000000E+2	1.000000E+1	1.000000E+0	1.850000E+2
3.575798E+1	4.200000E+4	4.199990E+1	2.774820E+2	1.513608E+2	2.158099E+2	4.630000E+0	9.992000E-1	9.910000E+37	2.774820E+2	3.571403E+38	2.140389E+40	4.630000E+0	9.910000E+37	2.000000E-3	5.000000E+0	4.000000E+2	6.000000E+1	1.000000E+2	1.000000E+1	1.000000E+0	1.860000E+2
3.591310E+1	4.300000E+4	4.299980E+1	2.863250E+2	1.501783E+2	2.171515E+2	4.606000E+0	1.000200E+0	9.910000E+37	2.863250E+2	3.461102E+38	2.151541E+40	4.606000E+0	9.910000E+37	2.000000E-3	5.000000E+0	4.000000E+2	6.000000E+1	1.000000E+2	1.000000E+1	1.000000E+0	1.870000E+2
3.606818E+1	4.400000E+4	4.400070E+1	2.928130E+2	1.502689E+2	2.171664E+2	4.602000E+0	9.994000E-1	9.910000E+37	2.928130E+2	3.384413E+38	2.153412E+40	4.602000E+0	9.910000E+37	2.000000E-3	5.000000E+0	4.000000E+2	6.000000E+1	1.000000E+2	1.000000E+1	1.000000E+0	1.880000E+2
3.622327E+1	4.500000E+4	4.499940E+1	3.006820E+2	1.496578E+2	2.215426E+2	4.512000E+0	9.996000E-1	9.910000E+37	3.006820E+2	3.295841E+38	2.196365E+40	4.512000E+0	9.910000E+37	2.000000E-3	5.000000E+0	4.000000E+2	6.000000E+1	1.000000E+2	1.000000E+1	1.000000E+0	1.890000E+2
3.637840E+1	4.600000E+4	4.600030E+1	3.094940E+2	1.486307E+2	2.181798E+2	4.582000E+0	9.997000E-1	9.910000E+37	3.094940E+2	3.202001E+38	2.162811E+40	4.582000E+0	9.910000E+37	2.000000E-3	5.000000E+0	4.000000E+2	6.000000E+1	1.000000E+2	1.000000E+1	1.000000E+0	1.900000E+2
3.653344E+1	4.700000E+4	4.699890E+1	3.180010E+2	1.477948E+2	2.151398E+2	4.650000E+0	1.000400E+0	9.910000E+37	3.180010E+2	3.116342E+38	2.131183E+40	4.650000E+0	9.910000E+37	2.000000E-3	5.000000E+0	4.000000E+2	6.000000E+1	1.000000E+2	1.000000E+1	1.000000E+0	1.910000E+2
3.668852E+1	4.800000E+4	4.799860E+1	3.261790E+2	1.471542E+2	2.159905E+2	4.634000E+0	1.000900E+0	9.910000E+37	3.261790E+2	3.038209E+38	2.138541E+40	4.634000E+0	9.910000E+37	2.000000E-3	5.000000E+0	4.000000E+2	8.000000E+1	1.000000E+2	1.000000E+1	1.000000E+0	1.920000E+2
3.684359E+1	4.900000E+4	4.900050E+1	3.340610E+2	1.466813E+2	2.151183E+2	4.650000E+0	1.000300E+0	9.910000E+37	3.340610E+2	2.966524E+38	2.131183E+40	4.650000E+0	9.910000E+37	2.000000E-3	5.000000E+0	4.000000E+2	8.000000E+1	1.000000E+2	1.000000E+1	1.000000E+0	1.930000E+2
3.699867E+1	5.000000E+4	4.999890E+1	3.413800E+2	1.464611E+2	2.157168E+2	4.632000E+0	9.992000E-1	9.910000E+37	3.413800E+2	2.902923E+38	2.139465E+40	4.632000E+0	9.910000E+37	2.000000E-3	5.000000E+0	4.000000E+2	8.000000E+1	1.000000E+2	1.000000E+1	1.000000E+0	1.940000E+2
3.715374E+1	5.000000E+4	4.999910E+1	3.419970E+2	1.461975E+2	2.159111E+2	4.632000E+0	1.000100E+0	9.910000E+37	3.419970E+2	2.897686E+38	2.139465E+40	4.632000E+0	9.910000E+37	2.000000E-3	5.000000E+0	4.000000E+2	8.000000E+1	1.000000E+2	1.000000E+1	1.000000E+0	1.950000E+2
3.730887E+1	4.900000E+4	4.900070E+1	3.337500E+2	1.468186E+2	2.152272E+2	4.643000E+0	9.993000E-1	9.910000E+37	3.337500E+2	2.969288E+38	2.134396E+40	4.643000E+0	9.910000E+37	2.000000E-3	5.000000E+0	4.000000E+2	8.000000E+1	1.000000E+2	1.000000E+1	1.000000E+0	1.960000E+2
3.746394E+1	4.800000E+4	4.800000E+1	3.261040E+2	1.471923E+2	2.143745E+2	4.668000E+0	1.000700E+0	9.910000E+37	3.261040E+2	3.038908E+38	2.122965E+40	4.668000E+0	9.910000E+37	2.000000E-3	5.000000E+0	4.000000E+2	8.000000E+1	1.000000E+2	1.000000E+1	1.000000E+0	1.970000E+2
3.761902E+1	4.700000E+4	4.699700E+1	3.173490E+2	1.480925E+2	2.192586E+2	4.559000E+0	9.996000E-1	9.910000E+37	3.173490E+2	3.122745E+38	2.173722E+40	4.559000E+0	9.910000E+37	2.000000E-3	5.000000E+0	4.000000E+2	8.000000E+1	1.000000E+2	1.000000E+1	1.000000E+0	1.980000E+2
3.777409E+1	4.600000E+4	4.600010E+1	3.095220E+2	1.486166E+2	2.176279E+2	4.595000E+0	1.000000E+0	9.910000E+37	3.095220E+2	3.201711E+38	2.156692E+40	4.595000E+0	9.910000E+37	2.000000E-3	5.000000E+0	4.000000E+2	8.000000E+1	1.000000E+2	1.000000E+1	1.000000E+0	1.990000E+2
3.792925E+1	4.700000E+4	4.699960E+1	3.181050E+2	1.477487E+2	2.127393E+2	4.702000E+0	1.000300E+0	9.910000E+37	3.181050E+2	3.115324E+38	2.107614E+40	4.702000E+0	9.910000E+37	2.000000E-3	5.000000E+0	4.000000E+2	8.000000E+1	1.000000E+2	1.000000E+1	1.000000E+0	2.000000E+2
3.808433E+1	4.800000E+4	4.800090E+1	3.258090E+2	1.473283E+2	2.110900E+2	4.743000E+0	1.001200E+0	9.910000E+37	3.258090E+2	3.041659E+38	2.089395E+40	4.743000E+0	9.910000E+37	2.000000E-3	5.000000E+0	4.000000E+2	8.000000E+1	1.000000E+2	1.000000E+1	1.000000E+0	2.010000E+2
3.823944E+1	4.900000E+4	4.899910E+1	3.333840E+2	1.469750E+2	2.209806E+2	4.528000E+0	1.000600E+0	9.910000E+37	3.333840E+2	2.972548E+38	2.188604E+40	4.528000E+0	9.910000E+37	2.000000E-3	5.000000E+0	4.000000E+2	8.000000E+1	1.000000E+2	1.000000E+1	1.000000E+0	2.020000E+2
3.839455E+1	5.000000E+4	5.000050E+1	3.402130E+2	1.469682E+2	2.156102E+2	4.638000E+0	1.000000E+0	9.910000E+37	3.402130E+2	2.912881E+38	2.136697E+40	4.638000E+0	9.910000E+37	2.000000E-3	5.000000E+0	4.000000E+2	8.000000E+1	1.000000E+2	1.000000E+1	1.000000E+0	2.030000E+2
3.854965E+1	5.100000E+4	5.099900E+1	3.481020E+2	1.465059E+2	2.145248E+2	4.661000E+0	9.999000E-1	9.910000E+37	3.481020E+2	2.846867E+38	2.126153E+40	4.661000E+0	9.910000E+37	2.000000E-3	5.000000E+0	4.000000E+2	8.000000E+1	1.000000E+2	1.000000E+1	1.000000E+0	2.040000E+2
3.870476E+1	5.200000E+4	5.199660E+1	3.780120E+2	1.375528E+2	2.179420E+2	4.587000E+0	9.997000E-1	9.910000E+37	3.780120E+2	2.621610E+38	2.160453E+40	4.587000E+0	9.910000E+37	3.000000E-3	5.000000E+0	4.000000E+2	8.000000E+1	1.000000E+2	1.000000E+1	1.000000E+0	2.050000E+2
3.885986E+1	5.300000E+4	5.298390E+1	3.930290E+2	1.348091E+2	2.104544E+2	4.754000E+0	1.000500E+0	9.910000E+37	3.930290E+2	2.521442E+38	2.084560E+40	4.754000E+0	9.910000E+37	3.000000E-3	5.000000E+0	4.000000E+2	8.000000E+1	1.000000E+2	1.000000E+1	1.000000E+0	2.060000E+2
3.901495E+1	5.400000E+4	5.398630E+1	3.975010E+2	1.358142E+2	2.145462E+2	4.661000E+0	1.000000E+0	9.910000E+37	3.975010E+2	2.493075E+38	2.126153E+40	4.661000E+0	9.910000E+37	3.000000E-3	5.000000E+0	4.000000E+2	8.000000E+1	1.000000E+2	1.000000E+1	1.000000E+0	2.070000E+2
3.917009E+1	5.500000E+4	5.389220E+1	3.992310E+2	1.349900E+2	2.102456E+2	4.763000E+0	1.001400E+0	9.910000E+37	3.992310E+2	2.482272E+38	2.080621E+40	4.763000E+0	9.910000E+37	3.000000E-3	5.000000E+0	6.000000E+2	8.000000E+1	1.000000E+2	1.000000E+1	1.000000E+0	2.080000E+2
3.932517E+1	5.600000E+4	5.599900E+1	4.317650E+2	1.296979E+2	2.209133E+2	4.533000E+0	1.001400E+0	9.910000E+37	4.317650E+2	2.295230E+38	2.186190E+40	4.533000E+0	9.910000E+37	3.000000E-3	5.000000E+0	6.000000E+2	8.000000E+1	1.000000E+2	1.000000E+1	1.000000E+0	2.090000E+2
3.948024E+1	5.700000E+4	5.700000E+1	4.388630E+2	1.298811E+2	2.126329E+2	4.702000E+0	9.998000E-1	9.910000E+37	4.388630E+2	2.258108E+38	2.107614E+40	4.702000E+0	9.910000E+37	3.000000E-3	5.000000E+0	6.000000E+2	8.000000E+1	1.000000E+2	1.000000E+1	1.000000E+0	2.100000E+2
3.963535E+1	5.800000E+4	5.800090E+1	4.489560E+2	1.291906E+2	2.095328E+2	4.773000E+0	1.000100E+0	9.910000E+37	4.489560E+2	2.207343E+38	2.076262E+40	4.773000E+0	9.910000E+37	3.000000E-3	5.000000E+0	6.000000E+2	8.000000E+1	1.000000E+2	1.000000E+1	1.000000E+0	2.110000E+2
3.979044E+1	5.900000E+4	5.900150E+1	4.588830E+2	1.285763E+2	2.228591E+2	4.484000E+0	9.993000E-1	9.910000E+37	4.588830E+2	2.159592E+38	2.210080E+40	4.484000E+0	9.910000E+37	3.000000E-3	5.000000E+0	6.000000E+2	8.000000E+1	1.000000E+2	1.000000E+1	1.000000E+0	2.120000E+2
3.994553E+1	6.000000E+4	5.999940E+1	4.679170E+2	1.282266E+2	2.816413E+2	3.546000E+0	9.987000E-1	9.910000E+37	4.679170E+2	2.117897E+38	2.794698E+40	3.546000E+0	9.910000E+37	3.000000E-3	5.000000E+0	6.000000E+2	8.000000E+1	1.000000E+2	1.000000E+1	1.000000E+0	2.130000E+2
4.010101E+1	6.100000E+4	6.099840E+1	4.718710E+2	1.292692E+2	1.023541E+3	9.770000E-1	1.000000E+0	9.910000E+37	4.718710E+2	2.100150E+38	1.014330E+41	9.770000E-1	9.910000E+37	3.000000E-3	5.000000E+0	6.000000E+2	8.000000E+1	1.000000E+2	1.000000E+1	1.000000E+0	2.140000E+2
4.025650E+1	6.200000E+4	6.200050E+1	4.811750E+2	1.288523E+2	5.128718E+3	1.950000E-1	1.000100E+0	9.910000E+37	4.811750E+2	2.059542E+38	5.082051E+41	1.950000E-1	9.910000E+37	3.000000E-3	5.000000E+0	6.000000E+2	8.000000E+1	1.000000E+2	1.000000E+1	1.000000E+0	2.150000E+2
4.041159E+1	6.300000E+4	6.299860E+1	4.783930E+2	1.316880E+2	7.812500E+3	1.280000E-1	1.000000E+0	9.910000E+37	4.783930E+2	2.071519E+38	7.742188E+41	1.280000E-1	9.910000E+37	3.000000E-3	5.000000E+0	6.000000E+2	8.000000E+1	1.000000E+2	1.000000E+1	1.000000E+0	2.160000E+2
4.056670E+1	6.400000E+4	6.400060E+1	4.820640E+2	1.327637E+2	-1.062447E+4	-9.400000E-2	9.987000E-1	9.910000E+37	4.820640E+2	2.055744E+38	-1.054255E+42	-9.400000E-2	9.910000E+37	3.000000E-3	5.000000E+0	6.000000E+2	8.000000E+1	1.000000E+2	1.000000E+1	1.000000E+0	2.170000E+2
4.072176E+1	6.500000E+4	6.499980E+1	4.965010E+2	1.309157E+2	-7.934921E+3	-1.260000E-1	9.998000E-1	9.910000E+37	4.965010E+2	1.995968E+38	-7.865079E+41	-1.260000E-1	9.910000E+37	3.000000E-3	5.000000E+0	6.000000E+2	8.000000E+1	1.000000E+2	1.000000E+1	1.000000E+0	2.180000E+2
4.087684E+1	6.600000E+4	6.599870E+1	5.260640E+2	1.254575E+2	3.843462E+4	2.600000E-2	9.993000E-1	9.910000E+37	5.260640E+2	1.883801E+38	3.811538E+42	2.600000E-2	9.910000E+37	3.000000E-3	5.000000E+0	6.000000E+2	8.000000E+1	1.000000E+2	1.000000E+1	1.000000E+0	2.190000E+2
4.103191E+1	6.700000E+4	6.700070E+1	5.324650E+2	1.258312E+2	9.105455E+4	1.100000E-2	1.001600E+0	9.910000E+37	5.324650E+2	1.861155E+38	9.009091E+42	1.100000E-2	9.910000E+37	3.000000E-3	5.000000E+0	6.000000E+2	8.000000E+1	1.000000E+2	1.000000E+1	1.000000E+0	2.200000E+2
4.118701E+1	6.800000E+4	6.799870E+1	5.178890E+2	1.312998E+2	-2.083958E+4	-4.800000E-2	1.000300E+0	9.910000E+37	5.178890E+2	1.913537E+38	-2.064583E+42	-4.800000E-2	9.910000E+37	3.000000E-3	5.000000E+0	6.000000E+2	8.000000E+1	1.000000E+2	1.000000E+1	1.000000E+0	2.210000E+2
4.134210E+1	6.900000E+4	6.899820E+1	5.320180E+2	1.296915E+2	-9.177982E+3	-1.090000E-1	1.000400E+0	9.910000E+37	5.320180E+2	1.862719E+38	-9.091743E+41	-1.090000E-1	9.910000E+37	3.000000E-3	5.000000E+0	6.000000E+2	8.000000E+1	1.000000E+2	1.000000E+1	1.000000E+0	2.220000E+2
4.149719E+1	7.000000E+4	7.000080E+1	5.341610E+2	1.310481E+2	-8.403361E+3	-1.190000E-1	1.000000E+0	9.910000E+37	5.341610E+2	1.855246E+38	-8.327731E+41	-1.190000E-1	9.910000E+37	3.000000E-3	5.000000E+0	6.000000E+2	8.000000E+1	1.000000E+2	1.000000E+1	1.000000E+0	2.230000E+2
4.165230E+1	7.100000E+4	7.099960E+1	5.466100E+2	1.298908E+2	-9.265741E+3	-1.080000E-1	1.000700E+0	9.910000E+37	5.466100E+2	1.812993E+38	-9.175926E+41	-1.080000E-1	9.910000E+37	3.000000E-3	5.000000E+0	6.000000E+2	8.000000E+1	1.000000E+2	1.000000E+1	1.000000E+0	2.240000E+2
4.180741E+1	7.200000E+4	7.199710E+1	5.549260E+2	1.297418E+2	-7.756589E+3	-1.290000E-1	1.000600E+0	9.910000E+37	5.549260E+2	1.785824E+38	-7.682171E+41	-1.290000E-1	9.910000E+37	3.000000E-3	5.000000E+0	6.000000E+2	8.000000E+1	1.000000E+2	1.000000E+1	1.000000E+0	2.250000E+2
4.196253E+1	7.300000E+4	7.299960E+1	5.520870E+2	1.322248E+2	-1.135227E+4	-8.800000E-2	9.990000E-1	9.910000E+37	5.520870E+2	1.795007E+38	-1.126136E+42	-8.800000E-2	9.910000E+37	3.000000E-3	5.000000E+0	6.000000E+2	8.000000E+1	1.000000E+2	1.000000E+1	1.000000E+0	2.260000E+2
4.211758E+1	7.400000E+4	7.399930E+1	5.410060E+2	1.367809E+2	-6.756081E+3	-1.480000E-1	9.999000E-1	9.910000E+37	5.410060E+2	1.831773E+38	-6.695946E+41	-1.480000E-1	9.910000E+37	3.000000E-3	5.000000E+0	6.000000E+2	8.000000E+1	1.000000E+2	1.000000E+1	1.000000E+0	2.270000E+2
4.227267E+1	7.500000E+4	7.499660E+1	5.612780E+2	1.336176E+2	-6.446452E+3	-1.550000E-1	9.992000E-1	9.910000E+37	5.612780E+2	1.765613E+38	-6.393548E+41	-1.550000E-1	9.910000E+37	3.000000E-3	5.000000E+0	6.000000E+2	8.000000E+1	1.000000E+2	1.000000E+1	1.000000E+0	2.280000E+2
4.242779E+1	7.600000E+4	7.599800E+1	5.729960E+2	1.326327E+2	-6.021084E+3	-1.660000E-1	9.995000E-1	9.910000E+37	5.729960E+2	1.729506E+38	-5.969880E+41	-1.660000E-1	9.910000E+37	3.000000E-3	5.000000E+0	6.000000E+2	8.000000E+1	1.000000E+2	1.000000E+1	1.000000E+0	2.290000E+2
4.258289E+1	7.700000E+4	7.699350E+1	5.766010E+2	1.335299E+2	-7.459701E+3	-1.340000E-1	9.996000E-1	9.910000E+37	5.766010E+2	1.718693E+38	-7.395522E+41	-1.340000E-1	9.910000E+37	3.000000E-3	5.000000E+0	6.000000E+2	8.000000E+1	1.000000E+2	1.000000E+1	1.000000E+0	2.300000E+2
4.273799E+1	7.800000E+4	7.799610E+1	5.776250E+2	1.350290E+2	-8.693043E+3	-1.150000E-1	9.997000E-1	9.910000E+37	5.776250E+2	1.715646E+38	-8.617391E+41	-1.150000E-1	9.910000E+37	3.000000E-3	5.000000E+0	6.000000E+2	8.000000E+1	1.000000E+2	1.000000E+1	1.000000E+0	2.310000E+2
4.289309E+1	7.900000E+4	7.866460E+1	6.101380E+2	1.289292E+2	-9.080909E+3	-1.100000E-1	9.989000E-1	9.910000E+37	6.101380E+2	1.624223E+38	-9.009091E+41	-1.100000E-1	9.910000E+37	3.000000E-3	5.000000E+0	6.000000E+2	8.000000E+1	1.000000E+2	1.000000E+1	1.000000E+0	2.320000E+2
4.304816E+1	8.000000E+4	7.989410E+1	6.074300E+2	1.315281E+2	-7.930159E+3	-1.260000E-1	9.992000E-1	9.910000E+37	6.074300E+2	1.631464E+38	-7.865079E+41	-1.260000E-1	9.910000E+37	3.000000E-3	5.000000E+0	6.000000E+2	8.000000E+1	1.000000E+2	1.000000E+1	1.000000E+0	2.330000E+2
4.320322E+1	8.100000E+4	8.088560E+1	6.148190E+2	1.315600E+2	-6.843836E+3	-1.460000E-1	9.992000E-1	9.910000E+37	6.148190E+2	1.611856E+38	-6.787671E+41	-1.460000E-1	9.910000E+37	3.000000E-3	5.000000E+0	6.000000E+2	8.000000E+1	1.000000E+2	1.000000E+1	1.000000E+0	2.340000E+2
4.335831E+1	8.200000E+4	8.176420E+1	6.059530E+2	1.349349E+2	-8.616379E+3	-1.160000E-1	9.995000E-1	9.910000E+37	6.059530E+2	1.635440E+38	-8.543103E+41	-1.160000E-1	9.910000E+37	3.000000E-3	5.000000E+0	6.000000E+2	8.000000E+1	1.000000E+2	1.000000E+1	1.000000E+0	2.350000E+2
4.351339E+1	8.300000E+4	8.100500E+1	6.287230E+2	1.288405E+2	-6.526797E+3	-1.530000E-1	9.986000E-1	9.910000E+37	6.287230E+2	1.576211E+38	-6.477124E+41	-1.530000E-1	9.910000E+37	3.000000E-3	5.000000E+0	6.000000E+2	8.000000E+1	1.000000E+2	1.000000E+1	1.000000E+0	2.360000E+2
4.366848E+1	7.800000E+4	7.799780E+1	5.690860E+2	1.370580E+2	-7.827344E+3	-1.280000E-1	1.001900E+0	9.910000E+37	5.690860E+2	1.741389E+38	-7.742188E+41	-1.280000E-1	9.910000E+37	3.000000E-3	5.000000E+0	6.000000E+2	8.000000E+1	1.000000E+2	1.000000E+1	1.000000E+0	2.370000E+2
4.382354E+1	7.800000E+4	7.799970E+1	5.574560E+2	1.399208E+2	-6.576974E+3	-1.520000E-1	9.997000E-1	9.910000E+37	5.574560E+2	1.777719E+38	-6.519737E+41	-1.520000E-1	9.910000E+37	3.000000E-3	5.000000E+0	6.000000E+2	8.000000E+1	1.000000E+2	1.000000E+1	1.000000E+0	2.380000E+2
4.397863E+1	7.800000E+4	7.799890E+1	5.419920E+2	1.439115E+2	-6.488312E+3	-1.540000E-1	9.992000E-1	9.910000E+37	5.419920E+2	1.828440E+38	-6.435065E+41	-1.540000E-1	9.910000E+37	3.000000E-3	5.000000E+0	6.000000E+2	8.000000E+1	1.000000E+2	1.000000E+1	1.000000E+0	2.390000E+2
4.413369E+1	7.800000E+4	7.799770E+1	5.685740E+2	1.371813E+2	-6.578289E+3	-1.520000E-1	9.999000E-1	9.910000E+37	5.685740E+2	1.742957E+38	-6.519737E+41	-1.520000E-1	9.910000E+37	3.000000E-3	5.000000E+0	6.000000E+2	8.000000E+1	1.000000E+2	1.000000E+1	1.000000E+0	2.400000E+2
4.428880E+1	7.800000E+4	7.799670E+1	5.805790E+2	1.343430E+2	-5.752299E+3	-1.740000E-1	1.000900E+0	9.910000E+37	5.805790E+2	1.706917E+38	-5.695402E+41	-1.740000E-1	9.910000E+37	3.000000E-3	5.000000E+0	6.000000E+2	8.000000E+1	1.000000E+2	1.000000E+1	1.000000E+0	2.410000E+2
4.444391E+1	7.800000E+4	7.798430E+1	5.975460E+2	1.305076E+2	-6.100000E+3	-1.640000E-1	1.000400E+0	9.910000E+37	5.975460E+2	1.658450E+38	-6.042683E+41	-1.640000E-1	9.910000E+37	3.000000E-3	5.000000E+0	6.000000E+2	8.000000E+1	1.000000E+2	1.000000E+1	1.000000E+0	2.420000E+2
4.459902E+1	7.800000E+4	7.800030E+1	4.564330E+2	1.708910E+2	-6.098780E+3	-1.640000E-1	1.000200E+0	9.910000E+37	4.564330E+2	2.171184E+38	-6.042683E+41	-1.640000E-1	9.910000E+37	3.000000E-3	5.000000E+0	6.000000E+2	8.000000E+1	1.000000E+2	1.000000E+1	1.000000E+0	2.430000E+2
4.475409E+1	7.800000E+4	7.799950E+1	5.104420E+2	1.528078E+2	-5.650847E+3	-1.770000E-1	1.000200E+0	9.910000E+37	5.104420E+2	1.941455E+38	-5.598870E+41	-1.770000E-1	9.910000E+37	3.000000E-3	5.000000E+0	6.000000E+2	8.000000E+1	1.000000E+2	1.000000E+1	1.000000E+0	2.440000E+2
4.490917E+1	7.800000E+4	7.799970E+1	4.848140E+2	1.608858E+2	7.040986E+4	7.100000E-2	4.999100E+0	9.910000E+37	4.848140E+2	2.044083E+38	1.395775E+42	7.100000E-2	9.910000E+37	3.000000E-3	5.000000E+0	6.000000E+2	8.000000E+1	1.000000E+2	1.000000E+1	1.000000E+0	2.450000E+2
4.506424E+1	7.800000E+4	7.799910E+1	4.617040E+2	1.689375E+2	1.110956E+5	4.500000E-2	4.999300E+0	9.910000E+37	4.617040E+2	2.146397E+38	2.202222E+42	4.500000E-2	9.910000E+37	3.000000E-3	5.000000E+0	6.000000E+2	8.000000E+1	1.000000E+2	1.000000E+1	1.000000E+0	2.460000E+2
4.521935E+1	7.800000E+4	7.800040E+1	5.110770E+2	1.526197E+2	-1.724379E+5	-2.900000E-2	5.000700E+0	9.910000E+37	5.110770E+2	1.939042E+38	-3.417241E+42	-2.900000E-2	9.910000E+37	3.000000E-3	5.000000E+0	6.000000E+2	8.000000E+1	1.000000E+2	1.000000E+1	1.000000E+0	2.470000E+2
4.537440E+1	7.800000E+4	7.800020E+1	4.539750E+2	1.718161E+2	2.500250E+6	2.000000E-3	5.000500E+0	9.910000E+37	4.539750E+2	2.182940E+38	4.955000E+43	2.000000E-3	9.910000E+37	3.000000E-3	5.000000E+0	6.000000E+2	8.000000E+1	1.000000E+2	1.000000E+1	1.000000E+0	2.480000E+2
4.552950E+1	7.300000E+4	7.299970E+1	4.742930E+2	1.539127E+2	2.173565E+5	2.300000E-2	4.999200E+0	9.910000E+37	4.742930E+2	2.089426E+38	4.308696E+42	2.300000E-2	9.910000E+37	3.000000E-3	5.000000E+0	6.000000E+2	8.000000E+1	1.000000E+2	1.000000E+1	1.000000E+0	2.490000E+2
4.568465E+1	6.800000E+4	6.800050E+1	3.920600E+1	1.734441E+3	-2.940588E+5	-1.700000E-2	4.999000E+0	9.910000E+37	3.920600E+1	2.527674E+39	-5.829412E+42	-1.700000E-2	9.910000E+37	3.000000E-3	5.000000E+0	6.000000E+2	8.000000E+1	1.000000E+2	1.000000E+1	1.000000E+0	2.500000E+2
4.583972E+1	6.300000E+4	6.300020E+1	3.264800E+1	1.929680E+3	-1.562375E+5	-3.200000E-2	4.999600E+0	9.910000E+37	3.264800E+1	3.035408E+39	-3.096875E+42	-3.200000E-2	9.910000E+37	3.000000E-3	5.000000E+0	6.000000E+2	8.000000E+1	1.000000E+2	1.000000E+1	1.000000E+0	2.510000E+2
4.599481E+1	5.800000E+4	5.800140E+1	7.115000E+0	8.151989E+3	-2.272818E+5	-2.200000E-2	5.000200E+0	9.910000E+37	7.115000E+0	1.392832E+40	-4.504545E+42	-2.200000E-2	9.910000E+37	3.000000E-3	5.000000E+0	6.000000E+2	8.000000E+1	1.000000E+2	1.000000E+1	1.000000E+0	2.520000E+2
4.614992E+1	5.300000E+4	5.300140E+1	4.418000E+0	1.199670E+4	-1.851926E+5	-2.700000E-2	5.000200E+0	9.910000E+37	4.418000E+0	2.243096E+40	-3.670370E+42	-2.700000E-2	9.910000E+37	3.000000E-3	5.000000E+0	6.000000E+2	8.000000E+1	1.000000E+2	1.000000E+1	1.000000E+0	2.530000E+2
4.630503E+1	4.800000E+4	4.800080E+1	3.353000E+0	1.431578E+4	-1.514848E+5	-3.300000E-2	4.999000E+0	9.910000E+37	3.353000E+0	2.955562E+40	-3.003030E+42	-3.300000E-2	9.910000E+37	3.000000E-3	5.000000E+0	6.000000E+2	8.000000E+1	1.000000E+2	1.000000E+1	1.000000E+0	2.540000E+2
4.646014E+1	4.300000E+4	4.300060E+1	2.638000E+0	1.630045E+4	-4.545000E+5	-1.100000E-2	4.999500E+0	9.910000E+37	2.638000E+0	3.756634E+40	-9.009091E+42	-1.100000E-2	9.910000E+37	3.000000E-3	5.000000E+0	6.000000E+2	8.000000E+1	1.000000E+2	1.000000E+1	1.000000E+0	2.550000E+2
4.661512E+1	3.800000E+4	3.800000E+1	2.002000E+0	1.898102E+4	-5.555111E+5	-9.000000E-3	4.999600E+0	9.910000E+37	2.002000E+0	4.950050E+40	-1.101111E+43	-9.000000E-3	9.910000E+37	3.000000E-3	5.000000E+0	6.000000E+2	8.000000E+1	1.000000E+2	1.000000E+1	1.000000E+0	2.560000E+2
4.677013E+1	3.300000E+4	3.299920E+1	1.536000E+0	2.148385E+4	-1.250025E+5	-4.000000E-2	5.000100E+0	9.910000E+37	1.536000E+0	6.451823E+40	-2.477500E+42	-4.000000E-2	9.910000E+37	3.000000E-3	5.000000E+0	6.000000E+2	8.000000E+1	1.000000E+2	1.000000E+1	1.000000E+0	2.570000E+2
4.692510E+1	2.800000E+4	2.800000E+1	1.196000E+0	2.341137E+4	5.556000E+5	9.000000E-3	5.000400E+0	9.910000E+37	1.196000E+0	8.285953E+40	1.101111E+43	9.000000E-3	9.910000E+37	3.000000E-3	5.000000E+0	6.000000E+2	8.000000E+1	1.000000E+2	1.000000E+1	1.000000E+0	2.580000E+2
4.708008E+1	2.300000E+4	2.299970E+1	8.660000E-1	2.655855E+4	-1.351243E+5	-3.700000E-2	4.999600E+0	9.910000E+37	8.660000E-1	1.144342E+41	-2.678378E+42	-3.700000E-2	9.910000E+37	3.000000E-3	5.000000E+0	6.000000E+2	8.000000E+1	1.000000E+2	1.000000E+1	1.000000E+0	2.590000E+2
4.723500E+1	1.800000E+4	1.800000E+1	5.480000E-1	3.284672E+4	-1.724000E+5	-2.900000E-2	4.999600E+0	9.910000E+37	5.480000E-1	1.808394E+41	-3.417241E+42	-2.900000E-2	9.910000E+37	3.000000E-3	5.000000E+0	6.000000E+2	8.000000E+1	1.000000E+2	1.000000E+1	1.000000E+0	2.600000E+2
4.738989E+1	1.300000E+4	1.299980E+1	3.380000E-1	3.846095E+4	-1.351486E+5	-3.700000E-2	5.000500E+0	9.910000E+37	3.380000E-1	2.931953E+41	-2.678378E+42	-3.700000E-2	9.910000E+37	3.000000E-3	5.000000E+0	6.000000E+2	8.000000E+1	1.000000E+2	1.000000E+1	1.000000E+0	2.610000E+2
4.754482E+1	8.000000E+3	8.000500E+0	1.310000E-1	6.107252E+4	-1.063809E+5	-4.700000E-2	4.999900E+0	9.910000E+37	1.310000E-1	7.564885E+41	-2.108511E+42	-4.700000E-2	9.910000E+37	3.000000E-3	5.000000E+0	6.000000E+2	8.000000E+1	1.000000E+2	1.000000E+1	1.000000E+0	2.620000E+2
4.769973E+1	3.000000E+3	2.999000E+0	-1.140000E-1	-2.630702E+4	-5.152062E+3	-1.940000E-1	9.995000E-1	9.910000E+37	-1.140000E-1	-8.692982E+41	-5.108247E+41	-1.940000E-1	9.910000E+37	3.000000E-3	5.000000E+0	6.000000E+2	8.000000E+1	1.000000E+2	1.000000E+1	1.000000E+0	2.630000E+2
4.785464E+1	-2.000000E+3	-1.999700E+0	-2.880000E-1	6.943403E+3	-4.809135E+3	-2.080000E-1	1.000300E+0	9.910000E+37	-2.880000E-1	-3.440972E+41	-4.764423E+41	-2.080000E-1	9.910000E+37	3.000000E-3	5.000000E+0	6.000000E+2	8.000000E+1	1.000000E+2	1.000000E+1	1.000000E+0	2.640000E+2
