Tiempo (min)	I pulso(mA)	Vinst 1 (V)	Iinst 1 (mA)	Rinst 1(Ohm)	Rrem 1 (Ohm)	Ibias 1 (mA)	Vbias 1 (V)	Vinst 2 (V)	Iinst 2 (mA)	Rinst 2(Ohm)	Rrem 2 (Ohm)	Ibias 2 (mA)	Vbias 2 (V)	Ancho pulso (s)	Periodo (s)	Icc 1 (mA)	Vcc 1 (V)	Icc 2 (mA)	Vcc 2 (V)	2W 1?	N1.597258E-1	1.000000E-1	8.805000E-2	3.870000E-2	2.275194E+3	2.320745E+3	3.760000E-2	8.726000E-2	9.910000E+37	3.870000E-2	2.560724E+42	2.635638E+42	3.760000E-2	9.910000E+37	1.000000E-3	1.000000E+0	1.000000E+2	1.000000E+1	1.000000E+2	1.000000E+1	0.000000E+0	1.000000E+0
1.820604E-1	1.000000E-1	8.776000E-2	3.840000E-2	2.285417E+3	2.195750E+3	4.000000E-2	8.783000E-2	9.910000E+37	3.840000E-2	2.580729E+42	2.477500E+42	4.000000E-2	9.910000E+37	1.000000E-3	1.000000E+0	1.000000E+2	1.000000E+1	1.000000E+2	1.000000E+1	0.000000E+0	2.000000E+0
2.043284E-1	1.000000E-1	8.711000E-2	3.810000E-2	2.286352E+3	2.267436E+3	3.900000E-2	8.843000E-2	9.910000E+37	3.810000E-2	2.601050E+42	2.541026E+42	3.900000E-2	9.910000E+37	1.000000E-3	1.000000E+0	1.000000E+2	1.000000E+1	1.000000E+2	1.000000E+1	0.000000E+0	3.000000E+0
2.265630E-1	1.000000E-1	8.899000E-2	3.900000E-2	2.281795E+3	2.277179E+3	3.900000E-2	8.881000E-2	9.910000E+37	3.900000E-2	2.541026E+42	2.541026E+42	3.900000E-2	9.910000E+37	1.000000E-3	1.000000E+0	1.000000E+2	1.000000E+1	1.000000E+2	1.000000E+1	0.000000E+0	4.000000E+0
2.488976E-1	1.000000E-1	8.766000E-2	4.070000E-2	2.153808E+3	2.305759E+3	3.820000E-2	8.808000E-2	9.910000E+37	4.070000E-2	2.434889E+42	2.594241E+42	3.820000E-2	9.910000E+37	1.000000E-3	1.000000E+0	1.000000E+2	1.000000E+1	1.000000E+2	1.000000E+1	0.000000E+0	5.000000E+0
2.711655E-1	1.000000E-1	8.768000E-2	3.840000E-2	2.283333E+3	2.249109E+3	3.930000E-2	8.839000E-2	9.910000E+37	3.840000E-2	2.580729E+42	2.521628E+42	3.930000E-2	9.910000E+37	1.000000E-3	1.000000E+0	1.000000E+2	1.000000E+1	1.000000E+2	1.000000E+1	0.000000E+0	6.000000E+0
2.933834E-1	1.000000E-1	8.900000E-2	3.710000E-2	2.398922E+3	2.295866E+3	3.870000E-2	8.885000E-2	9.910000E+37	3.710000E-2	2.671159E+42	2.560724E+42	3.870000E-2	9.910000E+37	1.000000E-3	1.000000E+0	1.000000E+2	1.000000E+1	1.000000E+2	1.000000E+1	0.000000E+0	7.000000E+0
3.156014E-1	1.000000E-1	8.841000E-2	3.800000E-2	2.326579E+3	2.183744E+3	4.060000E-2	8.866000E-2	9.910000E+37	3.800000E-2	2.607895E+42	2.440887E+42	4.060000E-2	9.910000E+37	1.000000E-3	1.000000E+0	1.000000E+2	1.000000E+1	1.000000E+2	1.000000E+1	0.000000E+0	8.000000E+0
3.376526E-1	1.000000E-1	8.968000E-2	4.030000E-2	2.225310E+3	2.291361E+3	3.820000E-2	8.753000E-2	9.910000E+37	4.030000E-2	2.459057E+42	2.594241E+42	3.820000E-2	9.910000E+37	1.000000E-3	1.000000E+0	1.000000E+2	1.000000E+1	1.000000E+2	1.000000E+1	0.000000E+0	9.000000E+0
3.599873E-1	1.000000E-1	8.802000E-2	4.010000E-2	2.195012E+3	2.151358E+3	4.050000E-2	8.713000E-2	9.910000E+37	4.010000E-2	2.471322E+42	2.446914E+42	4.050000E-2	9.910000E+37	1.000000E-3	1.000000E+0	1.000000E+2	1.000000E+1	1.000000E+2	1.000000E+1	0.000000E+0	1.000000E+1
3.823219E-1	1.000000E-1	8.825000E-2	3.850000E-2	2.292208E+3	2.295607E+3	3.870000E-2	8.884000E-2	9.910000E+37	3.850000E-2	2.574026E+42	2.560724E+42	3.870000E-2	9.910000E+37	1.000000E-3	1.000000E+0	1.000000E+2	1.000000E+1	1.000000E+2	1.000000E+1	0.000000E+0	1.100000E+1
4.045231E-1	1.000000E-1	8.795000E-2	3.880000E-2	2.266753E+3	2.216162E+3	3.960000E-2	8.776000E-2	9.910000E+37	3.880000E-2	2.554124E+42	2.502525E+42	3.960000E-2	9.910000E+37	1.000000E-3	1.000000E+0	1.000000E+2	1.000000E+1	1.000000E+2	1.000000E+1	0.000000E+0	1.200000E+1
4.269077E-1	1.000000E-1	8.876000E-2	4.020000E-2	2.207960E+3	2.341489E+3	3.760000E-2	8.804000E-2	9.910000E+37	4.020000E-2	2.465174E+42	2.635638E+42	3.760000E-2	9.910000E+37	1.000000E-3	1.000000E+0	1.000000E+2	1.000000E+1	1.000000E+2	1.000000E+1	0.000000E+0	1.300000E+1
4.489923E-1	1.000000E-1	8.891000E-2	4.050000E-2	2.195309E+3	2.345989E+3	3.740000E-2	8.774000E-2	9.910000E+37	4.050000E-2	2.446914E+42	2.649733E+42	3.740000E-2	9.910000E+37	1.000000E-3	1.000000E+0	1.000000E+2	1.000000E+1	1.000000E+2	1.000000E+1	0.000000E+0	1.400000E+1
4.713603E-1	1.000000E-1	8.830000E-2	3.810000E-2	2.317585E+3	2.188778E+3	4.010000E-2	8.777000E-2	9.910000E+37	3.810000E-2	2.601050E+42	2.471322E+42	4.010000E-2	9.910000E+37	1.000000E-3	1.000000E+0	1.000000E+2	1.000000E+1	1.000000E+2	1.000000E+1	0.000000E+0	1.500000E+1
4.935949E-1	1.000000E-1	8.769000E-2	3.620000E-2	2.422376E+3	2.418785E+3	3.620000E-2	8.756000E-2	9.910000E+37	3.620000E-2	2.737569E+42	2.737569E+42	3.620000E-2	9.910000E+37	1.000000E-3	1.000000E+0	1.000000E+2	1.000000E+1	1.000000E+2	1.000000E+1	0.000000E+0	1.600000E+1
5.159462E-1	1.000000E-1	8.875000E-2	3.700000E-2	2.398649E+3	2.304178E+3	3.830000E-2	8.825000E-2	9.910000E+37	3.700000E-2	2.678378E+42	2.587467E+42	3.830000E-2	9.910000E+37	1.000000E-3	1.000000E+0	1.000000E+2	1.000000E+1	1.000000E+2	1.000000E+1	0.000000E+0	1.700000E+1
5.383141E-1	1.000000E-1	8.704000E-2	3.890000E-2	2.237532E+3	2.299215E+3	3.820000E-2	8.783000E-2	9.910000E+37	3.890000E-2	2.547558E+42	2.594241E+42	3.820000E-2	9.910000E+37	1.000000E-3	1.000000E+0	1.000000E+2	1.000000E+1	1.000000E+2	1.000000E+1	0.000000E+0	1.800000E+1
5.605321E-1	1.000000E-1	8.709000E-2	3.950000E-2	2.204810E+3	2.180941E+3	4.040000E-2	8.811000E-2	9.910000E+37	3.950000E-2	2.508861E+42	2.452970E+42	4.040000E-2	9.910000E+37	1.000000E-3	1.000000E+0	1.000000E+2	1.000000E+1	1.000000E+2	1.000000E+1	0.000000E+0	1.900000E+1
5.828167E-1	1.000000E-1	8.765000E-2	3.850000E-2	2.276623E+3	2.231458E+3	3.910000E-2	8.725000E-2	9.910000E+37	3.850000E-2	2.574026E+42	2.534527E+42	3.910000E-2	9.910000E+37	1.000000E-3	1.000000E+0	1.000000E+2	1.000000E+1	1.000000E+2	1.000000E+1	0.000000E+0	2.000000E+1
6.049346E-1	1.000000E-1	8.725000E-2	3.780000E-2	2.308201E+3	2.288402E+3	3.880000E-2	8.879000E-2	9.910000E+37	3.780000E-2	2.621693E+42	2.554124E+42	3.880000E-2	9.910000E+37	1.000000E-3	1.000000E+0	1.000000E+2	1.000000E+1	1.000000E+2	1.000000E+1	0.000000E+0	2.100000E+1
6.270692E-1	1.000000E-1	8.776000E-2	3.980000E-2	2.205025E+3	2.232992E+3	3.910000E-2	8.731000E-2	9.910000E+37	3.980000E-2	2.489950E+42	2.534527E+42	3.910000E-2	9.910000E+37	1.000000E-3	1.000000E+0	1.000000E+2	1.000000E+1	1.000000E+2	1.000000E+1	0.000000E+0	2.200000E+1
6.494371E-1	1.000000E-1	8.814000E-2	3.680000E-2	2.395109E+3	2.333333E+3	3.780000E-2	8.820000E-2	9.910000E+37	3.680000E-2	2.692935E+42	2.621693E+42	3.780000E-2	9.910000E+37	1.000000E-3	1.000000E+0	1.000000E+2	1.000000E+1	1.000000E+2	1.000000E+1	0.000000E+0	2.300000E+1
6.715884E-1	1.000000E-1	8.762000E-2	3.970000E-2	2.207053E+3	2.330053E+3	3.760000E-2	8.761000E-2	9.910000E+37	3.970000E-2	2.496222E+42	2.635638E+42	3.760000E-2	9.910000E+37	1.000000E-3	1.000000E+0	1.000000E+2	1.000000E+1	1.000000E+2	1.000000E+1	0.000000E+0	2.400000E+1
6.939897E-1	1.000000E-1	8.834000E-2	4.110000E-2	2.149392E+3	2.337867E+3	3.750000E-2	8.767000E-2	9.910000E+37	4.110000E-2	2.411192E+42	2.642667E+42	3.750000E-2	9.910000E+37	1.000000E-3	1.000000E+0	1.000000E+2	1.000000E+1	1.000000E+2	1.000000E+1	0.000000E+0	2.500000E+1
7.163743E-1	1.000000E-1	8.757000E-2	3.820000E-2	2.292408E+3	2.220960E+3	3.960000E-2	8.795000E-2	9.910000E+37	3.820000E-2	2.594241E+42	2.502525E+42	3.960000E-2	9.910000E+37	1.000000E-3	1.000000E+0	1.000000E+2	1.000000E+1	1.000000E+2	1.000000E+1	0.000000E+0	2.600000E+1
7.386089E-1	1.000000E-1	8.837000E-2	3.980000E-2	2.220352E+3	2.281558E+3	3.850000E-2	8.784000E-2	9.910000E+37	3.980000E-2	2.489950E+42	2.574026E+42	3.850000E-2	9.910000E+37	1.000000E-3	1.000000E+0	1.000000E+2	1.000000E+1	1.000000E+2	1.000000E+1	0.000000E+0	2.700000E+1
7.609435E-1	1.000000E-1	8.824000E-2	3.790000E-2	2.328232E+3	2.313193E+3	3.790000E-2	8.767000E-2	9.910000E+37	3.790000E-2	2.614776E+42	2.614776E+42	3.790000E-2	9.910000E+37	1.000000E-3	1.000000E+0	1.000000E+2	1.000000E+1	1.000000E+2	1.000000E+1	0.000000E+0	2.800000E+1
7.833615E-1	1.000000E-1	8.682000E-2	3.870000E-2	2.243411E+3	2.278329E+3	3.830000E-2	8.726000E-2	9.910000E+37	3.870000E-2	2.560724E+42	2.587467E+42	3.830000E-2	9.910000E+37	1.000000E-3	1.000000E+0	1.000000E+2	1.000000E+1	1.000000E+2	1.000000E+1	0.000000E+0	2.900000E+1
8.055461E-1	1.000000E-1	8.808000E-2	3.790000E-2	2.324011E+3	2.359730E+3	3.700000E-2	8.731000E-2	9.910000E+37	3.790000E-2	2.614776E+42	2.678378E+42	3.700000E-2	9.910000E+37	1.000000E-3	1.000000E+0	1.000000E+2	1.000000E+1	1.000000E+2	1.000000E+1	0.000000E+0	3.000000E+1
8.278974E-1	1.000000E-1	8.789000E-2	3.880000E-2	2.265206E+3	2.235897E+3	3.900000E-2	8.720000E-2	9.910000E+37	3.880000E-2	2.554124E+42	2.541026E+42	3.900000E-2	9.910000E+37	1.000000E-3	1.000000E+0	1.000000E+2	1.000000E+1	1.000000E+2	1.000000E+1	0.000000E+0	3.100000E+1
8.500486E-1	1.000000E-1	8.829000E-2	4.080000E-2	2.163971E+3	2.394199E+3	3.620000E-2	8.667000E-2	9.910000E+37	4.080000E-2	2.428922E+42	2.737569E+42	3.620000E-2	9.910000E+37	1.000000E-3	1.000000E+0	1.000000E+2	1.000000E+1	1.000000E+2	1.000000E+1	0.000000E+0	3.200000E+1
8.724332E-1	1.000000E-1	8.743000E-2	3.870000E-2	2.259173E+3	2.203526E+3	3.970000E-2	8.748000E-2	9.910000E+37	3.870000E-2	2.560724E+42	2.496222E+42	3.970000E-2	9.910000E+37	1.000000E-3	1.000000E+0	1.000000E+2	1.000000E+1	1.000000E+2	1.000000E+1	0.000000E+0	3.300000E+1
8.947345E-1	1.000000E-1	8.678000E-2	3.690000E-2	2.351762E+3	2.209548E+3	3.980000E-2	8.794000E-2	9.910000E+37	3.690000E-2	2.685637E+42	2.489950E+42	3.980000E-2	9.910000E+37	1.000000E-3	1.000000E+0	1.000000E+2	1.000000E+1	1.000000E+2	1.000000E+1	0.000000E+0	3.400000E+1
9.172025E-1	1.000000E-1	8.825000E-2	3.920000E-2	2.251276E+3	2.280366E+3	3.820000E-2	8.711000E-2	9.910000E+37	3.920000E-2	2.528061E+42	2.594241E+42	3.820000E-2	9.910000E+37	1.000000E-3	1.000000E+0	1.000000E+2	1.000000E+1	1.000000E+2	1.000000E+1	0.000000E+0	3.500000E+1
9.394037E-1	1.000000E-1	8.736000E-2	3.700000E-2	2.361081E+3	2.310789E+3	3.800000E-2	8.781000E-2	9.910000E+37	3.700000E-2	2.678378E+42	2.607895E+42	3.800000E-2	9.910000E+37	1.000000E-3	1.000000E+0	1.000000E+2	1.000000E+1	1.000000E+2	1.000000E+1	0.000000E+0	3.600000E+1
9.615883E-1	1.000000E-1	8.755000E-2	3.860000E-2	2.268135E+3	2.182576E+3	3.960000E-2	8.643000E-2	9.910000E+37	3.860000E-2	2.567358E+42	2.502525E+42	3.960000E-2	9.910000E+37	1.000000E-3	1.000000E+0	1.000000E+2	1.000000E+1	1.000000E+2	1.000000E+1	0.000000E+0	3.700000E+1
9.837396E-1	1.000000E-1	8.665000E-2	3.810000E-2	2.274278E+3	2.242462E+3	3.980000E-2	8.925000E-2	9.910000E+37	3.810000E-2	2.601050E+42	2.489950E+42	3.980000E-2	9.910000E+37	1.000000E-3	1.000000E+0	1.000000E+2	1.000000E+1	1.000000E+2	1.000000E+1	0.000000E+0	3.800000E+1
1.006041E+0	1.000000E-1	8.703000E-2	3.720000E-2	2.339516E+3	2.390833E+3	3.600000E-2	8.607000E-2	9.910000E+37	3.720000E-2	2.663978E+42	2.752778E+42	3.600000E-2	9.910000E+37	1.000000E-3	1.000000E+0	1.000000E+2	1.000000E+1	1.000000E+2	1.000000E+1	0.000000E+0	3.900000E+1
1.028292E+0	1.000000E-1	8.674000E-2	3.950000E-2	2.195949E+3	2.449292E+3	3.530000E-2	8.646000E-2	9.910000E+37	3.950000E-2	2.508861E+42	2.807365E+42	3.530000E-2	9.910000E+37	1.000000E-3	1.000000E+0	1.000000E+2	1.000000E+1	1.000000E+2	1.000000E+1	0.000000E+0	4.000000E+1
1.050827E+0	1.000000E-1	8.645000E-2	3.710000E-2	2.330189E+3	2.274026E+3	3.850000E-2	8.755000E-2	9.910000E+37	3.710000E-2	2.671159E+42	2.574026E+42	3.850000E-2	9.910000E+37	1.000000E-3	1.000000E+0	1.000000E+2	1.000000E+1	1.000000E+2	1.000000E+1	0.000000E+0	4.100000E+1
1.072928E+0	1.000000E-1	8.830000E-2	3.890000E-2	2.269923E+3	2.288773E+3	3.830000E-2	8.766000E-2	9.910000E+37	3.890000E-2	2.547558E+42	2.587467E+42	3.830000E-2	9.910000E+37	1.000000E-3	1.000000E+0	1.000000E+2	1.000000E+1	1.000000E+2	1.000000E+1	0.000000E+0	4.200000E+1
1.095163E+0	1.000000E-1	8.684000E-2	3.850000E-2	2.255584E+3	2.197000E+3	4.000000E-2	8.788000E-2	9.910000E+37	3.850000E-2	2.574026E+42	2.477500E+42	4.000000E-2	9.910000E+37	1.000000E-3	1.000000E+0	1.000000E+2	1.000000E+1	1.000000E+2	1.000000E+1	0.000000E+0	4.300000E+1
1.117347E+0	1.000000E-1	8.768000E-2	4.040000E-2	2.170297E+3	2.208312E+3	3.970000E-2	8.767000E-2	9.910000E+37	4.040000E-2	2.452970E+42	2.496222E+42	3.970000E-2	9.910000E+37	1.000000E-3	1.000000E+0	1.000000E+2	1.000000E+1	1.000000E+2	1.000000E+1	0.000000E+0	4.400000E+1
1.139632E+0	1.000000E-1	8.759000E-2	3.650000E-2	2.399726E+3	2.219241E+3	3.950000E-2	8.766000E-2	9.910000E+37	3.650000E-2	2.715068E+42	2.508861E+42	3.950000E-2	9.910000E+37	1.000000E-3	1.000000E+0	1.000000E+2	1.000000E+1	1.000000E+2	1.000000E+1	0.000000E+0	4.500000E+1
1.161766E+0	1.000000E-1	8.721000E-2	4.020000E-2	2.169403E+3	2.293899E+3	3.770000E-2	8.648000E-2	9.910000E+37	4.020000E-2	2.465174E+42	2.628647E+42	3.770000E-2	9.910000E+37	1.000000E-3	1.000000E+0	1.000000E+2	1.000000E+1	1.000000E+2	1.000000E+1	0.000000E+0	4.600000E+1
1.184051E+0	1.000000E-1	8.720000E-2	3.980000E-2	2.190955E+3	2.208462E+3	3.900000E-2	8.613000E-2	9.910000E+37	3.980000E-2	2.489950E+42	2.541026E+42	3.900000E-2	9.910000E+37	5.000000E-3	1.000000E+0	1.000000E+2	1.000000E+1	1.000000E+2	1.000000E+1	0.000000E+0	4.700000E+1
1.206336E+0	1.000000E-1	1.652600E-1	8.100000E-2	2.040247E+3	2.072841E+3	7.990000E-2	1.656200E-1	9.910000E+37	8.100000E-2	1.223457E+42	1.240300E+42	7.990000E-2	9.910000E+37	5.000000E-3	1.000000E+0	1.000000E+2	1.000000E+1	1.000000E+2	1.000000E+1	0.000000E+0	4.800000E+1
1.228454E+0	1.000000E-1	1.648900E-1	8.030000E-2	2.053425E+3	2.113479E+3	7.790000E-2	1.646400E-1	9.910000E+37	8.030000E-2	1.234122E+42	1.272144E+42	7.790000E-2	9.910000E+37	5.000000E-3	1.000000E+0	1.000000E+2	1.000000E+1	1.000000E+2	1.000000E+1	0.000000E+0	4.900000E+1
1.250788E+0	1.000000E-1	1.645800E-1	7.770000E-2	2.118147E+3	2.049317E+3	8.050000E-2	1.649700E-1	9.910000E+37	7.770000E-2	1.275418E+42	1.231056E+42	8.050000E-2	9.910000E+37	5.000000E-3	1.000000E+0	1.000000E+2	1.000000E+1	1.000000E+2	1.000000E+1	0.000000E+0	5.000000E+1
1.273123E+0	1.000000E-1	1.651600E-1	7.960000E-2	2.074874E+3	2.033539E+3	8.110000E-2	1.649200E-1	9.910000E+37	7.960000E-2	1.244975E+42	1.221948E+42	8.110000E-2	9.910000E+37	5.000000E-3	1.000000E+0	1.000000E+2	1.000000E+1	1.000000E+2	1.000000E+1	0.000000E+0	5.100000E+1
1.295507E+0	1.000000E-1	1.647100E-1	8.010000E-2	2.056305E+3	2.021130E+3	8.140000E-2	1.645200E-1	9.910000E+37	8.010000E-2	1.237203E+42	1.217445E+42	8.140000E-2	9.910000E+37	5.000000E-3	1.000000E+0	1.000000E+2	1.000000E+1	1.000000E+2	1.000000E+1	0.000000E+0	5.200000E+1
1.317925E+0	1.000000E-1	1.638000E-1	7.850000E-2	2.086624E+3	2.070403E+3	7.940000E-2	1.643900E-1	9.910000E+37	7.850000E-2	1.262420E+42	1.248111E+42	7.940000E-2	9.910000E+37	5.000000E-3	1.000000E+0	1.000000E+2	1.000000E+1	1.000000E+2	1.000000E+1	0.000000E+0	5.300000E+1
1.339993E+0	1.000000E-1	1.644200E-1	7.990000E-2	2.057822E+3	2.046526E+3	8.060000E-2	1.649500E-1	9.910000E+37	7.990000E-2	1.240300E+42	1.229529E+42	8.060000E-2	9.910000E+37	5.000000E-3	1.000000E+0	1.000000E+2	1.000000E+1	1.000000E+2	1.000000E+1	0.000000E+0	5.400000E+1
1.362195E+0	1.000000E-1	1.644700E-1	7.950000E-2	2.068805E+3	2.079341E+3	7.890000E-2	1.640600E-1	9.910000E+37	7.950000E-2	1.246541E+42	1.256020E+42	7.890000E-2	9.910000E+37	5.000000E-3	1.000000E+0	1.000000E+2	1.000000E+1	1.000000E+2	1.000000E+1	0.000000E+0	5.500000E+1
1.384396E+0	1.000000E-1	1.646700E-1	8.070000E-2	2.040520E+3	2.055237E+3	8.020000E-2	1.648300E-1	9.910000E+37	8.070000E-2	1.228005E+42	1.235661E+42	8.020000E-2	9.910000E+37	7.000000E-3	1.000000E+0	1.000000E+2	1.000000E+1	1.000000E+2	1.000000E+1	0.000000E+0	5.600000E+1
1.406680E+0	1.000000E-1	1.771700E-1	8.670000E-2	2.043483E+3	2.067667E+3	8.660000E-2	1.790600E-1	9.910000E+37	8.670000E-2	1.143022E+42	1.144342E+42	8.660000E-2	9.910000E+37	7.000000E-3	1.000000E+0	1.000000E+2	1.000000E+1	1.000000E+2	1.000000E+1	0.000000E+0	5.700000E+1
1.428848E+0	1.000000E-1	1.788700E-1	8.760000E-2	2.041895E+3	2.076655E+3	8.610000E-2	1.788000E-1	9.910000E+37	8.760000E-2	1.131279E+42	1.150987E+42	8.610000E-2	9.910000E+37	7.000000E-3	1.000000E+0	1.000000E+2	1.000000E+1	1.000000E+2	1.000000E+1	0.000000E+0	5.800000E+1
1.451133E+0	1.000000E-1	1.779500E-1	8.620000E-2	2.064385E+3	2.053111E+3	8.680000E-2	1.782100E-1	9.910000E+37	8.620000E-2	1.149652E+42	1.141705E+42	8.680000E-2	9.910000E+37	7.000000E-3	1.000000E+0	1.000000E+2	1.000000E+1	1.000000E+2	1.000000E+1	0.000000E+0	5.900000E+1
1.473268E+0	1.000000E-1	1.791000E-1	8.760000E-2	2.044521E+3	2.070853E+3	8.680000E-2	1.797500E-1	9.910000E+37	8.760000E-2	1.131279E+42	1.141705E+42	8.680000E-2	9.910000E+37	7.000000E-3	1.000000E+0	1.000000E+2	1.000000E+1	1.000000E+2	1.000000E+1	0.000000E+0	6.000000E+1
1.495419E+0	1.000000E-1	1.789800E-1	8.750000E-2	2.045486E+3	2.045358E+3	9.370000E-2	1.916500E-1	9.910000E+37	8.750000E-2	1.132571E+42	1.057631E+42	9.370000E-2	9.910000E+37	1.000000E-2	1.000000E+0	1.000000E+2	1.000000E+1	1.000000E+2	1.000000E+1	0.000000E+0	6.100000E+1
1.517453E+0	1.000000E-1	1.910300E-1	9.370000E-2	2.038741E+3	2.051935E+3	9.300000E-2	1.908300E-1	9.910000E+37	9.370000E-2	1.057631E+42	1.065591E+42	9.300000E-2	9.910000E+37	1.000000E-2	1.000000E+0	1.000000E+2	1.000000E+1	1.000000E+2	1.000000E+1	0.000000E+0	6.200000E+1
1.539588E+0	1.000000E-1	1.904800E-1	9.400000E-2	2.026383E+3	2.052314E+3	9.290000E-2	1.906600E-1	9.910000E+37	9.400000E-2	1.054255E+42	1.066738E+42	9.290000E-2	9.910000E+37	1.000000E-2	1.000000E+0	1.000000E+2	1.000000E+1	1.000000E+2	1.000000E+1	0.000000E+0	6.300000E+1
1.561839E+0	1.000000E-1	1.909000E-1	9.620000E-2	1.984407E+3	2.076030E+3	9.220000E-2	1.914100E-1	9.910000E+37	9.620000E-2	1.030146E+42	1.074837E+42	9.220000E-2	9.910000E+37	1.000000E-2	1.000000E+0	1.000000E+2	1.000000E+1	1.000000E+2	1.000000E+1	0.000000E+0	6.400000E+1
1.584141E+0	1.000000E-1	1.917100E-1	9.260000E-2	2.070302E+3	2.005047E+3	9.510000E-2	1.906800E-1	9.910000E+37	9.260000E-2	1.070194E+42	1.042061E+42	9.510000E-2	9.910000E+37	1.000000E-2	1.000000E+0	1.000000E+2	1.000000E+1	1.000000E+2	1.000000E+1	0.000000E+0	6.500000E+1
1.606392E+0	1.000000E-1	1.907500E-1	9.290000E-2	2.053283E+3	2.034746E+3	9.440000E-2	1.920800E-1	9.910000E+37	9.290000E-2	1.066738E+42	1.049788E+42	9.440000E-2	9.910000E+37	1.000000E-2	1.000000E+0	1.000000E+2	1.000000E+1	1.000000E+2	1.000000E+1	0.000000E+0	6.600000E+1
1.628493E+0	1.000000E-1	1.910100E-1	9.510000E-2	2.008517E+3	1.998102E+3	1.001000E-1	2.000100E-1	9.910000E+37	9.510000E-2	1.042061E+42	9.900100E+41	1.001000E-1	9.910000E+37	1.500000E-2	1.000000E+0	1.000000E+2	1.000000E+1	1.000000E+2	1.000000E+1	0.000000E+0	6.700000E+1
1.650694E+0	1.000000E-1	2.005700E-1	9.910000E-2	2.023915E+3	2.052953E+3	9.650000E-2	1.981100E-1	9.910000E+37	9.910000E-2	1.000000E+42	1.026943E+42	9.650000E-2	9.910000E+37	1.500000E-2	1.000000E+0	1.000000E+2	1.000000E+1	1.000000E+2	1.000000E+1	0.000000E+0	6.800000E+1
1.673079E+0	1.000000E-1	2.003700E-1	9.980000E-2	2.007715E+3	2.057510E+3	9.720000E-2	1.999900E-1	9.910000E+37	9.980000E-2	9.929860E+41	1.019547E+42	9.720000E-2	9.910000E+37	1.500000E-2	1.000000E+0	1.000000E+2	1.000000E+1	1.000000E+2	1.000000E+1	0.000000E+0	6.900000E+1
1.695547E+0	1.000000E-1	1.996600E-1	9.810000E-2	2.035270E+3	2.062887E+3	9.700000E-2	2.001000E-1	9.910000E+37	9.810000E-2	1.010194E+42	1.021649E+42	9.700000E-2	9.910000E+37	1.500000E-2	1.000000E+0	1.000000E+2	1.000000E+1	1.000000E+2	1.000000E+1	0.000000E+0	7.000000E+1
1.717782E+0	1.000000E-1	1.995600E-1	9.760000E-2	2.044672E+3	2.023583E+3	9.880000E-2	1.999300E-1	9.910000E+37	9.760000E-2	1.015369E+42	1.003036E+42	9.880000E-2	9.910000E+37	1.500000E-2	1.000000E+0	1.000000E+2	1.000000E+1	1.000000E+2	1.000000E+1	0.000000E+0	7.100000E+1
1.740266E+0	1.000000E-1	2.008500E-1	9.840000E-2	2.041159E+3	2.044614E+3	9.840000E-2	2.011900E-1	9.910000E+37	9.840000E-2	1.007114E+42	1.007114E+42	9.840000E-2	9.910000E+37	1.500000E-2	1.000000E+0	1.000000E+2	1.000000E+1	1.000000E+2	1.000000E+1	0.000000E+0	7.200000E+1
1.762584E+0	1.000000E-1	2.006000E-1	9.790000E-2	2.049030E+3	2.041376E+3	9.740000E-2	1.988300E-1	9.910000E+37	9.790000E-2	1.012257E+42	1.017454E+42	9.740000E-2	9.910000E+37	1.500000E-2	1.000000E+0	1.000000E+2	1.000000E+1	1.000000E+2	1.000000E+1	0.000000E+0	7.300000E+1
1.784835E+0	1.000000E-1	2.004200E-1	9.930000E-2	2.018328E+3	2.091432E+3	9.570000E-2	2.001500E-1	9.910000E+37	9.930000E-2	9.979859E+41	1.035528E+42	9.570000E-2	9.910000E+37	1.500000E-2	1.000000E+0	1.000000E+2	1.000000E+1	1.000000E+2	1.000000E+1	0.000000E+0	7.400000E+1
1.807187E+0	1.000000E-1	1.997600E-1	1.003000E-1	1.991625E+3	2.008761E+3	9.930000E-2	1.994700E-1	9.910000E+37	1.003000E-1	9.880359E+41	9.979859E+41	9.930000E-2	9.910000E+37	1.500000E-2	1.000000E+0	1.000000E+2	1.000000E+1	1.000000E+2	1.000000E+1	0.000000E+0	7.500000E+1
1.829521E+0	1.000000E-1	1.999100E-1	9.870000E-2	2.025431E+3	2.024593E+3	9.840000E-2	1.992200E-1	9.910000E+37	9.870000E-2	1.004053E+42	1.007114E+42	9.840000E-2	9.910000E+37	1.500000E-2	1.000000E+0	1.000000E+2	1.000000E+1	1.000000E+2	1.000000E+1	0.000000E+0	7.600000E+1
1.851956E+0	1.000000E-1	1.993100E-1	9.680000E-2	2.058988E+3	2.013522E+3	9.910000E-2	1.995400E-1	9.910000E+37	9.680000E-2	1.023760E+42	1.000000E+42	9.910000E-2	9.910000E+37	1.500000E-2	1.000000E+0	1.000000E+2	1.000000E+1	1.000000E+2	1.000000E+1	0.000000E+0	7.700000E+1
1.874141E+0	1.000000E-1	1.998300E-1	9.940000E-2	2.010362E+3	1.993930E+3	1.005000E-1	2.003900E-1	9.910000E+37	9.940000E-2	9.969819E+41	9.860697E+41	1.005000E-1	9.910000E+37	1.500000E-2	1.000000E+0	1.000000E+2	1.000000E+1	1.000000E+2	1.000000E+1	0.000000E+0	7.800000E+1
1.896558E+0	1.000000E-1	2.001600E-1	9.560000E-2	2.093724E+3	2.072708E+3	9.600000E-2	1.989800E-1	9.910000E+37	9.560000E-2	1.036611E+42	1.032292E+42	9.600000E-2	9.910000E+37	1.500000E-2	1.000000E+0	1.000000E+2	1.000000E+1	1.000000E+2	1.000000E+1	0.000000E+0	7.900000E+1
1.918943E+0	1.000000E-1	1.997000E-1	1.000000E-1	1.997000E+3	2.014600E+3	1.000000E-1	2.014600E-1	9.910000E+37	1.000000E-1	9.910000E+41	9.910000E+41	1.000000E-1	9.910000E+37	1.500000E-2	1.000000E+0	1.000000E+2	1.000000E+1	1.000000E+2	1.000000E+1	0.000000E+0	8.000000E+1
1.941161E+0	1.000000E-1	2.000100E-1	9.790000E-2	2.043003E+3	2.047023E+3	9.740000E-2	1.993800E-1	9.910000E+37	9.790000E-2	1.012257E+42	1.017454E+42	9.740000E-2	9.910000E+37	1.500000E-2	1.000000E+0	1.000000E+2	1.000000E+1	1.000000E+2	1.000000E+1	0.000000E+0	8.100000E+1
1.963346E+0	1.000000E-1	1.988700E-1	9.980000E-2	1.992685E+3	1.990050E+3	1.005000E-1	2.000000E-1	9.910000E+37	9.980000E-2	9.929860E+41	9.860697E+41	1.005000E-1	9.910000E+37	1.500000E-2	1.000000E+0	1.000000E+2	1.000000E+1	1.000000E+2	1.000000E+1	0.000000E+0	8.200000E+1
1.985680E+0	1.000000E-1	1.992700E-1	9.880000E-2	2.016903E+3	2.011500E+3	1.000000E-1	2.011500E-1	9.910000E+37	9.880000E-2	1.003036E+42	9.910000E+41	1.000000E-1	9.910000E+37	1.500000E-2	1.000000E+0	1.000000E+2	1.000000E+1	1.000000E+2	1.000000E+1	0.000000E+0	8.300000E+1
2.008132E+0	1.000000E-1	2.000400E-1	9.870000E-2	2.026748E+3	2.016097E+3	9.940000E-2	2.004000E-1	9.910000E+37	9.870000E-2	1.004053E+42	9.969819E+41	9.940000E-2	9.910000E+37	1.500000E-2	1.000000E+0	1.000000E+2	1.000000E+1	1.000000E+2	1.000000E+1	0.000000E+0	8.400000E+1
