41
377352.5 40778.15 20.0
746131.0 44339.7 25.0
720822.0 73065.9 30.0
581144.5 154692.5 40.0
858980.0 343178.5 50.0
702287.0 72140.65 60.0
824814.0 37450.4 75.0
766002.5 51618.0 100.0
591337.5 196589.0 120.0
688780.5 244768.0 150.0
601836.0 243780.0 200.0
538350.5 258270.5 250.0
535184.5 322314.5 300.0
403314.5 349641.5 400.0
362923.0 355402.5 500.0
291804.0 355684.5 600.0
225377.0 323315.5 750.0
148526.5 282493.0 1000.0
107161.0 257418.0 1200.0
73414.8 211588.5 1500.0
44029.75 168551.0 2000.0
27378.95 136492.0 2500.0
20114.9 114854.0 3000.0
10987.85 87871.25 4000.0
6999.095 70548.3 5000.0
5110.475 59005.75 6000.0
3419.98 47362.2 7500.0
1855.31 35773.95 10000.0
1471.16 29946.05 12000.0
778.3775 23860.6 15000.0
545.9575 17919.55 20000.0
432.698 14352.15 25000.0
277.793 11970.4 30000.0
164.0625 8981.085 40000.0
113.993 7207.49 50000.0
92.2913 5995.78 60000.0
59.07155 4793.885 75000.0
35.94445 3606.77 100000.0
30.474 3005.585 120000.0
19.91505 2404.715 150000.0
13.50895 1807.29 200000.0
