41
383223.5 28945.15 20.0
753514.0 31014.4 25.0
723984.5 37999.45 30.0
908490.0 286341.5 40.0
757338.5 392422.0 50.0
735843.5 147380.5 60.0
696498.5 153327.5 75.0
589416.5 102587.55 100.0
746612.5 212369.0 120.0
655876.5 164232.5 150.0
625835.5 271174.0 200.0
556420.5 265089.5 250.0
541787.0 346214.0 300.0
407604.5 340248.0 400.0
351424.0 367275.0 500.0
277288.5 382774.5 600.0
213693.5 344473.5 750.0
139909.0 297461.0 1000.0
110560.5 251581.5 1200.0
69945.45 213846.5 1500.0
41740.3 170783.0 2000.0
26980.9 138030.0 2500.0
18222.9 116231.0 3000.0
10636.5 87673.05 4000.0
6856.6 70619.5 5000.0
5202.54 58888.4 6000.0
3067.965 47537.25 7500.0
1850.645 35798.0 10000.0
1197.755 29722.2 12000.0
990.669 23840.3 15000.0
491.3595 17924.05 20000.0
379.5815 14327.05 25000.0
296.888 11958.65 30000.0
41.89695 8953.705 40000.0
112.476 7204.005 50000.0
80.40785 6008.415 60000.0
61.39465 4809.74 75000.0
38.3483 3610.295 100000.0
27.4679 3007.16 120000.0
20.56265 2409.96 150000.0
13.56075 1808.36 200000.0
