41
398415.5 39937.6 20.0
768462.0 45063.45 25.0
779144.5 42060.12 30.0
693917.5 274959.0 40.0
559374.5 82204.36 50.0
744109.0 148976.75 60.0
731226.5 119829.8 75.0
800892.0 315112.5 100.0
727900.0 264948.5 120.0
590459.0 194967.0 150.0
644015.0 264904.0 200.0
532904.5 286190.5 250.0
537824.0 319880.0 300.0
428235.0 367501.5 400.0
365899.0 381414.5 500.0
294647.0 379063.0 600.0
213513.0 329409.5 750.0
150902.5 287790.5 1000.0
101792.8 247032.5 1200.0
68194.2 210941.5 1500.0
39028.6 169067.0 2000.0
28173.75 134910.0 2500.0
19325.15 116062.0 3000.0
10575.71 87865.35 4000.0
6799.8 70675.6 5000.0
4943.57 58943.65 6000.0
3553.885 47272.65 7500.0
1735.32 35814.4 10000.0
1435.38 29815.05 12000.0
775.612 23869.95 15000.0
565.439 17913.35 20000.0
432.6435 14386.8 25000.0
253.8555 11910.8 30000.0
186.5305 8995.5 40000.0
100.6333 7199.37 50000.0
53.94945 5990.99 60000.0
51.2727 4809.35 75000.0
39.63545 3606.875 100000.0
29.45135 3006.37 120000.0
19.5947 2409.255 150000.0
14.10485 1808.54 200000.0
