41
22212.7 -116.8965 20.0
44361.6 111.043 25.0
44364.45 412.134 30.0
44307.7 1044.108 40.0
44327.75 -643.6905 50.0
44266.1 376.377 60.0
44360.4 445.551 75.0
43697.55 687.796 100.0
44655.7 803.565 120.0
43919.65 959.0145 150.0
44292.05 1055.305 200.0
44017.65 1463.915 250.0
44298.55 1774.8 300.0
44061.55 2194.89 400.0
44266.8 2862.635 500.0
44049.75 3513.535 600.0
43835.5 4454.125 750.0
43456.1 5615.68 1000.0
43253.85 6767.91 1200.0
42603.25 8315.52 1500.0
41439.45 10695.05 2000.0
40006.65 12840.45 2500.0
38406.95 14859.8 3000.0
34894.5 17922.15 4000.0
31243.85 19926.2 5000.0
27709.2 21198.2 6000.0
22948.1 21916.1 7500.0
16853.4 21288.25 10000.0
13298.0 20029.2 12000.0
9608.44 18006.95 15000.0
6040.695 14947.9 20000.0
4107.47 12590.65 25000.0
2956.925 10807.6 30000.0
1742.455 8369.85 40000.0
1160.42 6795.52 50000.0
813.74 5720.74 60000.0
535.0125 4614.225 75000.0
312.1735 3485.98 100000.0
222.7405 2912.475 120000.0
147.676 2338.13 150000.0
87.59 1758.79 200000.0
