41
227438.5 8309.8 20.0
463824.0 11577.45 25.0
474620.0 14343.74 30.0
503031.5 97950.9 40.0
524881.5 -77969.7 50.0
426176.5 24213.775 60.0
507901.0 24274.15 75.0
443546.5 45261.75 100.0
465871.0 67173.7 120.0
438602.0 76079.9 150.0
431263.0 115792.0 200.0
393326.5 123383.0 250.0
394351.5 146920.0 300.0
354758.0 203759.0 400.0
327396.5 222551.0 500.0
292017.5 229968.0 600.0
237251.5 224218.5 750.0
157849.0 221578.0 1000.0
134198.0 207704.0 1200.0
95454.2 185989.5 1500.0
60678.25 153760.5 2000.0
41710.3 130134.5 2500.0
28207.2 110223.5 3000.0
15707.7 84822.65 4000.0
11137.4 68761.4 5000.0
7459.625 57449.95 6000.0
4835.225 46298.95 7500.0
2978.73 34631.95 10000.0
2025.33 29163.1 12000.0
1384.03 23523.6 15000.0
708.3545 17739.25 20000.0
511.6615 14117.7 25000.0
413.415 11726.4 30000.0
243.255 8868.78 40000.0
146.613 7096.98 50000.0
126.511 5924.085 60000.0
87.84205 4742.665 75000.0
55.60825 3559.935 100000.0
43.5062 2967.5 120000.0
26.43605 2375.61 150000.0
17.6268 1785.25 200000.0
