Tiempo (s),Setpoint (K),Temperatura (K),dT/dt (K/min),Potencia_LS (%),Z_40Hz (Ohm),Fase_40Hz,Z_50kHz (Ohm),Fase_50kHz,V_Arduino (V),Vac (mV),Vdc (mV),P,I,D
54.983145E+0,290.000000E+0,294.180000E+0,NaN,0.000000E+0,1.759666E+0,3.515630E+0,1.794592E+0,-16.126680E+0,0.000000E+0,200.000000E+0,0.000000E+0,40.000000E+0,3.000000E+0,1.000000E+0
99.993719E+0,290.000000E+0,294.300000E+0,NaN,0.000000E+0,1.757786E+0,3.545634E+0,1.793646E+0,-16.122240E+0,0.000000E+0,200.000000E+0,0.000000E+0,40.000000E+0,3.000000E+0,1.000000E+0
144.849285E+0,290.000000E+0,294.410000E+0,NaN,0.000000E+0,1.756694E+0,3.551934E+0,1.793060E+0,-16.128880E+0,500.000000E-3,200.000000E+0,0.000000E+0,40.000000E+0,3.000000E+0,1.000000E+0
189.810856E+0,290.000000E+0,294.410000E+0,NaN,0.000000E+0,1.755702E+0,3.524444E+0,1.792686E+0,-16.135900E+0,500.000000E-3,200.000000E+0,0.000000E+0,40.000000E+0,3.000000E+0,1.000000E+0
234.710424E+0,290.000000E+0,294.520000E+0,NaN,0.000000E+0,1.757320E+0,3.551152E+0,1.792294E+0,-16.130560E+0,500.000000E-3,200.000000E+0,0.000000E+0,40.000000E+0,3.000000E+0,1.000000E+0
279.644995E+0,290.000000E+0,294.640000E+0,NaN,0.000000E+0,1.755692E+0,3.487948E+0,1.792138E+0,-16.125460E+0,500.000000E-3,200.000000E+0,0.000000E+0,40.000000E+0,3.000000E+0,1.000000E+0
324.583565E+0,290.000000E+0,294.750000E+0,NaN,0.000000E+0,1.755634E+0,3.596852E+0,1.791936E+0,-16.131920E+0,500.000000E-3,200.000000E+0,0.000000E+0,40.000000E+0,3.000000E+0,1.000000E+0
369.480133E+0,290.000000E+0,294.860000E+0,100.181908E-3,0.000000E+0,1.755876E+0,3.504016E+0,1.791888E+0,-16.123620E+0,500.000000E-3,200.000000E+0,0.000000E+0,40.000000E+0,3.000000E+0,1.000000E+0
414.345699E+0,290.000000E+0,294.990000E+0,126.870952E-3,0.000000E+0,1.755838E+0,3.569674E+0,1.792926E+0,-16.148260E+0,500.000000E-3,200.000000E+0,0.000000E+0,40.000000E+0,3.000000E+0,1.000000E+0
459.234267E+0,290.000000E+0,294.990000E+0,151.367342E-3,0.000000E+0,1.758308E+0,3.586576E+0,1.794428E+0,-16.130900E+0,500.000000E-3,200.000000E+0,0.000000E+0,40.000000E+0,3.000000E+0,1.000000E+0
504.124834E+0,290.000000E+0,294.990000E+0,153.636528E-3,0.000000E+0,1.760492E+0,3.542786E+0,1.797552E+0,-16.119100E+0,500.000000E-3,200.000000E+0,0.000000E+0,40.000000E+0,3.000000E+0,1.000000E+0
548.999401E+0,290.000000E+0,294.860000E+0,131.421297E-3,0.000000E+0,1.764692E+0,3.512554E+0,1.802564E+0,-16.102160E+0,500.000000E-3,200.000000E+0,0.000000E+0,40.000000E+0,3.000000E+0,1.000000E+0
593.882968E+0,290.000000E+0,294.750000E+0,82.442690E-3,0.000000E+0,1.769216E+0,3.516274E+0,1.808000E+0,-16.093300E+0,500.000000E-3,200.000000E+0,0.000000E+0,40.000000E+0,3.000000E+0,1.000000E+0
638.764535E+0,290.000000E+0,294.520000E+0,3.550004E-6,0.000000E+0,1.775646E+0,3.498224E+0,1.815530E+0,-16.079080E+0,500.000000E-3,200.000000E+0,0.000000E+0,40.000000E+0,3.000000E+0,1.000000E+0
683.634101E+0,290.000000E+0,294.070000E+0,-82.441523E-3,0.000000E+0,1.783948E+0,3.516064E+0,1.825172E+0,-16.065360E+0,500.000000E-3,200.000000E+0,0.000000E+0,40.000000E+0,3.000000E+0,1.000000E+0
728.532670E+0,290.000000E+0,293.500000E+0,-158.194765E-3,0.000000E+0,1.796692E+0,3.497244E+0,1.838538E+0,-16.055980E+0,500.000000E-3,200.000000E+0,0.000000E+0,40.000000E+0,3.000000E+0,1.000000E+0
773.395236E+0,290.000000E+0,292.590000E+0,-280.760410E-3,0.000000E+0,1.812374E+0,3.457042E+0,1.857024E+0,-16.031080E+0,500.000000E-3,200.000000E+0,0.000000E+0,40.000000E+0,3.000000E+0,1.000000E+0
818.289804E+0,290.000000E+0,291.460000E+0,-454.535496E-3,1.000000E+0,1.834304E+0,3.439400E+0,1.878258E+0,-16.003240E+0,2.650000E+0,200.000000E+0,0.000000E+0,40.000000E+0,3.000000E+0,1.000000E+0
863.169371E+0,290.000000E+0,289.910000E+0,-708.546358E-3,13.000000E+0,1.855860E+0,3.432488E+0,1.901438E+0,-15.958960E+0,2.650000E+0,200.000000E+0,0.000000E+0,40.000000E+0,3.000000E+0,1.000000E+0
908.039937E+0,290.000000E+0,288.230000E+0,-1.011576E+0,39.000000E+0,1.879610E+0,3.344946E+0,1.923458E+0,-15.959040E+0,1.900000E+0,200.000000E+0,0.000000E+0,40.000000E+0,3.000000E+0,1.000000E+0
952.933505E+0,290.000000E+0,286.690000E+0,-1.381378E+0,70.000000E+0,1.897420E+0,3.366732E+0,1.941098E+0,-15.923180E+0,2.650000E+0,200.000000E+0,0.000000E+0,40.000000E+0,3.000000E+0,1.000000E+0
997.818072E+0,290.000000E+0,285.930000E+0,-1.771390E+0,86.000000E+0,1.912038E+0,3.225940E+0,1.950920E+0,-15.431100E+0,2.650000E+0,200.000000E+0,0.000000E+0,40.000000E+0,3.000000E+0,1.000000E+0
1.042707E+3,290.000000E+0,286.470000E+0,-2.034266E+0,86.000000E+0,1.919490E+0,3.154014E+0,1.955628E+0,-15.323580E+0,2.650000E+0,200.000000E+0,0.000000E+0,40.000000E+0,3.000000E+0,1.000000E+0
1.087593E+3,290.000000E+0,287.570000E+0,-1.949586E+0,83.000000E+0,1.921244E+0,3.146622E+0,1.957652E+0,-15.282940E+0,2.650000E+0,200.000000E+0,0.000000E+0,40.000000E+0,3.000000E+0,1.000000E+0
1.132482E+3,290.000000E+0,288.560000E+0,-1.278822E+0,83.000000E+0,1.924824E+0,3.130674E+0,1.960238E+0,-15.277280E+0,2.650000E+0,200.000000E+0,0.000000E+0,40.000000E+0,3.000000E+0,1.000000E+0
1.177372E+3,290.000000E+0,289.240000E+0,-196.029346E-3,87.000000E+0,1.928906E+0,3.103526E+0,1.965630E+0,-15.248160E+0,2.650000E+0,200.000000E+0,0.000000E+0,40.000000E+0,3.000000E+0,1.000000E+0
1.222244E+3,290.000000E+0,289.570000E+0,781.952619E-3,93.000000E+0,1.934050E+0,3.110026E+0,1.971272E+0,-15.241880E+0,2.650000E+0,200.000000E+0,0.000000E+0,40.000000E+0,3.000000E+0,1.000000E+0
1.267123E+3,290.000000E+0,289.680000E+0,1.202989E+0,97.000000E+0,1.938442E+0,3.076436E+0,1.975358E+0,-15.236760E+0,2.650000E+0,200.000000E+0,0.000000E+0,40.000000E+0,3.000000E+0,1.000000E+0
1.312002E+3,290.000000E+0,289.790000E+0,1.062671E+0,100.000000E+0,1.941520E+0,3.105642E+0,1.979442E+0,-15.246800E+0,2.650000E+0,200.000000E+0,0.000000E+0,40.000000E+0,3.000000E+0,1.000000E+0
1.356886E+3,290.000000E+0,289.910000E+0,695.112194E-3,100.000000E+0,1.946674E+0,3.078830E+0,1.983598E+0,-15.238400E+0,2.650000E+0,200.000000E+0,0.000000E+0,40.000000E+0,3.000000E+0,1.000000E+0
1.402277E+3,290.000000E+0,290.130000E+0,372.108741E-3,100.000000E+0,1.949754E+0,3.094552E+0,1.987562E+0,-15.248200E+0,2.650000E+0,200.000000E+0,0.000000E+0,40.000000E+0,3.000000E+0,1.000000E+0
1.447130E+3,290.000000E+0,290.130000E+0,198.316081E-3,100.000000E+0,1.953926E+0,3.044722E+0,1.991738E+0,-15.233500E+0,2.650000E+0,200.000000E+0,0.000000E+0,40.000000E+0,3.000000E+0,1.000000E+0
1.911043E+3,286.074914E+0,287.570000E+0,175.592439E-3,100.000000E+0,2.009386E+0,3.034536E+0,2.046642E+0,-15.163320E+0,4.900000E+0,200.000000E+0,0.000000E+0,40.000000E+0,3.000000E+0,1.000000E+0
1.955965E+3,286.074914E+0,286.910000E+0,175.328428E-3,100.000000E+0,2.014548E+0,2.981244E+0,2.052080E+0,-15.144060E+0,4.900000E+0,200.000000E+0,0.000000E+0,40.000000E+0,3.000000E+0,1.000000E+0
2.000838E+3,284.577529E+0,286.260000E+0,162.083972E-3,100.000000E+0,2.021044E+0,2.870900E+0,2.055418E+0,-15.146300E+0,4.900000E+0,200.000000E+0,0.000000E+0,40.000000E+0,3.000000E+0,1.000000E+0
2.045735E+3,283.081743E+0,285.710000E+0,134.560675E-3,100.000000E+0,2.020574E+0,3.014226E+0,2.056516E+0,-15.135700E+0,4.900000E+0,200.000000E+0,0.000000E+0,40.000000E+0,3.000000E+0,1.000000E+0
2.090621E+3,281.585191E+0,285.060000E+0,-205.971211E-3,100.000000E+0,2.018780E+0,3.039256E+0,2.057248E+0,-15.162320E+0,4.900000E+0,200.000000E+0,0.000000E+0,40.000000E+0,3.000000E+0,1.000000E+0
2.135507E+3,280.089005E+0,284.320000E+0,-511.322802E-3,89.000000E+0,2.025492E+0,3.063400E+0,2.058298E+0,-15.164300E+0,4.900000E+0,200.000000E+0,0.000000E+0,40.000000E+0,3.000000E+0,1.000000E+0
2.180397E+3,278.592787E+0,283.130000E+0,-826.438521E-3,89.000000E+0,2.020510E+0,2.909814E+0,2.061684E+0,-15.157000E+0,4.295000E+0,200.000000E+0,0.000000E+0,40.000000E+0,3.000000E+0,1.000000E+0
2.225289E+3,277.096468E+0,281.420000E+0,-844.336181E-3,83.000000E+0,2.025682E+0,3.082140E+0,2.064246E+0,-15.172840E+0,2.650000E+0,200.000000E+0,0.000000E+0,40.000000E+0,3.000000E+0,1.000000E+0
2.270187E+3,275.600049E+0,279.730000E+0,-1.006945E+0,78.000000E+0,2.025428E+0,3.014722E+0,2.066296E+0,-15.177980E+0,2.650000E+0,200.000000E+0,0.000000E+0,40.000000E+0,3.000000E+0,1.000000E+0
2.315071E+3,274.103463E+0,278.270000E+0,-1.385640E+0,72.000000E+0,2.033654E+0,3.077216E+0,2.069330E+0,-15.193400E+0,2.650000E+0,200.000000E+0,0.000000E+0,40.000000E+0,3.000000E+0,1.000000E+0
2.359968E+3,272.607311E+0,276.820000E+0,-1.833288E+0,62.000000E+0,2.037206E+0,2.991452E+0,2.073308E+0,-15.215420E+0,2.650000E+0,200.000000E+0,0.000000E+0,40.000000E+0,3.000000E+0,1.000000E+0
2.404861E+3,271.110759E+0,275.480000E+0,-2.105028E+0,60.000000E+0,2.038492E+0,3.082036E+0,2.078788E+0,-15.275320E+0,2.650000E+0,200.000000E+0,0.000000E+0,40.000000E+0,3.000000E+0,1.000000E+0
2.449755E+3,269.614340E+0,273.850000E+0,-2.107263E+0,59.000000E+0,2.043524E+0,3.057692E+0,2.088076E+0,-15.311200E+0,2.650000E+0,200.000000E+0,0.000000E+0,40.000000E+0,3.000000E+0,1.000000E+0
2.494643E+3,268.117854E+0,272.120000E+0,-1.971398E+0,56.000000E+0,2.058126E+0,2.898090E+0,2.092400E+0,-15.284360E+0,2.650000E+0,200.000000E+0,0.000000E+0,40.000000E+0,3.000000E+0,1.000000E+0
2.539524E+3,266.621602E+0,270.520000E+0,-1.931264E+0,48.000000E+0,2.063738E+0,2.849376E+0,2.100060E+0,-15.277140E+0,2.650000E+0,200.000000E+0,0.000000E+0,40.000000E+0,3.000000E+0,1.000000E+0
2.584408E+3,265.125550E+0,269.230000E+0,-2.031499E+0,47.000000E+0,2.072566E+0,2.972562E+0,2.107772E+0,-15.296100E+0,2.650000E+0,200.000000E+0,0.000000E+0,40.000000E+0,3.000000E+0,1.000000E+0
2.629294E+3,263.629431E+0,267.650000E+0,-2.151946E+0,45.000000E+0,2.078666E+0,3.038522E+0,2.115280E+0,-15.311900E+0,2.650000E+0,200.000000E+0,0.000000E+0,40.000000E+0,3.000000E+0,1.000000E+0
2.674176E+3,262.133212E+0,266.100000E+0,-2.134284E+0,42.000000E+0,2.087004E+0,2.847572E+0,2.121960E+0,-15.347520E+0,2.650000E+0,200.000000E+0,0.000000E+0,40.000000E+0,3.000000E+0,1.000000E+0
2.719065E+3,260.637160E+0,264.560000E+0,-2.025217E+0,38.000000E+0,2.091380E+0,2.875032E+0,2.129820E+0,-15.335360E+0,2.650000E+0,200.000000E+0,0.000000E+0,40.000000E+0,3.000000E+0,1.000000E+0
2.763956E+3,259.140874E+0,263.110000E+0,-1.980666E+0,31.000000E+0,2.103562E+0,2.990432E+0,2.138628E+0,-15.357060E+0,2.650000E+0,200.000000E+0,0.000000E+0,40.000000E+0,3.000000E+0,1.000000E+0
2.808836E+3,257.644488E+0,261.680000E+0,-2.025188E+0,27.000000E+0,2.103932E+0,2.958354E+0,2.146622E+0,-15.409080E+0,2.650000E+0,200.000000E+0,0.000000E+0,40.000000E+0,3.000000E+0,1.000000E+0
2.853718E+3,256.148503E+0,260.270000E+0,-2.051849E+0,25.000000E+0,2.115974E+0,2.960974E+0,2.156406E+0,-15.424520E+0,2.650000E+0,200.000000E+0,0.000000E+0,40.000000E+0,3.000000E+0,1.000000E+0
2.898603E+3,254.652417E+0,258.680000E+0,-1.996128E+0,26.000000E+0,2.123460E+0,3.033354E+0,2.166266E+0,-15.442960E+0,2.650000E+0,200.000000E+0,0.000000E+0,40.000000E+0,3.000000E+0,1.000000E+0
2.943492E+3,253.156265E+0,257.010000E+0,-1.940487E+0,23.000000E+0,2.135260E+0,2.925140E+0,2.174760E+0,-15.469840E+0,2.650000E+0,200.000000E+0,0.000000E+0,40.000000E+0,3.000000E+0,1.000000E+0
2.988372E+3,251.659946E+0,255.450000E+0,-1.942811E+0,19.000000E+0,2.142278E+0,3.149382E+0,2.183972E+0,-15.515120E+0,2.650000E+0,200.000000E+0,0.000000E+0,40.000000E+0,3.000000E+0,1.000000E+0
3.033271E+3,250.163960E+0,254.090000E+0,-2.027447E+0,14.000000E+0,2.156948E+0,2.878908E+0,2.192398E+0,-15.540880E+0,2.650000E+0,200.000000E+0,0.000000E+0,40.000000E+0,3.000000E+0,1.000000E+0
3.078138E+3,248.667308E+0,252.740000E+0,-2.114287E+0,10.000000E+0,2.164776E+0,3.133448E+0,2.202550E+0,-15.562240E+0,2.650000E+0,200.000000E+0,0.000000E+0,40.000000E+0,3.000000E+0,1.000000E+0
3.123045E+3,247.171756E+0,251.390000E+0,-2.096376E+0,7.000000E+0,2.169216E+0,2.894282E+0,2.211842E+0,-15.607320E+0,2.650000E+0,200.000000E+0,0.000000E+0,40.000000E+0,3.000000E+0,1.000000E+0
3.167914E+3,245.674870E+0,249.980000E+0,-1.973900E+0,7.000000E+0,2.177210E+0,3.075608E+0,2.223008E+0,-15.605620E+0,2.200000E+0,200.000000E+0,0.000000E+0,40.000000E+0,3.000000E+0,1.000000E+0
3.212811E+3,244.179218E+0,248.220000E+0,-1.855793E+0,5.000000E+0,2.187606E+0,3.083970E+0,2.233236E+0,-15.625760E+0,1.900000E+0,200.000000E+0,0.000000E+0,40.000000E+0,3.000000E+0,1.000000E+0
3.257693E+3,242.682666E+0,246.650000E+0,-1.820170E+0,3.000000E+0,2.203912E+0,2.906460E+0,2.242900E+0,-15.660240E+0,1.700000E+0,200.000000E+0,0.000000E+0,40.000000E+0,3.000000E+0,1.000000E+0
3.302590E+3,241.186580E+0,245.360000E+0,-1.922659E+0,1.000000E+0,2.209564E+0,3.069096E+0,2.253858E+0,-15.666920E+0,1.300000E+0,200.000000E+0,0.000000E+0,40.000000E+0,3.000000E+0,1.000000E+0
3.347474E+3,239.690028E+0,244.070000E+0,-2.062963E+0,0.000000E+0,2.223296E+0,3.006738E+0,2.265054E+0,-15.711860E+0,900.000000E-3,200.000000E+0,0.000000E+0,40.000000E+0,3.000000E+0,1.000000E+0
3.392356E+3,238.193876E+0,242.800000E+0,-2.085219E+0,0.000000E+0,2.231440E+0,2.919222E+0,2.277362E+0,-15.761780E+0,600.000000E-3,200.000000E+0,0.000000E+0,40.000000E+0,3.000000E+0,1.000000E+0
3.437237E+3,236.697824E+0,241.700000E+0,-1.953671E+0,0.000000E+0,2.248870E+0,2.928600E+0,2.291544E+0,-15.818100E+0,500.000000E-3,200.000000E+0,0.000000E+0,40.000000E+0,3.000000E+0,1.000000E+0
3.482165E+3,235.201805E+0,240.440000E+0,-1.782221E+0,0.000000E+0,2.267344E+0,2.885220E+0,2.309312E+0,-15.898280E+0,500.000000E-3,200.000000E+0,0.000000E+0,40.000000E+0,3.000000E+0,1.000000E+0
3.527015E+3,233.704186E+0,239.200000E+0,-1.673164E+0,0.000000E+0,2.283850E+0,3.023854E+0,2.329296E+0,-15.993340E+0,500.000000E-3,200.000000E+0,0.000000E+0,40.000000E+0,3.000000E+0,1.000000E+0
3.571898E+3,232.209200E+0,237.870000E+0,-1.623992E+0,0.000000E+0,2.302460E+0,2.913916E+0,2.353540E+0,-16.108640E+0,500.000000E-3,200.000000E+0,0.000000E+0,40.000000E+0,3.000000E+0,1.000000E+0
3.616781E+3,230.713081E+0,236.410000E+0,-1.610550E+0,0.000000E+0,2.328168E+0,2.940262E+0,2.379210E+0,-16.255520E+0,500.000000E-3,200.000000E+0,0.000000E+0,40.000000E+0,3.000000E+0,1.000000E+0
3.661665E+3,229.216996E+0,234.790000E+0,-1.655297E+0,0.000000E+0,2.352836E+0,2.939736E+0,2.408486E+0,-16.381400E+0,500.000000E-3,200.000000E+0,0.000000E+0,40.000000E+0,3.000000E+0,1.000000E+0
3.706549E+3,227.720843E+0,233.110000E+0,-1.751353E+0,0.000000E+0,2.386592E+0,3.054630E+0,2.439530E+0,-16.536100E+0,500.000000E-3,200.000000E+0,0.000000E+0,40.000000E+0,3.000000E+0,1.000000E+0
3.751438E+3,226.224725E+0,231.140000E+0,-1.880645E+0,0.000000E+0,2.415934E+0,2.985768E+0,2.473010E+0,-16.728020E+0,500.000000E-3,200.000000E+0,0.000000E+0,40.000000E+0,3.000000E+0,1.000000E+0
3.796319E+3,224.728439E+0,229.030000E+0,-2.043063E+0,0.000000E+0,2.447650E+0,3.078400E+0,2.509406E+0,-16.925760E+0,500.000000E-3,200.000000E+0,0.000000E+0,40.000000E+0,3.000000E+0,1.000000E+0
3.841207E+3,223.232387E+0,226.880000E+0,-2.234617E+0,4.000000E+0,2.481316E+0,2.930572E+0,2.546134E+0,-17.145420E+0,500.000000E-3,200.000000E+0,0.000000E+0,40.000000E+0,3.000000E+0,1.000000E+0
3.886087E+3,221.736135E+0,224.450000E+0,-2.457386E+0,16.000000E+0,2.518786E+0,2.917188E+0,2.583240E+0,-17.408580E+0,900.000000E-3,200.000000E+0,0.000000E+0,40.000000E+0,3.000000E+0,1.000000E+0
3.930989E+3,220.240116E+0,221.920000E+0,-2.671259E+0,39.000000E+0,2.560826E+0,3.078828E+0,2.621824E+0,-17.649080E+0,900.000000E-3,200.000000E+0,0.000000E+0,40.000000E+0,3.000000E+0,1.000000E+0
3.975881E+3,218.743397E+0,219.510000E+0,-2.878496E+0,55.000000E+0,2.594146E+0,2.977688E+0,2.656666E+0,-17.894420E+0,2.650000E+0,200.000000E+0,0.000000E+0,40.000000E+0,3.000000E+0,1.000000E+0
4.020764E+3,217.246978E+0,217.920000E+0,-3.074405E+0,58.000000E+0,2.622188E+0,2.927750E+0,2.682536E+0,-18.066880E+0,2.650000E+0,200.000000E+0,0.000000E+0,40.000000E+0,3.000000E+0,1.000000E+0
4.065644E+3,215.750892E+0,217.000000E+0,-3.225598E+0,57.000000E+0,2.644502E+0,3.112538E+0,2.704664E+0,-18.242080E+0,2.650000E+0,200.000000E+0,0.000000E+0,40.000000E+0,3.000000E+0,1.000000E+0
4.110536E+3,214.254907E+0,216.080000E+0,-3.096307E+0,58.000000E+0,2.663116E+0,2.981890E+0,2.728854E+0,-18.416440E+0,2.650000E+0,200.000000E+0,0.000000E+0,40.000000E+0,3.000000E+0,1.000000E+0
4.155421E+3,212.758488E+0,214.940000E+0,-2.550666E+0,60.000000E+0,2.681584E+0,3.008232E+0,2.752886E+0,-18.629160E+0,2.650000E+0,200.000000E+0,0.000000E+0,40.000000E+0,3.000000E+0,1.000000E+0
4.200301E+3,211.262335E+0,213.690000E+0,-1.860298E+0,63.000000E+0,2.709202E+0,3.028572E+0,2.775866E+0,-18.839580E+0,2.650000E+0,200.000000E+0,0.000000E+0,40.000000E+0,3.000000E+0,1.000000E+0
4.245186E+3,209.766317E+0,212.250000E+0,-1.428097E+0,64.000000E+0,2.728860E+0,2.962894E+0,2.800344E+0,-19.057840E+0,2.650000E+0,200.000000E+0,0.000000E+0,40.000000E+0,3.000000E+0,1.000000E+0
4.290101E+3,208.270164E+0,210.880000E+0,-1.401342E+0,66.000000E+0,2.750970E+0,3.088262E+0,2.821728E+0,-19.258260E+0,2.650000E+0,200.000000E+0,0.000000E+0,40.000000E+0,3.000000E+0,1.000000E+0
4.334968E+3,206.772979E+0,209.530000E+0,-1.590757E+0,67.000000E+0,2.769422E+0,3.066622E+0,2.846168E+0,-19.518440E+0,2.650000E+0,200.000000E+0,0.000000E+0,40.000000E+0,3.000000E+0,1.000000E+0
4.379864E+3,205.277426E+0,208.130000E+0,-1.757677E+0,69.000000E+0,2.792374E+0,3.054900E+0,2.868170E+0,-19.759000E+0,2.650000E+0,200.000000E+0,0.000000E+0,40.000000E+0,3.000000E+0,1.000000E+0
4.424732E+3,203.780908E+0,206.600000E+0,-1.831087E+0,76.000000E+0,2.812310E+0,3.033696E+0,2.894084E+0,-20.043080E+0,2.650000E+0,200.000000E+0,0.000000E+0,40.000000E+0,3.000000E+0,1.000000E+0
4.475563E+3,202.285289E+0,204.970000E+0,-1.844476E+0,71.000000E+0,2.835074E+0,3.028430E+0,2.911984E+0,-20.258060E+0,2.650000E+0,200.000000E+0,0.000000E+0,40.000000E+0,3.000000E+0,1.000000E+0
4.520475E+3,200.590925E+0,203.740000E+0,-1.871464E+0,69.000000E+0,2.849646E+0,3.095288E+0,2.932820E+0,-20.490840E+0,2.650000E+0,200.000000E+0,0.000000E+0,40.000000E+0,3.000000E+0,1.000000E+0
4.565357E+3,199.093873E+0,202.340000E+0,-1.925953E+0,68.000000E+0,2.872486E+0,3.072606E+0,2.957506E+0,-20.800900E+0,2.650000E+0,200.000000E+0,0.000000E+0,40.000000E+0,3.000000E+0,1.000000E+0
4.610242E+3,197.597787E+0,200.710000E+0,-1.910659E+0,72.000000E+0,2.890416E+0,3.096936E+0,2.982588E+0,-21.102080E+0,2.650000E+0,200.000000E+0,0.000000E+0,40.000000E+0,3.000000E+0,1.000000E+0
4.655132E+3,196.101635E+0,199.030000E+0,-1.843621E+0,74.000000E+0,2.911336E+0,3.086184E+0,3.004364E+0,-21.383760E+0,2.650000E+0,200.000000E+0,0.000000E+0,40.000000E+0,3.000000E+0,1.000000E+0
4.700018E+3,194.605283E+0,197.570000E+0,-1.858300E+0,70.000000E+0,2.929572E+0,3.112046E+0,3.024500E+0,-21.651260E+0,2.650000E+0,200.000000E+0,0.000000E+0,40.000000E+0,3.000000E+0,1.000000E+0
4.744907E+3,193.109097E+0,196.180000E+0,-1.998262E+0,71.000000E+0,2.946050E+0,3.161994E+0,3.051836E+0,-22.040880E+0,2.650000E+0,200.000000E+0,0.000000E+0,40.000000E+0,3.000000E+0,1.000000E+0
4.789803E+3,191.612778E+0,194.630000E+0,-2.111996E+0,72.000000E+0,2.968180E+0,3.142950E+0,3.072700E+0,-22.346860E+0,2.650000E+0,200.000000E+0,0.000000E+0,40.000000E+0,3.000000E+0,1.000000E+0
4.834778E+3,190.116259E+0,193.160000E+0,-2.071835E+0,68.000000E+0,2.982642E+0,3.137296E+0,3.093962E+0,-22.646080E+0,2.650000E+0,200.000000E+0,0.000000E+0,40.000000E+0,3.000000E+0,1.000000E+0
4.879668E+3,188.617107E+0,191.710000E+0,-1.989334E+0,70.000000E+0,3.004662E+0,3.203006E+0,3.116036E+0,-23.009220E+0,2.650000E+0,200.000000E+0,0.000000E+0,40.000000E+0,3.000000E+0,1.000000E+0
4.924578E+3,187.120755E+0,190.170000E+0,-1.961897E+0,70.000000E+0,3.024822E+0,3.198222E+0,3.141192E+0,-23.415040E+0,2.650000E+0,200.000000E+0,0.000000E+0,40.000000E+0,3.000000E+0,1.000000E+0
4.969455E+3,185.623769E+0,188.700000E+0,-1.976840E+0,72.000000E+0,3.041414E+0,3.200192E+0,3.165174E+0,-23.819420E+0,2.650000E+0,200.000000E+0,0.000000E+0,40.000000E+0,3.000000E+0,1.000000E+0
5.014327E+3,184.127850E+0,187.150000E+0,-1.987867E+0,70.000000E+0,3.062010E+0,3.254562E+0,3.190760E+0,-24.271560E+0,2.650000E+0,200.000000E+0,0.000000E+0,40.000000E+0,3.000000E+0,1.000000E+0
5.059219E+3,182.632131E+0,185.670000E+0,-1.986261E+0,70.000000E+0,3.080138E+0,3.314470E+0,3.212556E+0,-24.635380E+0,2.650000E+0,200.000000E+0,0.000000E+0,40.000000E+0,3.000000E+0,1.000000E+0
5.104120E+3,181.135712E+0,184.160000E+0,-2.009385E+0,68.000000E+0,3.097264E+0,3.302962E+0,3.237598E+0,-25.061880E+0,2.650000E+0,200.000000E+0,0.000000E+0,40.000000E+0,3.000000E+0,1.000000E+0
5.148999E+3,179.639027E+0,182.730000E+0,-2.018564E+0,66.000000E+0,3.114046E+0,3.324792E+0,3.263302E+0,-25.555220E+0,2.650000E+0,200.000000E+0,0.000000E+0,40.000000E+0,3.000000E+0,1.000000E+0
5.193896E+3,178.143074E+0,181.200000E+0,-2.014065E+0,67.000000E+0,3.134478E+0,3.365642E+0,3.288328E+0,-25.967300E+0,2.650000E+0,200.000000E+0,0.000000E+0,40.000000E+0,3.000000E+0,1.000000E+0
5.238781E+3,176.646489E+0,179.650000E+0,-1.996018E+0,66.000000E+0,3.154386E+0,3.375846E+0,3.315000E+0,-26.475940E+0,2.650000E+0,200.000000E+0,0.000000E+0,40.000000E+0,3.000000E+0,1.000000E+0
5.283676E+3,175.150337E+0,178.180000E+0,-1.980334E+0,63.000000E+0,3.171752E+0,3.402642E+0,3.340552E+0,-26.962000E+0,2.650000E+0,200.000000E+0,0.000000E+0,40.000000E+0,3.000000E+0,1.000000E+0
5.328568E+3,173.653818E+0,176.730000E+0,-2.000464E+0,65.000000E+0,3.188342E+0,3.332732E+0,3.368604E+0,-27.509540E+0,2.650000E+0,200.000000E+0,0.000000E+0,40.000000E+0,3.000000E+0,1.000000E+0
5.373451E+3,172.157432E+0,175.160000E+0,-2.018278E+0,63.000000E+0,3.205642E+0,3.469056E+0,3.397292E+0,-28.144800E+0,2.650000E+0,200.000000E+0,0.000000E+0,40.000000E+0,3.000000E+0,1.000000E+0
5.418350E+3,170.661313E+0,173.650000E+0,-2.009287E+0,61.000000E+0,3.224356E+0,3.409214E+0,3.423912E+0,-28.675200E+0,2.650000E+0,200.000000E+0,0.000000E+0,40.000000E+0,3.000000E+0,1.000000E+0
5.463235E+3,169.164694E+0,172.170000E+0,-1.995974E+0,61.000000E+0,3.240774E+0,3.483580E+0,3.455394E+0,-29.355960E+0,2.650000E+0,200.000000E+0,0.000000E+0,40.000000E+0,3.000000E+0,1.000000E+0
5.508126E+3,167.668509E+0,170.670000E+0,-2.009325E+0,61.000000E+0,3.255860E+0,3.493064E+0,3.481280E+0,-29.881040E+0,2.650000E+0,200.000000E+0,0.000000E+0,40.000000E+0,3.000000E+0,1.000000E+0
5.553030E+3,166.172156E+0,169.190000E+0,-2.024939E+0,59.000000E+0,3.280238E+0,3.544486E+0,3.511064E+0,-30.594520E+0,2.650000E+0,200.000000E+0,0.000000E+0,40.000000E+0,3.000000E+0,1.000000E+0
5.597904E+3,164.675371E+0,167.720000E+0,-2.016021E+0,60.000000E+0,3.293220E+0,3.591718E+0,3.546976E+0,-31.350600E+0,2.650000E+0,200.000000E+0,0.000000E+0,40.000000E+0,3.000000E+0,1.000000E+0
5.642794E+3,163.179552E+0,166.140000E+0,-1.993656E+0,57.000000E+0,3.312426E+0,3.808172E+0,3.582408E+0,-32.049540E+0,2.650000E+0,200.000000E+0,0.000000E+0,40.000000E+0,3.000000E+0,1.000000E+0
5.687687E+3,161.683233E+0,164.730000E+0,-1.984790E+0,56.000000E+0,3.325762E+0,3.729068E+0,3.618628E+0,-32.897220E+0,2.650000E+0,200.000000E+0,0.000000E+0,40.000000E+0,3.000000E+0,1.000000E+0
5.732573E+3,160.186781E+0,163.210000E+0,-2.000475E+0,55.000000E+0,3.349940E+0,3.750398E+0,3.652830E+0,-33.706400E+0,2.650000E+0,200.000000E+0,0.000000E+0,40.000000E+0,3.000000E+0,1.000000E+0
5.777463E+3,158.690595E+0,161.710000E+0,-2.002784E+0,53.000000E+0,3.362892E+0,3.952870E+0,3.698156E+0,-35.241560E+0,2.650000E+0,200.000000E+0,0.000000E+0,40.000000E+0,3.000000E+0,1.000000E+0
5.822352E+3,157.194243E+0,160.190000E+0,-1.998321E+0,54.000000E+0,3.370560E+0,4.159800E+0,3.765244E+0,-37.164320E+0,2.650000E+0,200.000000E+0,0.000000E+0,40.000000E+0,3.000000E+0,1.000000E+0
5.867239E+3,155.697957E+0,158.690000E+0,-1.991547E+0,54.000000E+0,3.393498E+0,4.108680E+0,3.804644E+0,-37.931900E+0,2.650000E+0,200.000000E+0,0.000000E+0,40.000000E+0,3.000000E+0,1.000000E+0
5.912127E+3,154.201738E+0,157.140000E+0,-1.998260E+0,50.000000E+0,3.399746E+0,4.218454E+0,3.834152E+0,-38.517960E+0,2.650000E+0,200.000000E+0,0.000000E+0,40.000000E+0,3.000000E+0,1.000000E+0
5.957043E+3,152.705453E+0,155.680000E+0,-2.018339E+0,50.000000E+0,3.418718E+0,4.170600E+0,3.883460E+0,-39.538880E+0,2.650000E+0,200.000000E+0,0.000000E+0,40.000000E+0,3.000000E+0,1.000000E+0
6.001916E+3,151.208267E+0,154.180000E+0,-2.025030E+0,49.000000E+0,3.435218E+0,4.256588E+0,3.935640E+0,-40.707800E+0,2.650000E+0,200.000000E+0,0.000000E+0,40.000000E+0,3.000000E+0,1.000000E+0
6.046809E+3,149.712482E+0,152.690000E+0,-2.022615E+0,48.000000E+0,3.452142E+0,4.367740E+0,3.987320E+0,-41.845060E+0,2.650000E+0,200.000000E+0,0.000000E+0,40.000000E+0,3.000000E+0,1.000000E+0
6.091721E+3,148.216063E+0,151.190000E+0,-2.009146E+0,45.000000E+0,3.466630E+0,4.425534E+0,4.037234E+0,-42.868080E+0,2.650000E+0,200.000000E+0,0.000000E+0,40.000000E+0,3.000000E+0,1.000000E+0
6.136613E+3,146.718977E+0,149.710000E+0,-1.995846E+0,47.000000E+0,3.480916E+0,4.482318E+0,4.093344E+0,-44.002060E+0,2.650000E+0,200.000000E+0,0.000000E+0,40.000000E+0,3.000000E+0,1.000000E+0
6.181482E+3,145.222592E+0,148.180000E+0,-1.991384E+0,43.000000E+0,3.491674E+0,4.611186E+0,4.149552E+0,-45.001180E+0,2.650000E+0,200.000000E+0,0.000000E+0,40.000000E+0,3.000000E+0,1.000000E+0
6.226368E+3,143.726973E+0,146.680000E+0,-1.995728E+0,41.000000E+0,3.512282E+0,4.580518E+0,4.205778E+0,-46.128540E+0,2.650000E+0,200.000000E+0,0.000000E+0,40.000000E+0,3.000000E+0,1.000000E+0
6.271256E+3,142.230754E+0,145.220000E+0,-2.000229E+0,42.000000E+0,3.517834E+0,4.662226E+0,4.271144E+0,-47.266920E+0,2.650000E+0,200.000000E+0,0.000000E+0,40.000000E+0,3.000000E+0,1.000000E+0
6.316148E+3,140.734501E+0,143.660000E+0,-2.009513E+0,41.000000E+0,3.540750E+0,4.694490E+0,4.341574E+0,-48.654960E+0,2.650000E+0,200.000000E+0,0.000000E+0,40.000000E+0,3.000000E+0,1.000000E+0
6.361028E+3,139.238083E+0,142.160000E+0,-2.005279E+0,37.000000E+0,3.550148E+0,4.700666E+0,4.403428E+0,-49.710060E+0,2.650000E+0,200.000000E+0,0.000000E+0,40.000000E+0,3.000000E+0,1.000000E+0
6.405912E+3,137.742097E+0,140.750000E+0,-2.007358E+0,36.000000E+0,3.567202E+0,4.787940E+0,4.477554E+0,-50.925500E+0,2.650000E+0,200.000000E+0,0.000000E+0,40.000000E+0,3.000000E+0,1.000000E+0
6.450816E+3,136.245945E+0,139.190000E+0,-2.013913E+0,36.000000E+0,3.582510E+0,4.972292E+0,4.561450E+0,-52.451440E+0,2.650000E+0,200.000000E+0,0.000000E+0,40.000000E+0,3.000000E+0,1.000000E+0
6.495676E+3,134.749159E+0,137.670000E+0,-2.002846E+0,34.000000E+0,3.589110E+0,4.991152E+0,4.655962E+0,-53.879180E+0,2.650000E+0,200.000000E+0,0.000000E+0,40.000000E+0,3.000000E+0,1.000000E+0
6.540564E+3,133.253840E+0,136.240000E+0,-1.991649E+0,30.000000E+0,3.604930E+0,5.084018E+0,4.750290E+0,-55.356060E+0,2.650000E+0,200.000000E+0,0.000000E+0,40.000000E+0,3.000000E+0,1.000000E+0
6.585453E+3,131.757555E+0,134.770000E+0,-1.996174E+0,29.000000E+0,3.617812E+0,5.127728E+0,4.851170E+0,-56.777400E+0,2.650000E+0,200.000000E+0,0.000000E+0,40.000000E+0,3.000000E+0,1.000000E+0
6.630346E+3,130.261269E+0,133.210000E+0,-2.005203E+0,28.000000E+0,3.631704E+0,5.191602E+0,4.968030E+0,-58.341240E+0,2.650000E+0,200.000000E+0,0.000000E+0,40.000000E+0,3.000000E+0,1.000000E+0
6.675235E+3,128.764817E+0,131.700000E+0,-1.989690E+0,24.000000E+0,3.650286E+0,5.315928E+0,5.077262E+0,-59.749000E+0,2.650000E+0,200.000000E+0,0.000000E+0,40.000000E+0,3.000000E+0,1.000000E+0
6.720123E+3,127.268531E+0,130.240000E+0,-1.978407E+0,23.000000E+0,3.662140E+0,5.425096E+0,5.219212E+0,-61.501000E+0,2.650000E+0,200.000000E+0,0.000000E+0,40.000000E+0,3.000000E+0,1.000000E+0
6.765017E+3,125.772246E+0,128.780000E+0,-2.004889E+0,21.000000E+0,3.685646E+0,5.472334E+0,5.341868E+0,-62.946180E+0,2.650000E+0,200.000000E+0,0.000000E+0,40.000000E+0,3.000000E+0,1.000000E+0
6.809906E+3,124.275793E+0,127.280000E+0,-2.020483E+0,20.000000E+0,3.707238E+0,5.530534E+0,5.508372E+0,-64.579380E+0,2.650000E+0,200.000000E+0,0.000000E+0,40.000000E+0,3.000000E+0,1.000000E+0
6.854787E+3,122.779508E+0,125.770000E+0,-1.995980E+0,16.000000E+0,3.728208E+0,5.697204E+0,5.658024E+0,-66.223440E+0,2.650000E+0,200.000000E+0,0.000000E+0,40.000000E+0,3.000000E+0,1.000000E+0
6.899677E+3,121.283456E+0,124.260000E+0,-1.971476E+0,13.000000E+0,3.741164E+0,5.715916E+0,5.818084E+0,-67.887920E+0,2.650000E+0,200.000000E+0,0.000000E+0,40.000000E+0,3.000000E+0,1.000000E+0
6.944559E+3,119.787137E+0,122.810000E+0,-1.980439E+0,9.000000E+0,3.753194E+0,5.827068E+0,6.006050E+0,-69.687440E+0,2.650000E+0,200.000000E+0,0.000000E+0,40.000000E+0,3.000000E+0,1.000000E+0
6.989445E+3,118.291051E+0,121.370000E+0,-2.002798E+0,5.000000E+0,3.765506E+0,6.004900E+0,6.192244E+0,-71.359760E+0,2.650000E+0,200.000000E+0,0.000000E+0,40.000000E+0,3.000000E+0,1.000000E+0
7.034330E+3,116.794866E+0,119.940000E+0,-2.002871E+0,2.000000E+0,3.779612E+0,6.033938E+0,6.394260E+0,-73.128720E+0,1.900000E+0,200.000000E+0,0.000000E+0,40.000000E+0,3.000000E+0,1.000000E+0
7.079230E+3,115.298680E+0,118.480000E+0,-1.976150E+0,0.000000E+0,3.790054E+0,6.214890E+0,6.625020E+0,-75.010440E+0,1.200000E+0,200.000000E+0,0.000000E+0,40.000000E+0,3.000000E+0,1.000000E+0
7.124114E+3,113.802028E+0,117.080000E+0,-1.942732E+0,0.000000E+0,3.801488E+0,6.315576E+0,6.845066E+0,-76.635680E+0,700.000000E-3,200.000000E+0,0.000000E+0,40.000000E+0,3.000000E+0,1.000000E+0
7.169012E+3,112.305875E+0,115.710000E+0,-1.927044E+0,0.000000E+0,3.808068E+0,6.406210E+0,7.085854E+0,-78.390880E+0,500.000000E-3,200.000000E+0,0.000000E+0,40.000000E+0,3.000000E+0,1.000000E+0
7.213896E+3,110.809290E+0,114.390000E+0,-1.920246E+0,0.000000E+0,3.822558E+0,6.490608E+0,7.329896E+0,-79.933480E+0,500.000000E-3,200.000000E+0,0.000000E+0,40.000000E+0,3.000000E+0,1.000000E+0
7.258796E+3,109.313171E+0,113.160000E+0,-1.897892E+0,0.000000E+0,3.829468E+0,6.642080E+0,7.574926E+0,-81.418000E+0,500.000000E-3,200.000000E+0,0.000000E+0,40.000000E+0,3.000000E+0,1.000000E+0
7.303681E+3,107.816485E+0,111.930000E+0,-1.853368E+0,0.000000E+0,3.842316E+0,6.777032E+0,7.817888E+0,-82.884640E+0,500.000000E-3,200.000000E+0,0.000000E+0,40.000000E+0,3.000000E+0,1.000000E+0
7.348574E+3,106.320333E+0,110.750000E+0,-1.784313E+0,0.000000E+0,3.848320E+0,6.775720E+0,8.121830E+0,-84.522520E+0,500.000000E-3,200.000000E+0,0.000000E+0,40.000000E+0,3.000000E+0,1.000000E+0
7.393466E+3,104.823881E+0,109.630000E+0,-1.715239E+0,0.000000E+0,3.862618E+0,6.989358E+0,8.384732E+0,-85.930440E+0,500.000000E-3,200.000000E+0,0.000000E+0,40.000000E+0,3.000000E+0,1.000000E+0
7.438357E+3,103.327495E+0,108.580000E+0,-1.652883E+0,0.000000E+0,3.871224E+0,7.110184E+0,8.639898E+0,-87.249540E+0,500.000000E-3,200.000000E+0,0.000000E+0,40.000000E+0,3.000000E+0,1.000000E+0
7.483290E+3,101.831110E+0,107.520000E+0,-1.597188E+0,0.000000E+0,3.879178E+0,7.233002E+0,8.932762E+0,-88.460740E+0,500.000000E-3,200.000000E+0,0.000000E+0,40.000000E+0,3.000000E+0,1.000000E+0
7.528135E+3,100.333357E+0,106.500000E+0,-1.532600E+0,0.000000E+0,3.885590E+0,7.292022E+0,9.218534E+0,-89.983340E+0,500.000000E-3,200.000000E+0,0.000000E+0,40.000000E+0,3.000000E+0,1.000000E+0
7.572671E+3,98.838539E+0,105.520000E+0,-1.465528E+0,0.000000E+0,3.887816E+0,7.406484E+0,9.505068E+0,-91.121660E+0,500.000000E-3,200.000000E+0,0.000000E+0,40.000000E+0,3.000000E+0,1.000000E+0
7.617192E+3,97.353987E+0,104.580000E+0,-1.416564E+0,0.000000E+0,3.897952E+0,7.480898E+0,9.782982E+0,-92.284900E+0,500.000000E-3,200.000000E+0,0.000000E+0,40.000000E+0,3.000000E+0,1.000000E+0
7.661728E+3,95.869969E+0,103.650000E+0,-1.380698E+0,0.000000E+0,3.901498E+0,7.673396E+0,10.072760E+0,-93.379780E+0,500.000000E-3,200.000000E+0,0.000000E+0,40.000000E+0,3.000000E+0,1.000000E+0
7.706260E+3,94.385417E+0,102.780000E+0,-1.342076E+0,0.000000E+0,3.906716E+0,7.713996E+0,10.401160E+0,-94.643660E+0,500.000000E-3,200.000000E+0,0.000000E+0,40.000000E+0,3.000000E+0,1.000000E+0
7.750797E+3,92.901032E+0,101.910000E+0,-1.298661E+0,0.000000E+0,3.908292E+0,7.821962E+0,10.790620E+0,-96.023380E+0,500.000000E-3,200.000000E+0,0.000000E+0,40.000000E+0,3.000000E+0,1.000000E+0
7.795320E+3,91.416447E+0,101.070000E+0,-1.255325E+0,0.000000E+0,3.918678E+0,7.996154E+0,11.182620E+0,-97.275100E+0,500.000000E-3,200.000000E+0,0.000000E+0,40.000000E+0,3.000000E+0,1.000000E+0
7.839848E+3,90.000000E+0,100.220000E+0,-1.214848E+0,0.000000E+0,3.922452E+0,8.071402E+0,11.584260E+0,-98.520800E+0,500.000000E-3,200.000000E+0,0.000000E+0,40.000000E+0,3.000000E+0,1.000000E+0
7.884380E+3,90.000000E+0,99.370000E+0,-1.178903E+0,0.000000E+0,3.926650E+0,8.330836E+0,12.081640E+0,-99.911280E+0,500.000000E-3,200.000000E+0,0.000000E+0,40.000000E+0,3.000000E+0,1.000000E+0
7.928914E+3,90.000000E+0,98.530000E+0,-1.154276E+0,0.000000E+0,3.933394E+0,8.451862E+0,12.617220E+0,-101.413800E+0,500.000000E-3,200.000000E+0,0.000000E+0,40.000000E+0,3.000000E+0,1.000000E+0
7.973465E+3,90.000000E+0,97.650000E+0,-1.145332E+0,0.000000E+0,3.933592E+0,8.711578E+0,13.153000E+0,-102.836000E+0,500.000000E-3,200.000000E+0,0.000000E+0,40.000000E+0,3.000000E+0,1.000000E+0
8.017981E+3,90.000000E+0,96.760000E+0,-1.140820E+0,0.000000E+0,3.940150E+0,8.846754E+0,13.658160E+0,-104.041400E+0,500.000000E-3,200.000000E+0,0.000000E+0,40.000000E+0,3.000000E+0,1.000000E+0
8.062516E+3,90.000000E+0,95.890000E+0,-1.147410E+0,0.000000E+0,3.938134E+0,9.014844E+0,14.087280E+0,-105.175400E+0,500.000000E-3,200.000000E+0,0.000000E+0,40.000000E+0,3.000000E+0,1.000000E+0
8.107040E+3,90.000000E+0,94.980000E+0,-1.163099E+0,0.000000E+0,3.940798E+0,9.103428E+0,14.508800E+0,-105.949000E+0,500.000000E-3,200.000000E+0,0.000000E+0,40.000000E+0,3.000000E+0,1.000000E+0
8.151572E+3,90.000000E+0,94.100000E+0,-1.178880E+0,0.000000E+0,3.938024E+0,9.242476E+0,14.886720E+0,-106.861000E+0,500.000000E-3,200.000000E+0,0.000000E+0,40.000000E+0,3.000000E+0,1.000000E+0
8.196132E+3,90.000000E+0,93.280000E+0,-1.192466E+0,0.000000E+0,3.943278E+0,9.402838E+0,15.270800E+0,-107.503600E+0,500.000000E-3,200.000000E+0,0.000000E+0,40.000000E+0,3.000000E+0,1.000000E+0
8.240640E+3,90.000000E+0,92.500000E+0,-1.197007E+0,0.000000E+0,3.950226E+0,9.437182E+0,15.630480E+0,-108.150000E+0,500.000000E-3,200.000000E+0,0.000000E+0,40.000000E+0,3.000000E+0,1.000000E+0
8.285171E+3,90.000000E+0,91.760000E+0,-1.183356E+0,0.000000E+0,3.946332E+0,9.600166E+0,15.947440E+0,-109.020800E+0,500.000000E-3,200.000000E+0,0.000000E+0,40.000000E+0,3.000000E+0,1.000000E+0
8.329696E+3,90.000000E+0,91.050000E+0,-1.142897E+0,0.000000E+0,3.948290E+0,9.721516E+0,16.300360E+0,-109.603000E+0,2.650000E+0,200.000000E+0,0.000000E+0,40.000000E+0,3.000000E+0,1.000000E+0
8.374235E+3,90.000000E+0,90.380000E+0,-1.082326E+0,4.000000E+0,3.951004E+0,9.680864E+0,16.647640E+0,-110.122400E+0,2.650000E+0,200.000000E+0,0.000000E+0,40.000000E+0,3.000000E+0,1.000000E+0
8.418772E+3,90.000000E+0,89.760000E+0,-1.026336E+0,14.000000E+0,3.953376E+0,9.850872E+0,16.846380E+0,-110.560200E+0,2.650000E+0,200.000000E+0,0.000000E+0,40.000000E+0,3.000000E+0,1.000000E+0
8.463328E+3,90.000000E+0,89.440000E+0,-976.949715E-3,10.000000E+0,3.951998E+0,9.900596E+0,16.717660E+0,-110.273400E+0,2.650000E+0,200.000000E+0,0.000000E+0,40.000000E+0,3.000000E+0,1.000000E+0
8.507836E+3,90.000000E+0,89.760000E+0,-925.169898E-3,9.000000E+0,3.953616E+0,9.795124E+0,16.583780E+0,-110.006800E+0,2.650000E+0,200.000000E+0,0.000000E+0,40.000000E+0,3.000000E+0,1.000000E+0
8.552369E+3,90.000000E+0,89.970000E+0,-810.547669E-3,10.000000E+0,3.953980E+0,9.796754E+0,16.599680E+0,-110.085800E+0,2.650000E+0,200.000000E+0,0.000000E+0,40.000000E+0,3.000000E+0,1.000000E+0
8.596945E+3,90.000000E+0,89.980000E+0,-500.658478E-3,10.000000E+0,3.954916E+0,9.883160E+0,16.580100E+0,-110.073000E+0,2.650000E+0,200.000000E+0,0.000000E+0,40.000000E+0,3.000000E+0,1.000000E+0
8.641939E+3,90.000000E+0,90.040000E+0,-91.969071E-3,10.000000E+0,3.953468E+0,9.746210E+0,16.551760E+0,-110.117800E+0,2.650000E+0,200.000000E+0,0.000000E+0,40.000000E+0,3.000000E+0,1.000000E+0
8.686442E+3,90.000000E+0,90.080000E+0,168.423833E-3,10.000000E+0,3.954308E+0,9.843720E+0,16.589140E+0,-109.993200E+0,2.650000E+0,200.000000E+0,0.000000E+0,40.000000E+0,3.000000E+0,1.000000E+0
9.119805E+3,92.365127E+0,90.140000E+0,184.054045E-3,10.000000E+0,3.957772E+0,9.766684E+0,16.539500E+0,-109.941000E+0,500.000000E-3,200.000000E+0,0.000000E+0,40.000000E+0,3.000000E+0,1.000000E+0
9.164306E+3,92.365127E+0,90.140000E+0,87.354975E-3,1.000000E+0,3.954338E+0,9.780054E+0,15.532240E+0,-108.102600E+0,500.000000E-3,200.000000E+0,0.000000E+0,40.000000E+0,3.000000E+0,1.000000E+0
9.208878E+3,94.590205E+0,92.990000E+0,37.680163E-3,0.000000E+0,3.949956E+0,9.257112E+0,14.626100E+0,-106.210600E+0,1.600000E+0,200.000000E+0,0.000000E+0,40.000000E+0,3.000000E+0,1.000000E+0
9.253376E+3,96.818782E+0,94.270000E+0,21.871668E-3,26.000000E+0,3.949010E+0,9.292578E+0,14.752400E+0,-106.507600E+0,600.000000E-3,200.000000E+0,0.000000E+0,40.000000E+0,3.000000E+0,1.000000E+0
9.297902E+3,99.043709E+0,93.990000E+0,639.448459E-3,5.000000E+0,3.948816E+0,9.132314E+0,13.794220E+0,-104.374200E+0,600.000000E-3,200.000000E+0,0.000000E+0,40.000000E+0,3.000000E+0,1.000000E+0
9.342426E+3,101.269987E+0,97.030000E+0,1.567105E+0,9.000000E+0,3.943184E+0,8.671658E+0,12.617460E+0,-101.341400E+0,600.000000E-3,200.000000E+0,0.000000E+0,40.000000E+0,3.000000E+0,1.000000E+0
9.386971E+3,103.496214E+0,99.630000E+0,1.791942E+0,13.000000E+0,3.932924E+0,8.453230E+0,11.955500E+0,-99.460700E+0,1.900000E+0,200.000000E+0,0.000000E+0,40.000000E+0,3.000000E+0,1.000000E+0
9.431501E+3,105.723441E+0,101.630000E+0,1.771894E+0,0.000000E+0,3.922880E+0,8.113758E+0,10.960820E+0,-96.436520E+0,1.900000E+0,200.000000E+0,0.000000E+0,40.000000E+0,3.000000E+0,1.000000E+0
9.476034E+3,107.949969E+0,104.700000E+0,2.110967E+0,1.000000E+0,3.915154E+0,7.894380E+0,10.396880E+0,-94.493860E+0,1.800000E+0,200.000000E+0,0.000000E+0,40.000000E+0,3.000000E+0,1.000000E+0
9.520569E+3,110.176596E+0,106.460000E+0,2.919145E+0,0.000000E+0,3.910558E+0,7.578414E+0,9.806652E+0,-92.330740E+0,600.000000E-3,200.000000E+0,0.000000E+0,40.000000E+0,3.000000E+0,1.000000E+0
9.565098E+3,112.403323E+0,108.680000E+0,3.437788E+0,1.000000E+0,3.897284E+0,7.415248E+0,9.155738E+0,-89.516320E+0,600.000000E-3,200.000000E+0,0.000000E+0,40.000000E+0,3.000000E+0,1.000000E+0
9.609629E+3,114.629801E+0,111.140000E+0,3.255931E+0,5.000000E+0,3.889808E+0,7.198554E+0,8.706694E+0,-87.469460E+0,600.000000E-3,200.000000E+0,0.000000E+0,40.000000E+0,3.000000E+0,1.000000E+0
9.654161E+3,116.856328E+0,113.070000E+0,3.116833E+0,4.000000E+0,3.870168E+0,6.950570E+0,8.163154E+0,-84.587440E+0,1.100000E+0,200.000000E+0,0.000000E+0,40.000000E+0,3.000000E+0,1.000000E+0
9.699042E+3,119.082955E+0,115.550000E+0,3.029290E+0,9.000000E+0,3.858740E+0,6.816908E+0,7.751428E+0,-82.335520E+0,1.400000E+0,200.000000E+0,0.000000E+0,40.000000E+0,3.000000E+0,1.000000E+0
9.743940E+3,121.326984E+0,117.560000E+0,2.930532E+0,9.000000E+0,3.844640E+0,6.543396E+0,7.348144E+0,-79.756200E+0,1.800000E+0,200.000000E+0,0.000000E+0,40.000000E+0,3.000000E+0,1.000000E+0
9.788820E+3,123.571912E+0,119.890000E+0,3.023226E+0,15.000000E+0,3.830282E+0,6.455282E+0,6.965302E+0,-77.223620E+0,2.300000E+0,200.000000E+0,0.000000E+0,40.000000E+0,3.000000E+0,1.000000E+0
9.833716E+3,125.815891E+0,122.090000E+0,2.972483E+0,19.000000E+0,3.815666E+0,6.174754E+0,6.632292E+0,-74.751500E+0,2.300000E+0,200.000000E+0,0.000000E+0,40.000000E+0,3.000000E+0,1.000000E+0
9.878609E+3,128.060719E+0,124.320000E+0,2.953493E+0,22.000000E+0,3.795512E+0,6.066590E+0,6.324888E+0,-72.222180E+0,2.300000E+0,200.000000E+0,0.000000E+0,40.000000E+0,3.000000E+0,1.000000E+0
9.923502E+3,130.305347E+0,126.530000E+0,2.976237E+0,28.000000E+0,3.782438E+0,5.939928E+0,6.054610E+0,-69.844140E+0,2.650000E+0,200.000000E+0,0.000000E+0,40.000000E+0,3.000000E+0,1.000000E+0
9.968393E+3,132.549976E+0,128.780000E+0,2.962761E+0,34.000000E+0,3.765520E+0,5.759856E+0,5.811522E+0,-67.463920E+0,2.650000E+0,200.000000E+0,0.000000E+0,40.000000E+0,3.000000E+0,1.000000E+0
10.013282E+3,134.794554E+0,130.950000E+0,2.984961E+0,34.000000E+0,3.748258E+0,5.615270E+0,5.562166E+0,-64.921740E+0,2.650000E+0,200.000000E+0,0.000000E+0,40.000000E+0,3.000000E+0,1.000000E+0
10.058189E+3,137.038982E+0,133.360000E+0,2.969278E+0,43.000000E+0,3.732272E+0,5.501916E+0,5.392972E+0,-62.944760E+0,2.650000E+0,200.000000E+0,0.000000E+0,40.000000E+0,3.000000E+0,1.000000E+0
10.103059E+3,139.284361E+0,135.500000E+0,2.967149E+0,50.000000E+0,3.711970E+0,5.412688E+0,5.190022E+0,-60.516400E+0,2.650000E+0,200.000000E+0,0.000000E+0,40.000000E+0,3.000000E+0,1.000000E+0
10.147943E+3,141.527839E+0,137.670000E+0,2.998210E+0,53.000000E+0,3.695048E+0,5.297638E+0,5.016502E+0,-58.186520E+0,2.650000E+0,200.000000E+0,0.000000E+0,40.000000E+0,3.000000E+0,1.000000E+0
10.192838E+3,143.772068E+0,140.030000E+0,3.018337E+0,62.000000E+0,3.675290E+0,5.169714E+0,4.876502E+0,-56.292200E+0,2.650000E+0,200.000000E+0,0.000000E+0,40.000000E+0,3.000000E+0,1.000000E+0
10.237755E+3,146.016796E+0,142.120000E+0,2.994111E+0,69.000000E+0,3.657656E+0,5.034452E+0,4.737152E+0,-54.200400E+0,2.650000E+0,200.000000E+0,0.000000E+0,40.000000E+0,3.000000E+0,1.000000E+0
10.282618E+3,148.262624E+0,144.370000E+0,2.983166E+0,69.000000E+0,3.641606E+0,4.931074E+0,4.612362E+0,-52.255980E+0,2.650000E+0,200.000000E+0,0.000000E+0,40.000000E+0,3.000000E+0,1.000000E+0
10.327505E+3,150.505803E+0,146.640000E+0,2.960513E+0,80.000000E+0,3.620560E+0,4.815138E+0,4.501734E+0,-50.465720E+0,2.650000E+0,200.000000E+0,0.000000E+0,40.000000E+0,3.000000E+0,1.000000E+0
10.372386E+3,152.750131E+0,148.740000E+0,2.966918E+0,93.000000E+0,3.601206E+0,4.714660E+0,4.420226E+0,-49.014400E+0,2.650000E+0,200.000000E+0,0.000000E+0,40.000000E+0,3.000000E+0,1.000000E+0
10.417278E+3,154.994209E+0,150.850000E+0,2.965016E+0,100.000000E+0,3.581864E+0,4.701256E+0,4.318472E+0,-47.294000E+0,2.650000E+0,200.000000E+0,0.000000E+0,40.000000E+0,3.000000E+0,1.000000E+0
10.462161E+3,157.238788E+0,152.840000E+0,2.947667E+0,100.000000E+0,3.561964E+0,4.566852E+0,4.233772E+0,-45.646760E+0,4.515000E+0,200.000000E+0,0.000000E+0,40.000000E+0,3.000000E+0,1.000000E+0
10.507051E+3,159.482966E+0,154.930000E+0,2.918780E+0,100.000000E+0,3.543548E+0,4.473334E+0,4.156160E+0,-44.230520E+0,4.900000E+0,200.000000E+0,0.000000E+0,40.000000E+0,3.000000E+0,1.000000E+0
10.551942E+3,161.727445E+0,156.900000E+0,2.824932E+0,100.000000E+0,3.523334E+0,4.445190E+0,4.074894E+0,-42.607840E+0,4.900000E+0,200.000000E+0,0.000000E+0,40.000000E+0,3.000000E+0,1.000000E+0
10.596829E+3,163.971973E+0,158.860000E+0,2.760271E+0,100.000000E+0,3.501378E+0,4.375074E+0,3.996986E+0,-41.132080E+0,4.900000E+0,200.000000E+0,0.000000E+0,40.000000E+0,3.000000E+0,1.000000E+0
10.641718E+3,166.216351E+0,160.690000E+0,2.726783E+0,100.000000E+0,3.476596E+0,4.278336E+0,3.927966E+0,-39.568560E+0,4.900000E+0,200.000000E+0,0.000000E+0,40.000000E+0,3.000000E+0,1.000000E+0
10.686612E+3,168.460780E+0,162.430000E+0,2.688881E+0,100.000000E+0,3.452004E+0,4.204680E+0,3.868716E+0,-38.394360E+0,4.900000E+0,200.000000E+0,0.000000E+0,40.000000E+0,3.000000E+0,1.000000E+0
10.731502E+3,170.705508E+0,164.160000E+0,2.624246E+0,100.000000E+0,3.434144E+0,4.182390E+0,3.816624E+0,-37.323500E+0,4.900000E+0,200.000000E+0,0.000000E+0,40.000000E+0,3.000000E+0,1.000000E+0
10.776384E+3,172.949986E+0,165.880000E+0,2.515064E+0,100.000000E+0,3.412560E+0,4.121022E+0,3.767250E+0,-36.276000E+0,4.900000E+0,200.000000E+0,0.000000E+0,40.000000E+0,3.000000E+0,1.000000E+0
10.821313E+3,175.194115E+0,167.410000E+0,2.412537E+0,100.000000E+0,3.391910E+0,4.076908E+0,3.726928E+0,-35.327540E+0,4.900000E+0,200.000000E+0,0.000000E+0,40.000000E+0,3.000000E+0,1.000000E+0
10.866179E+3,177.440543E+0,168.950000E+0,2.336827E+0,100.000000E+0,3.377034E+0,4.018814E+0,3.686360E+0,-34.556740E+0,4.900000E+0,200.000000E+0,0.000000E+0,40.000000E+0,3.000000E+0,1.000000E+0
10.911067E+3,179.683822E+0,170.380000E+0,2.265319E+0,100.000000E+0,3.358022E+0,4.011740E+0,3.643764E+0,-33.682300E+0,4.900000E+0,200.000000E+0,0.000000E+0,40.000000E+0,3.000000E+0,1.000000E+0
10.955954E+3,181.928250E+0,171.790000E+0,2.176140E+0,100.000000E+0,3.336370E+0,3.961250E+0,3.611064E+0,-32.996020E+0,4.900000E+0,200.000000E+0,0.000000E+0,40.000000E+0,3.000000E+0,1.000000E+0
11.000845E+3,184.172578E+0,173.170000E+0,2.069335E+0,100.000000E+0,3.321062E+0,3.882490E+0,3.576606E+0,-32.227700E+0,4.900000E+0,200.000000E+0,0.000000E+0,40.000000E+0,3.000000E+0,1.000000E+0
11.045729E+3,186.417157E+0,174.520000E+0,1.978286E+0,100.000000E+0,3.303212E+0,3.885846E+0,3.543786E+0,-31.555380E+0,4.900000E+0,200.000000E+0,0.000000E+0,40.000000E+0,3.000000E+0,1.000000E+0
11.090641E+3,188.661335E+0,175.840000E+0,1.916032E+0,100.000000E+0,3.287004E+0,3.918104E+0,3.517322E+0,-31.041200E+0,4.900000E+0,200.000000E+0,0.000000E+0,40.000000E+0,3.000000E+0,1.000000E+0
11.135511E+3,190.906964E+0,177.080000E+0,1.862410E+0,100.000000E+0,3.273084E+0,3.872964E+0,3.494056E+0,-30.618000E+0,4.900000E+0,200.000000E+0,0.000000E+0,40.000000E+0,3.000000E+0,1.000000E+0
11.180393E+3,193.150442E+0,178.290000E+0,1.824399E+0,100.000000E+0,3.255644E+0,3.835232E+0,3.467812E+0,-30.080960E+0,4.900000E+0,200.000000E+0,0.000000E+0,40.000000E+0,3.000000E+0,1.000000E+0
11.225287E+3,195.394570E+0,179.450000E+0,1.773136E+0,100.000000E+0,3.244524E+0,3.860902E+0,3.449976E+0,-29.768700E+0,4.900000E+0,200.000000E+0,0.000000E+0,40.000000E+0,3.000000E+0,1.000000E+0
11.270179E+3,197.639249E+0,180.530000E+0,1.710898E+0,100.000000E+0,3.229418E+0,3.751184E+0,3.425756E+0,-29.353420E+0,4.900000E+0,200.000000E+0,0.000000E+0,40.000000E+0,3.000000E+0,1.000000E+0
11.315073E+3,199.883827E+0,181.520000E+0,1.644197E+0,100.000000E+0,3.212164E+0,3.755112E+0,3.402658E+0,-28.886220E+0,4.900000E+0,200.000000E+0,0.000000E+0,40.000000E+0,3.000000E+0,1.000000E+0
11.359972E+3,202.128555E+0,182.520000E+0,1.572897E+0,100.000000E+0,3.204620E+0,3.808996E+0,3.382116E+0,-28.526600E+0,4.900000E+0,200.000000E+0,0.000000E+0,40.000000E+0,3.000000E+0,1.000000E+0
11.404861E+3,204.373484E+0,183.520000E+0,1.488045E+0,100.000000E+0,3.190178E+0,3.731456E+0,3.369954E+0,-28.298920E+0,4.900000E+0,200.000000E+0,0.000000E+0,40.000000E+0,3.000000E+0,1.000000E+0
11.449756E+3,206.617962E+0,184.480000E+0,1.403306E+0,100.000000E+0,3.178322E+0,3.725758E+0,3.346276E+0,-27.888480E+0,4.900000E+0,200.000000E+0,0.000000E+0,40.000000E+0,3.000000E+0,1.000000E+0
11.494638E+3,208.862691E+0,185.460000E+0,1.349830E+0,100.000000E+0,3.163484E+0,3.673874E+0,3.326332E+0,-27.521300E+0,4.900000E+0,200.000000E+0,0.000000E+0,40.000000E+0,3.000000E+0,1.000000E+0
11.539555E+3,211.106819E+0,186.380000E+0,1.325337E+0,100.000000E+0,3.154548E+0,3.679948E+0,3.310750E+0,-27.248580E+0,4.900000E+0,200.000000E+0,0.000000E+0,40.000000E+0,3.000000E+0,1.000000E+0
11.584422E+3,213.352647E+0,187.310000E+0,1.314277E+0,100.000000E+0,3.135838E+0,3.652114E+0,3.285520E+0,-26.875100E+0,4.900000E+0,200.000000E+0,0.000000E+0,40.000000E+0,3.000000E+0,1.000000E+0
11.629314E+3,215.595976E+0,188.260000E+0,1.291951E+0,100.000000E+0,3.122220E+0,3.617846E+0,3.264138E+0,-26.479180E+0,4.900000E+0,200.000000E+0,0.000000E+0,40.000000E+0,3.000000E+0,1.000000E+0
11.674203E+3,217.840604E+0,189.260000E+0,1.267452E+0,100.000000E+0,3.106496E+0,3.623322E+0,3.242326E+0,-26.124180E+0,4.900000E+0,200.000000E+0,0.000000E+0,40.000000E+0,3.000000E+0,1.000000E+0
11.719095E+3,220.085032E+0,190.290000E+0,1.254170E+0,100.000000E+0,3.083250E+0,3.618000E+0,3.207508E+0,-25.567120E+0,4.900000E+0,200.000000E+0,0.000000E+0,40.000000E+0,3.000000E+0,1.000000E+0
11.764002E+3,222.329661E+0,191.430000E+0,1.265393E+0,100.000000E+0,3.057880E+0,3.583466E+0,3.174576E+0,-25.074460E+0,4.900000E+0,200.000000E+0,0.000000E+0,40.000000E+0,3.000000E+0,1.000000E+0
11.808871E+3,224.574989E+0,192.700000E+0,1.305499E+0,100.000000E+0,3.028986E+0,3.475138E+0,3.129922E+0,-23.978340E+0,4.900000E+0,200.000000E+0,0.000000E+0,40.000000E+0,3.000000E+0,1.000000E+0
11.853763E+3,226.818468E+0,194.160000E+0,1.369901E+0,100.000000E+0,2.995422E+0,3.371842E+0,3.081778E+0,-23.117920E+0,4.900000E+0,200.000000E+0,0.000000E+0,40.000000E+0,3.000000E+0,1.000000E+0
11.898647E+3,229.063046E+0,195.880000E+0,1.472403E+0,100.000000E+0,2.954558E+0,3.310230E+0,3.030838E+0,-22.382980E+0,4.900000E+0,200.000000E+0,0.000000E+0,40.000000E+0,3.000000E+0,1.000000E+0
11.943542E+3,231.307224E+0,197.750000E+0,1.628473E+0,100.000000E+0,2.910006E+0,3.414250E+0,2.983256E+0,-22.500840E+0,4.900000E+0,200.000000E+0,0.000000E+0,40.000000E+0,3.000000E+0,1.000000E+0
11.988433E+3,233.552003E+0,199.970000E+0,1.853609E+0,100.000000E+0,2.862080E+0,3.461946E+0,2.924128E+0,-21.850100E+0,4.900000E+0,200.000000E+0,0.000000E+0,40.000000E+0,3.000000E+0,1.000000E+0
12.033322E+3,235.796531E+0,202.410000E+0,2.116458E+0,100.000000E+0,2.809266E+0,3.429544E+0,2.863518E+0,-21.214220E+0,4.900000E+0,200.000000E+0,0.000000E+0,40.000000E+0,3.000000E+0,1.000000E+0
12.078218E+3,238.041009E+0,205.040000E+0,2.419231E+0,100.000000E+0,2.753140E+0,3.416108E+0,2.800916E+0,-20.630200E+0,4.900000E+0,200.000000E+0,0.000000E+0,40.000000E+0,3.000000E+0,1.000000E+0
12.123089E+3,240.285788E+0,207.850000E+0,2.748886E+0,100.000000E+0,2.695538E+0,3.311038E+0,2.735444E+0,-19.543860E+0,4.900000E+0,200.000000E+0,0.000000E+0,40.000000E+0,3.000000E+0,1.000000E+0
12.167974E+3,242.529366E+0,210.810000E+0,3.078508E+0,100.000000E+0,2.637736E+0,3.230954E+0,2.669634E+0,-18.834320E+0,4.900000E+0,200.000000E+0,0.000000E+0,40.000000E+0,3.000000E+0,1.000000E+0
12.212873E+3,244.773595E+0,213.830000E+0,3.379479E+0,100.000000E+0,2.581738E+0,3.228046E+0,2.613890E+0,-18.388200E+0,4.900000E+0,200.000000E+0,0.000000E+0,40.000000E+0,3.000000E+0,1.000000E+0
12.257749E+3,247.018523E+0,217.140000E+0,3.627094E+0,100.000000E+0,2.536546E+0,3.195600E+0,2.575002E+0,-18.104440E+0,4.900000E+0,200.000000E+0,0.000000E+0,40.000000E+0,3.000000E+0,1.000000E+0
12.302626E+3,249.262351E+0,220.830000E+0,3.829830E+0,100.000000E+0,2.521462E+0,3.152592E+0,2.561024E+0,-18.036680E+0,4.900000E+0,200.000000E+0,0.000000E+0,40.000000E+0,3.000000E+0,1.000000E+0
12.347508E+3,251.506180E+0,224.380000E+0,4.027995E+0,100.000000E+0,2.489844E+0,3.202520E+0,2.523270E+0,-17.845220E+0,4.900000E+0,200.000000E+0,0.000000E+0,40.000000E+0,3.000000E+0,1.000000E+0
12.392390E+3,253.750308E+0,228.100000E+0,4.302123E+0,100.000000E+0,2.450778E+0,3.206708E+0,2.480034E+0,-17.618780E+0,4.900000E+0,200.000000E+0,0.000000E+0,40.000000E+0,3.000000E+0,1.000000E+0
12.437276E+3,255.994386E+0,231.840000E+0,4.583230E+0,100.000000E+0,2.409918E+0,3.226572E+0,2.434036E+0,-17.268600E+0,4.900000E+0,200.000000E+0,0.000000E+0,40.000000E+0,3.000000E+0,1.000000E+0
12.482159E+3,258.238715E+0,235.670000E+0,4.792841E+0,100.000000E+0,2.360236E+0,3.212672E+0,2.380248E+0,-16.995980E+0,4.900000E+0,200.000000E+0,0.000000E+0,40.000000E+0,3.000000E+0,1.000000E+0
12.527040E+3,260.482843E+0,239.540000E+0,4.895067E+0,100.000000E+0,2.304642E+0,3.200766E+0,2.327112E+0,-16.809140E+0,4.900000E+0,200.000000E+0,0.000000E+0,40.000000E+0,3.000000E+0,1.000000E+0
12.571923E+3,262.726871E+0,243.400000E+0,4.968409E+0,100.000000E+0,2.257430E+0,3.203184E+0,2.280226E+0,-16.640600E+0,4.900000E+0,200.000000E+0,0.000000E+0,40.000000E+0,3.000000E+0,1.000000E+0
12.616817E+3,264.971050E+0,247.340000E+0,5.064235E+0,100.000000E+0,2.212740E+0,3.238918E+0,2.232886E+0,-16.542640E+0,4.900000E+0,200.000000E+0,0.000000E+0,40.000000E+0,3.000000E+0,1.000000E+0
12.661704E+3,267.215728E+0,251.480000E+0,5.124466E+0,100.000000E+0,2.170956E+0,3.132784E+0,2.192914E+0,-16.465360E+0,4.900000E+0,200.000000E+0,0.000000E+0,40.000000E+0,3.000000E+0,1.000000E+0
12.706586E+3,269.460107E+0,255.550000E+0,5.175554E+0,100.000000E+0,2.132316E+0,3.390920E+0,2.154684E+0,-16.917320E+0,4.900000E+0,200.000000E+0,0.000000E+0,40.000000E+0,3.000000E+0,1.000000E+0
12.751470E+3,271.704185E+0,259.330000E+0,5.259860E+0,100.000000E+0,2.095032E+0,3.397476E+0,2.118800E+0,-16.753220E+0,4.900000E+0,200.000000E+0,0.000000E+0,40.000000E+0,3.000000E+0,1.000000E+0
12.796355E+3,273.948413E+0,263.680000E+0,5.366705E+0,100.000000E+0,2.059970E+0,3.406994E+0,2.085612E+0,-16.474360E+0,4.900000E+0,200.000000E+0,0.000000E+0,40.000000E+0,3.000000E+0,1.000000E+0
12.841239E+3,276.192642E+0,267.570000E+0,5.378058E+0,100.000000E+0,2.029798E+0,3.416970E+0,2.054362E+0,-16.495500E+0,4.900000E+0,200.000000E+0,0.000000E+0,40.000000E+0,3.000000E+0,1.000000E+0
12.886180E+3,278.436870E+0,271.420000E+0,5.389439E+0,100.000000E+0,1.998814E+0,3.377702E+0,2.025974E+0,-16.479220E+0,4.900000E+0,200.000000E+0,0.000000E+0,40.000000E+0,3.000000E+0,1.000000E+0
12.931099E+3,280.683898E+0,274.870000E+0,5.396123E+0,100.000000E+0,1.973060E+0,3.491372E+0,1.998962E+0,-16.254020E+0,4.900000E+0,200.000000E+0,0.000000E+0,40.000000E+0,3.000000E+0,1.000000E+0
12.975975E+3,282.929827E+0,278.480000E+0,5.370482E+0,89.000000E+0,1.944064E+0,3.308324E+0,1.970620E+0,-15.946260E+0,4.900000E+0,200.000000E+0,0.000000E+0,40.000000E+0,3.000000E+0,1.000000E+0
13.020857E+3,285.173655E+0,281.950000E+0,5.183934E+0,67.000000E+0,1.919882E+0,3.307752E+0,1.946778E+0,-16.170100E+0,4.295000E+0,200.000000E+0,0.000000E+0,40.000000E+0,3.000000E+0,1.000000E+0
13.065749E+3,287.417734E+0,285.270000E+0,4.920582E+0,61.000000E+0,1.897018E+0,3.527680E+0,1.925324E+0,-16.319080E+0,2.650000E+0,200.000000E+0,0.000000E+0,40.000000E+0,3.000000E+0,1.000000E+0
13.110628E+3,289.662362E+0,287.570000E+0,4.774806E+0,65.000000E+0,1.876588E+0,3.484262E+0,1.907724E+0,-16.283700E+0,2.650000E+0,200.000000E+0,0.000000E+0,40.000000E+0,3.000000E+0,1.000000E+0
13.155506E+3,290.000000E+0,289.460000E+0,4.662726E+0,70.000000E+0,1.862012E+0,3.519174E+0,1.894130E+0,-16.248540E+0,2.650000E+0,200.000000E+0,0.000000E+0,40.000000E+0,3.000000E+0,1.000000E+0
13.200394E+3,290.000000E+0,291.130000E+0,4.342331E+0,45.000000E+0,1.848252E+0,3.521530E+0,1.878522E+0,-16.246060E+0,2.650000E+0,200.000000E+0,0.000000E+0,40.000000E+0,3.000000E+0,1.000000E+0
13.245279E+3,290.000000E+0,292.940000E+0,3.698389E+0,30.000000E+0,1.835034E+0,3.500370E+0,1.867918E+0,-16.245760E+0,2.650000E+0,200.000000E+0,0.000000E+0,40.000000E+0,3.000000E+0,1.000000E+0
13.290157E+3,290.000000E+0,293.390000E+0,2.978876E+0,25.000000E+0,1.826596E+0,3.499354E+0,1.860022E+0,-16.260700E+0,2.650000E+0,200.000000E+0,0.000000E+0,40.000000E+0,3.000000E+0,1.000000E+0
13.335046E+3,290.000000E+0,293.170000E+0,2.502099E+0,24.000000E+0,1.821316E+0,3.540708E+0,1.856132E+0,-16.272120E+0,2.650000E+0,200.000000E+0,0.000000E+0,40.000000E+0,3.000000E+0,1.000000E+0
13.379935E+3,290.000000E+0,292.590000E+0,2.072016E+0,24.000000E+0,1.818984E+0,3.579570E+0,1.854334E+0,-16.274320E+0,2.650000E+0,200.000000E+0,0.000000E+0,40.000000E+0,3.000000E+0,1.000000E+0
13.424836E+3,290.000000E+0,292.020000E+0,1.330087E+0,25.000000E+0,1.815746E+0,3.590272E+0,1.851600E+0,-16.283960E+0,2.650000E+0,200.000000E+0,0.000000E+0,40.000000E+0,3.000000E+0,1.000000E+0
13.469710E+3,290.000000E+0,291.690000E+0,376.574064E-3,24.000000E+0,1.814150E+0,3.528186E+0,1.850280E+0,-16.287460E+0,2.650000E+0,200.000000E+0,0.000000E+0,40.000000E+0,3.000000E+0,1.000000E+0
13.514601E+3,290.000000E+0,291.350000E+0,-383.126275E-3,23.000000E+0,1.812698E+0,3.588878E+0,1.848322E+0,-16.298960E+0,2.650000E+0,200.000000E+0,0.000000E+0,40.000000E+0,3.000000E+0,1.000000E+0
13.559490E+3,290.000000E+0,291.240000E+0,-634.870925E-3,22.000000E+0,1.813046E+0,3.460578E+0,1.845406E+0,-16.314840E+0,2.650000E+0,200.000000E+0,0.000000E+0,40.000000E+0,3.000000E+0,1.000000E+0
13.604390E+3,290.000000E+0,291.240000E+0,-605.932260E-3,20.000000E+0,1.807204E+0,3.608292E+0,1.843752E+0,-16.311280E+0,2.650000E+0,200.000000E+0,0.000000E+0,40.000000E+0,3.000000E+0,1.000000E+0
13.649279E+3,290.000000E+0,291.240000E+0,-450.025410E-3,19.000000E+0,1.804638E+0,3.612738E+0,1.840922E+0,-16.322940E+0,2.650000E+0,200.000000E+0,0.000000E+0,40.000000E+0,3.000000E+0,1.000000E+0
13.694657E+3,290.000000E+0,291.240000E+0,-274.026309E-3,17.000000E+0,1.802090E+0,3.651446E+0,1.838830E+0,-16.328120E+0,2.650000E+0,200.000000E+0,0.000000E+0,40.000000E+0,3.000000E+0,1.000000E+0
13.739505E+3,290.000000E+0,291.240000E+0,-124.747860E-3,15.000000E+0,1.801820E+0,3.536500E+0,1.836980E+0,-16.334260E+0,2.650000E+0,200.000000E+0,0.000000E+0,40.000000E+0,3.000000E+0,1.000000E+0
14.172643E+3,291.130747E+0,291.130000E+0,-24.501851E-3,7.000000E+0,1.793280E+0,3.613892E+0,1.824092E+0,-16.381440E+0,2.650000E+0,200.000000E+0,0.000000E+0,40.000000E+0,3.000000E+0,1.000000E+0
14.217482E+3,291.130747E+0,291.130000E+0,0.000000E+0,14.000000E+0,1.786672E+0,3.455794E+0,1.823252E+0,-16.398180E+0,2.650000E+0,200.000000E+0,0.000000E+0,40.000000E+0,3.000000E+0,1.000000E+0
14.262359E+3,291.131495E+0,291.240000E+0,480.889804E-6,13.000000E+0,1.781260E+0,3.634466E+0,1.822570E+0,-16.387920E+0,2.650000E+0,200.000000E+0,0.000000E+0,40.000000E+0,3.000000E+0,1.000000E+0
14.307244E+3,291.132243E+0,291.580000E+0,961.778766E-6,10.000000E+0,1.786624E+0,3.657420E+0,1.819848E+0,-16.383820E+0,2.650000E+0,200.000000E+0,0.000000E+0,40.000000E+0,3.000000E+0,1.000000E+0
14.352131E+3,291.132991E+0,291.910000E+0,25.483567E-3,9.000000E+0,1.781412E+0,3.607074E+0,1.817444E+0,-16.394500E+0,2.650000E+0,200.000000E+0,0.000000E+0,40.000000E+0,3.000000E+0,1.000000E+0
14.397006E+3,291.133739E+0,292.250000E+0,125.267673E-3,7.000000E+0,1.785498E+0,3.685584E+0,1.816112E+0,-16.405160E+0,2.400000E+0,200.000000E+0,0.000000E+0,40.000000E+0,3.000000E+0,1.000000E+0
14.441903E+3,291.134487E+0,292.360000E+0,274.053593E-3,5.000000E+0,1.775642E+0,3.691576E+0,1.814632E+0,-16.421420E+0,2.100000E+0,200.000000E+0,0.000000E+0,40.000000E+0,3.000000E+0,1.000000E+0
14.486775E+3,291.135235E+0,292.470000E+0,398.815243E-3,5.000000E+0,1.774806E+0,3.682770E+0,1.813136E+0,-16.425940E+0,1.700000E+0,200.000000E+0,0.000000E+0,40.000000E+0,3.000000E+0,1.000000E+0
14.531664E+3,291.135983E+0,292.470000E+0,398.804073E-3,4.000000E+0,1.777416E+0,3.529048E+0,1.812240E+0,-16.438560E+0,1.500000E+0,200.000000E+0,0.000000E+0,40.000000E+0,3.000000E+0,1.000000E+0
14.576536E+3,291.136731E+0,292.470000E+0,298.552430E-3,4.000000E+0,1.773530E+0,3.406618E+0,1.811574E+0,-16.458080E+0,1.400000E+0,200.000000E+0,0.000000E+0,40.000000E+0,3.000000E+0,1.000000E+0
14.621447E+3,291.137479E+0,292.470000E+0,173.778486E-3,3.000000E+0,1.778830E+0,3.655148E+0,1.810984E+0,-16.463080E+0,1.300000E+0,200.000000E+0,0.000000E+0,40.000000E+0,3.000000E+0,1.000000E+0
14.666320E+3,291.138228E+0,292.470000E+0,73.524660E-3,2.000000E+0,1.778566E+0,3.791598E+0,1.810740E+0,-16.473520E+0,1.200000E+0,200.000000E+0,0.000000E+0,40.000000E+0,3.000000E+0,1.000000E+0
14.711190E+3,291.138975E+0,292.470000E+0,24.509494E-3,2.000000E+0,1.777774E+0,3.567582E+0,1.810694E+0,-16.483940E+0,1.000000E+0,200.000000E+0,0.000000E+0,40.000000E+0,3.000000E+0,1.000000E+0
