 -2.90000e-07 -2.80000e-07 -2.70000e-07 -2.60000e-07 -2.50000e-07 -2.40000e-07
 -2.30000e-07 -2.20000e-07 -2.10000e-07 -2.00000e-07 -1.90000e-07 -1.80000e-07
 -1.70000e-07 -1.60000e-07 -1.50000e-07 -1.40000e-07 -1.30000e-07 -1.20000e-07
 -1.10000e-07 -1.00000e-07 -9.00000e-08 -8.00000e-08 -7.00000e-08 -6.00000e-08
 -5.00000e-08 -4.00000e-08 -3.00000e-08 -2.00000e-08 -1.00000e-08 -4.73100e-22
  1.00000e-08  2.00000e-08  3.00000e-08  4.00000e-08  5.00000e-08  6.00000e-08
  7.00000e-08  8.00000e-08  9.00000e-08  1.00000e-07  1.10000e-07  1.20000e-07
  1.30000e-07  1.40000e-07  1.50000e-07  1.60000e-07  1.70000e-07  1.80000e-07
  1.90000e-07  2.00000e-07  2.10000e-07  2.20000e-07  2.30000e-07  2.40000e-07
  2.50000e-07  2.60000e-07  2.70000e-07  2.80000e-07  2.90000e-07  3.00000e-07
  3.10000e-07  3.20000e-07  3.30000e-07  3.40000e-07  3.50000e-07  3.60000e-07
  3.70000e-07  3.80000e-07  3.90000e-07  4.00000e-07  4.10000e-07  4.20000e-07
  4.30000e-07  4.40000e-07  4.50000e-07  4.60000e-07  4.70000e-07  4.80000e-07
  4.90000e-07  5.00000e-07  5.10000e-07  5.20000e-07  5.30000e-07  5.40000e-07
  5.50000e-07  5.60000e-07  5.70000e-07  5.80000e-07  5.90000e-07  6.00000e-07
  6.10000e-07  6.20000e-07  6.30000e-07  6.40000e-07  6.50000e-07  6.60000e-07
  6.70000e-07  6.80000e-07  6.90000e-07  7.00000e-07  7.10000e-07  7.20000e-07
  7.30000e-07  7.40000e-07  7.50000e-07  7.60000e-07  7.70000e-07  7.80000e-07
  7.90000e-07  8.00000e-07  8.10000e-07  8.20000e-07  8.30000e-07  8.40000e-07
  8.50000e-07  8.60000e-07  8.70000e-07  8.80000e-07  8.90000e-07  9.00000e-07
  9.10000e-07  9.20000e-07  9.30000e-07  9.40000e-07  9.50000e-07  9.60000e-07
  9.70000e-07  9.80000e-07  9.90000e-07  1.00000e-06  1.01000e-06  1.02000e-06
  1.03000e-06  1.04000e-06  1.05000e-06  1.06000e-06  1.07000e-06  1.08000e-06
  1.09000e-06  1.10000e-06  1.11000e-06  1.12000e-06  1.13000e-06  1.14000e-06
  1.15000e-06  1.16000e-06  1.17000e-06  1.18000e-06  1.19000e-06  1.20000e-06
  1.21000e-06  1.22000e-06  1.23000e-06  1.24000e-06  1.25000e-06  1.26000e-06
  1.27000e-06  1.28000e-06  1.29000e-06  1.30000e-06  1.31000e-06  1.32000e-06
  1.33000e-06  1.34000e-06  1.35000e-06  1.36000e-06  1.37000e-06  1.38000e-06
  1.39000e-06  1.40000e-06  1.41000e-06  1.42000e-06  1.43000e-06  1.44000e-06
  1.45000e-06  1.46000e-06  1.47000e-06  1.48000e-06  1.49000e-06  1.50000e-06
  1.51000e-06  1.52000e-06  1.53000e-06  1.54000e-06  1.55000e-06  1.56000e-06
  1.57000e-06  1.58000e-06  1.59000e-06  1.60000e-06  1.61000e-06  1.62000e-06
  1.63000e-06  1.64000e-06  1.65000e-06  1.66000e-06  1.67000e-06  1.68000e-06
  1.69000e-06  1.70000e-06  1.71000e-06  1.72000e-06  1.73000e-06  1.74000e-06
  1.75000e-06  1.76000e-06  1.77000e-06  1.78000e-06  1.79000e-06  1.80000e-06
  1.81000e-06  1.82000e-06  1.83000e-06  1.84000e-06  1.85000e-06  1.86000e-06
  1.87000e-06  1.88000e-06  1.89000e-06  1.90000e-06  1.91000e-06  1.92000e-06
  1.93000e-06  1.94000e-06  1.95000e-06  1.96000e-06  1.97000e-06  1.98000e-06
  1.99000e-06  2.00000e-06  2.01000e-06  2.02000e-06  2.03000e-06  2.04000e-06
  2.05000e-06  2.06000e-06  2.07000e-06  2.08000e-06  2.09000e-06  2.10000e-06
  2.11000e-06  2.12000e-06  2.13000e-06  2.14000e-06  2.15000e-06  2.16000e-06
  2.17000e-06  2.18000e-06  2.19000e-06  2.20000e-06  2.21000e-06  2.22000e-06
  2.23000e-06  2.24000e-06  2.25000e-06  2.26000e-06  2.27000e-06  2.28000e-06
  2.29000e-06  2.30000e-06  2.31000e-06  2.32000e-06  2.33000e-06  2.34000e-06
  2.35000e-06  2.36000e-06  2.37000e-06  2.38000e-06  2.39000e-06  2.40000e-06
  2.41000e-06  2.42000e-06  2.43000e-06  2.44000e-06  2.45000e-06  2.46000e-06
  2.47000e-06  2.48000e-06  2.49000e-06  2.50000e-06  2.51000e-06  2.52000e-06
  2.53000e-06  2.54000e-06  2.55000e-06  2.56000e-06  2.57000e-06  2.58000e-06
  2.59000e-06  2.60000e-06  2.61000e-06  2.62000e-06  2.63000e-06  2.64000e-06
  2.65000e-06  2.66000e-06  2.67000e-06  2.68000e-06  2.69000e-06  2.70000e-06
  2.71000e-06  2.72000e-06  2.73000e-06  2.74000e-06  2.75000e-06  2.76000e-06
  2.77000e-06  2.78000e-06  2.79000e-06  2.80000e-06  2.81000e-06  2.82000e-06
  2.83000e-06  2.84000e-06  2.85000e-06  2.86000e-06  2.87000e-06  2.88000e-06
  2.89000e-06  2.90000e-06  2.91000e-06  2.92000e-06  2.93000e-06  2.94000e-06
  2.95000e-06  2.96000e-06  2.97000e-06  2.98000e-06  2.99000e-06  3.00000e-06
  3.01000e-06  3.02000e-06  3.03000e-06  3.04000e-06  3.05000e-06  3.06000e-06
  3.07000e-06  3.08000e-06  3.09000e-06  3.10000e-06  3.11000e-06  3.12000e-06
  3.13000e-06  3.14000e-06  3.15000e-06  3.16000e-06  3.17000e-06  3.18000e-06
  3.19000e-06  3.20000e-06  3.21000e-06  3.22000e-06  3.23000e-06  3.24000e-06
  3.25000e-06  3.26000e-06  3.27000e-06  3.28000e-06  3.29000e-06  3.30000e-06
  3.31000e-06  3.32000e-06  3.33000e-06  3.34000e-06  3.35000e-06  3.36000e-06
  3.37000e-06  3.38000e-06  3.39000e-06  3.40000e-06  3.41000e-06  3.42000e-06
  3.43000e-06  3.44000e-06  3.45000e-06  3.46000e-06  3.47000e-06  3.48000e-06
  3.49000e-06  3.50000e-06  3.51000e-06  3.52000e-06  3.53000e-06  3.54000e-06
  3.55000e-06  3.56000e-06  3.57000e-06  3.58000e-06  3.59000e-06  3.60000e-06
  3.61000e-06  3.62000e-06  3.63000e-06  3.64000e-06  3.65000e-06  3.66000e-06
  3.67000e-06  3.68000e-06  3.69000e-06  3.70000e-06  3.71000e-06  3.72000e-06
  3.73000e-06  3.74000e-06  3.75000e-06  3.76000e-06  3.77000e-06  3.78000e-06
  3.79000e-06  3.80000e-06  3.81000e-06  3.82000e-06  3.83000e-06  3.84000e-06
  3.85000e-06  3.86000e-06  3.87000e-06  3.88000e-06  3.89000e-06  3.90000e-06
  3.91000e-06  3.92000e-06  3.93000e-06  3.94000e-06  3.95000e-06  3.96000e-06
  3.97000e-06  3.98000e-06  3.99000e-06  4.00000e-06  4.01000e-06  4.02000e-06
  4.03000e-06  4.04000e-06  4.05000e-06  4.06000e-06  4.07000e-06  4.08000e-06
  4.09000e-06  4.10000e-06  4.11000e-06  4.12000e-06  4.13000e-06  4.14000e-06
  4.15000e-06  4.16000e-06  4.17000e-06  4.18000e-06  4.19000e-06  4.20000e-06
  4.21000e-06  4.22000e-06  4.23000e-06  4.24000e-06  4.25000e-06  4.26000e-06
  4.27000e-06  4.28000e-06  4.29000e-06  4.30000e-06  4.31000e-06  4.32000e-06
  4.33000e-06  4.34000e-06  4.35000e-06  4.36000e-06  4.37000e-06  4.38000e-06
  4.39000e-06  4.40000e-06  4.41000e-06  4.42000e-06  4.43000e-06  4.44000e-06
  4.45000e-06  4.46000e-06  4.47000e-06  4.48000e-06  4.49000e-06  4.50000e-06
  4.51000e-06  4.52000e-06  4.53000e-06  4.54000e-06  4.55000e-06  4.56000e-06
  4.57000e-06  4.58000e-06  4.59000e-06  4.60000e-06  4.61000e-06  4.62000e-06
  4.63000e-06  4.64000e-06  4.65000e-06  4.66000e-06  4.67000e-06  4.68000e-06
  4.69000e-06  4.70000e-06  4.71000e-06  4.72000e-06  4.73000e-06  4.74000e-06
  4.75000e-06  4.76000e-06  4.77000e-06  4.78000e-06  4.79000e-06  4.80000e-06
  4.81000e-06  4.82000e-06  4.83000e-06  4.84000e-06  4.85000e-06  4.86000e-06
  4.87000e-06  4.88000e-06  4.89000e-06  4.90000e-06  4.91000e-06  4.92000e-06
  4.93000e-06  4.94000e-06  4.95000e-06  4.96000e-06  4.97000e-06  4.98000e-06
  4.99000e-06  5.00000e-06  5.01000e-06  5.02000e-06  5.03000e-06  5.04000e-06
  5.05000e-06  5.06000e-06  5.07000e-06  5.08000e-06  5.09000e-06  5.10000e-06
  5.11000e-06  5.12000e-06  5.13000e-06  5.14000e-06  5.15000e-06  5.16000e-06
  5.17000e-06  5.18000e-06  5.19000e-06  5.20000e-06  5.21000e-06  5.22000e-06
  5.23000e-06  5.24000e-06  5.25000e-06  5.26000e-06  5.27000e-06  5.28000e-06
  5.29000e-06  5.30000e-06  5.31000e-06  5.32000e-06  5.33000e-06  5.34000e-06
  5.35000e-06  5.36000e-06  5.37000e-06  5.38000e-06  5.39000e-06  5.40000e-06
  5.41000e-06  5.42000e-06  5.43000e-06  5.44000e-06  5.45000e-06  5.46000e-06
  5.47000e-06  5.48000e-06  5.49000e-06  5.50000e-06  5.51000e-06  5.52000e-06
  5.53000e-06  5.54000e-06  5.55000e-06  5.56000e-06  5.57000e-06  5.58000e-06
  5.59000e-06  5.60000e-06  5.61000e-06  5.62000e-06  5.63000e-06  5.64000e-06
  5.65000e-06  5.66000e-06  5.67000e-06  5.68000e-06  5.69000e-06  5.70000e-06
  5.71000e-06  5.72000e-06  5.73000e-06  5.74000e-06  5.75000e-06  5.76000e-06
  5.77000e-06  5.78000e-06  5.79000e-06  5.80000e-06  5.81000e-06  5.82000e-06
  5.83000e-06  5.84000e-06  5.85000e-06  5.86000e-06  5.87000e-06  5.88000e-06
  5.89000e-06  5.90000e-06  5.91000e-06  5.92000e-06  5.93000e-06  5.94000e-06
  5.95000e-06  5.96000e-06  5.97000e-06  5.98000e-06  5.99000e-06  6.00000e-06
  6.01000e-06  6.02000e-06  6.03000e-06  6.04000e-06  6.05000e-06  6.06000e-06
  6.07000e-06  6.08000e-06  6.09000e-06  6.10000e-06  6.11000e-06  6.12000e-06
  6.13000e-06  6.14000e-06  6.15000e-06  6.16000e-06  6.17000e-06  6.18000e-06
  6.19000e-06  6.20000e-06  6.21000e-06  6.22000e-06  6.23000e-06  6.24000e-06
  6.25000e-06  6.26000e-06  6.27000e-06  6.28000e-06  6.29000e-06  6.30000e-06
  6.31000e-06  6.32000e-06  6.33000e-06  6.34000e-06  6.35000e-06  6.36000e-06
  6.37000e-06  6.38000e-06  6.39000e-06  6.40000e-06  6.41000e-06  6.42000e-06
  6.43000e-06  6.44000e-06  6.45000e-06  6.46000e-06  6.47000e-06  6.48000e-06
  6.49000e-06  6.50000e-06  6.51000e-06  6.52000e-06  6.53000e-06  6.54000e-06
  6.55000e-06  6.56000e-06  6.57000e-06  6.58000e-06  6.59000e-06  6.60000e-06
  6.61000e-06  6.62000e-06  6.63000e-06  6.64000e-06  6.65000e-06  6.66000e-06
  6.67000e-06  6.68000e-06  6.69000e-06  6.70000e-06  6.71000e-06  6.72000e-06
  6.73000e-06  6.74000e-06  6.75000e-06  6.76000e-06  6.77000e-06  6.78000e-06
  6.79000e-06  6.80000e-06  6.81000e-06  6.82000e-06  6.83000e-06  6.84000e-06
  6.85000e-06  6.86000e-06  6.87000e-06  6.88000e-06  6.89000e-06  6.90000e-06
  6.91000e-06  6.92000e-06  6.93000e-06  6.94000e-06  6.95000e-06  6.96000e-06
  6.97000e-06  6.98000e-06  6.99000e-06  7.00000e-06  7.01000e-06  7.02000e-06
  7.03000e-06  7.04000e-06  7.05000e-06  7.06000e-06  7.07000e-06  7.08000e-06
  7.09000e-06  7.10000e-06  7.11000e-06  7.12000e-06  7.13000e-06  7.14000e-06
  7.15000e-06  7.16000e-06  7.17000e-06  7.18000e-06  7.19000e-06  7.20000e-06
  7.21000e-06  7.22000e-06  7.23000e-06  7.24000e-06  7.25000e-06  7.26000e-06
  7.27000e-06  7.28000e-06  7.29000e-06  7.30000e-06  7.31000e-06  7.32000e-06
  7.33000e-06  7.34000e-06  7.35000e-06  7.36000e-06  7.37000e-06  7.38000e-06
  7.39000e-06  7.40000e-06  7.41000e-06  7.42000e-06  7.43000e-06  7.44000e-06
  7.45000e-06  7.46000e-06  7.47000e-06  7.48000e-06  7.49000e-06  7.50000e-06
  7.51000e-06  7.52000e-06  7.53000e-06  7.54000e-06  7.55000e-06  7.56000e-06
  7.57000e-06  7.58000e-06  7.59000e-06  7.60000e-06  7.61000e-06  7.62000e-06
  7.63000e-06  7.64000e-06  7.65000e-06  7.66000e-06  7.67000e-06  7.68000e-06
  7.69000e-06  7.70000e-06  7.71000e-06  7.72000e-06  7.73000e-06  7.74000e-06
  7.75000e-06  7.76000e-06  7.77000e-06  7.78000e-06  7.79000e-06  7.80000e-06
  7.81000e-06  7.82000e-06  7.83000e-06  7.84000e-06  7.85000e-06  7.86000e-06
  7.87000e-06  7.88000e-06  7.89000e-06  7.90000e-06  7.91000e-06  7.92000e-06
  7.93000e-06  7.94000e-06  7.95000e-06  7.96000e-06  7.97000e-06  7.98000e-06
  7.99000e-06  8.00000e-06  8.01000e-06  8.02000e-06  8.03000e-06  8.04000e-06
  8.05000e-06  8.06000e-06  8.07000e-06  8.08000e-06  8.09000e-06  8.10000e-06
  8.11000e-06  8.12000e-06  8.13000e-06  8.14000e-06  8.15000e-06  8.16000e-06
  8.17000e-06  8.18000e-06  8.19000e-06  8.20000e-06  8.21000e-06  8.22000e-06
  8.23000e-06  8.24000e-06  8.25000e-06  8.26000e-06  8.27000e-06  8.28000e-06
  8.29000e-06  8.30000e-06  8.31000e-06  8.32000e-06  8.33000e-06  8.34000e-06
  8.35000e-06  8.36000e-06  8.37000e-06  8.38000e-06  8.39000e-06  8.40000e-06
  8.41000e-06  8.42000e-06  8.43000e-06  8.44000e-06  8.45000e-06  8.46000e-06
  8.47000e-06  8.48000e-06  8.49000e-06  8.50000e-06  8.51000e-06  8.52000e-06
  8.53000e-06  8.54000e-06  8.55000e-06  8.56000e-06  8.57000e-06  8.58000e-06
  8.59000e-06  8.60000e-06  8.61000e-06  8.62000e-06  8.63000e-06  8.64000e-06
  8.65000e-06  8.66000e-06  8.67000e-06  8.68000e-06  8.69000e-06  8.70000e-06
  8.71000e-06  8.72000e-06  8.73000e-06  8.74000e-06  8.75000e-06  8.76000e-06
  8.77000e-06  8.78000e-06  8.79000e-06  8.80000e-06  8.81000e-06  8.82000e-06
  8.83000e-06  8.84000e-06  8.85000e-06  8.86000e-06  8.87000e-06  8.88000e-06
  8.89000e-06  8.90000e-06  8.91000e-06  8.92000e-06  8.93000e-06  8.94000e-06
  8.95000e-06  8.96000e-06  8.97000e-06  8.98000e-06  8.99000e-06  9.00000e-06
  9.01000e-06  9.02000e-06  9.03000e-06  9.04000e-06  9.05000e-06  9.06000e-06
  9.07000e-06  9.08000e-06  9.09000e-06  9.10000e-06  9.11000e-06  9.12000e-06
  9.13000e-06  9.14000e-06  9.15000e-06  9.16000e-06  9.17000e-06  9.18000e-06
  9.19000e-06  9.20000e-06  9.21000e-06  9.22000e-06  9.23000e-06  9.24000e-06
  9.25000e-06  9.26000e-06  9.27000e-06  9.28000e-06  9.29000e-06  9.30000e-06
  9.31000e-06  9.32000e-06  9.33000e-06  9.34000e-06  9.35000e-06  9.36000e-06
  9.37000e-06  9.38000e-06  9.39000e-06  9.40000e-06  9.41000e-06  9.42000e-06
  9.43000e-06  9.44000e-06  9.45000e-06  9.46000e-06  9.47000e-06  9.48000e-06
  9.49000e-06  9.50000e-06  9.51000e-06  9.52000e-06  9.53000e-06  9.54000e-06
  9.55000e-06  9.56000e-06  9.57000e-06  9.58000e-06  9.59000e-06  9.60000e-06
  9.61000e-06  9.62000e-06  9.63000e-06  9.64000e-06  9.65000e-06  9.66000e-06
  9.67000e-06  9.68000e-06  9.69000e-06  9.70000e-06
    -0.100000    -0.100000    -0.100000     0.300000    -0.100000    -0.100000
    -0.100000     0.300000     0.100000    -0.100000    -0.100000     0.100000
     0.100000    -0.100000    -0.300000    -0.100000    -0.100000    -0.100000
     0.100000     0.100000     0.100000     0.100000     0.500000     0.700000
      1.50000      1.70000      2.10000      3.10000      3.90000      5.10000
      6.50000      7.90000      9.70000      10.7000      11.9000      13.5000
      14.7000      16.1000      17.3000      18.3000      19.9000      20.5000
      21.5000      21.7000      22.3000      22.7000      23.1000      23.3000
      23.7000      24.1000      24.3000      25.1000      24.9000      25.5000
      26.1000      26.7000      26.5000      26.7000      27.1000      26.7000
      27.1000      27.1000      27.7000      27.7000      28.1000      28.3000
      28.5000      28.9000      29.3000      29.1000      29.3000      29.3000
      29.1000      29.3000      29.1000      29.5000      29.3000      29.1000
      29.1000      29.3000      29.1000      29.3000      29.7000      29.1000
      29.3000      29.1000      29.5000      29.5000      29.3000      29.3000
      29.3000      29.7000      29.9000      29.9000      29.7000      29.9000
      29.9000      29.7000      29.9000      29.5000      29.9000      29.5000
      29.7000      29.7000      29.9000      29.9000      30.1000      30.1000
      30.1000      29.9000      29.9000      30.1000      30.1000      30.5000
      30.1000      30.5000      30.1000      30.5000      30.5000      30.5000
      30.3000      30.5000      30.5000      30.7000      30.3000      30.3000
      30.3000      30.3000      30.1000      30.1000      30.1000      30.3000
      30.3000      29.9000      30.1000      30.3000      29.9000      30.3000
      30.1000      29.9000      30.1000      29.9000      29.9000      30.1000
      30.3000      30.3000      30.5000      30.3000      30.1000      29.9000
      30.3000      30.3000      30.3000      30.1000      30.1000      30.1000
      30.5000      30.1000      30.5000      30.1000      30.3000      30.5000
      30.5000      30.3000      30.5000      30.5000      30.5000      30.3000
      30.3000      30.5000      30.5000      30.5000      30.5000      30.7000
      30.3000      30.3000      30.7000      30.3000      30.5000      30.5000
      30.1000      30.7000      30.5000      30.3000      30.3000      30.5000
      30.1000      30.5000      30.1000      30.5000      29.9000      29.9000
      30.1000      30.3000      30.3000      30.1000      30.1000      30.1000
      30.1000      30.3000      30.5000      30.5000      30.5000      30.3000
      30.3000      30.5000      30.5000      30.5000      30.1000      30.3000
      30.5000      30.5000      30.3000      30.3000      30.1000      30.3000
      30.1000      30.5000      30.5000      30.1000      30.3000      30.5000
      30.5000      30.3000      30.1000      30.1000      30.1000      30.1000
      30.3000      30.5000      30.3000      30.3000      30.5000      30.3000
      30.1000      30.3000      30.1000      30.3000      30.3000      30.3000
      30.3000      30.3000      30.5000      30.3000      29.9000      30.1000
      30.1000      30.5000      30.1000      30.5000      30.5000      30.3000
      30.1000      30.5000      30.1000      30.5000      29.9000      30.1000
      29.9000      30.3000      30.3000      30.1000      30.5000      30.1000
      29.9000      30.3000      30.1000      30.3000      30.1000      30.5000
      30.5000      30.5000      30.1000      30.1000      30.3000      30.1000
      30.3000      30.3000      30.3000      30.5000      30.1000      30.7000
      30.3000      29.9000      30.1000      29.9000      29.9000      30.5000
      30.1000      30.1000      29.9000      29.9000      30.3000      30.7000
      29.9000      30.3000      30.1000      30.1000      29.9000      30.1000
      30.3000      30.5000      30.1000      30.3000      30.3000      30.3000
      30.3000      30.1000      29.9000      30.3000      30.3000      29.9000
      30.5000      30.3000      30.1000      29.9000      29.9000      30.1000
      30.3000      30.3000      30.3000      29.9000      30.1000      30.5000
      30.3000      30.5000      30.1000      30.3000      30.3000      30.1000
      30.1000      30.3000      30.5000      30.5000      30.1000      29.9000
      30.1000      30.3000      30.1000      30.1000      30.5000      30.1000
      30.5000      30.1000      30.1000      30.3000      30.5000      30.1000
      30.3000      30.3000      30.1000      30.1000      30.1000      29.7000
      30.3000      30.1000      30.1000      30.1000      30.1000      30.1000
      29.9000      30.1000      30.1000      29.9000      30.3000      30.1000
      30.1000      30.3000      30.3000      30.1000      30.1000      29.9000
      29.7000      29.9000      30.1000      30.1000      30.1000      29.9000
      29.9000      30.1000      30.1000      30.5000      29.9000      30.3000
      30.1000      30.1000      30.5000      30.7000      30.3000      29.9000
      30.3000      30.1000      30.1000      30.3000      30.1000      30.1000
      30.1000      30.5000      30.1000      30.1000      29.9000      30.3000
      30.3000      30.3000      30.1000      30.1000      29.9000      30.3000
      30.3000      30.5000      30.5000      30.3000      29.9000      30.3000
      29.9000      30.3000      30.3000      30.3000      30.5000      30.1000
      29.9000      30.1000      30.1000      30.1000      30.3000      30.3000
      30.3000      30.1000      29.9000      30.3000      30.3000      30.3000
      30.3000      30.1000      30.5000      30.1000      30.3000      30.3000
      30.1000      30.1000      30.1000      30.3000      30.1000      30.3000
      29.9000      30.3000      30.3000      30.3000      30.3000      30.1000
      30.3000      30.1000      30.1000      30.1000      30.3000      29.9000
      30.1000      29.9000      30.3000      30.1000      30.3000      30.5000
      30.1000      30.5000      30.1000      30.3000      30.3000      30.3000
      30.3000      30.1000      30.3000      30.3000      29.9000      30.1000
      30.3000      30.5000      30.1000      30.3000      30.1000      30.1000
      30.3000      30.5000      29.7000      30.3000      30.1000      30.3000
      30.3000      30.5000      30.3000      30.1000      30.1000      30.5000
      29.9000      30.3000      29.7000      30.3000      30.5000      30.1000
      30.5000      30.1000      30.3000      30.1000      30.1000      30.3000
      29.9000      30.3000      30.3000      30.1000      30.5000      30.3000
      30.1000      30.3000      30.3000      30.5000      30.1000      30.1000
      30.3000      30.5000      30.3000      29.9000      29.9000      29.9000
      30.3000      30.1000      30.5000      30.3000      29.9000      30.3000
      30.3000      30.1000      30.5000      30.1000      30.5000      30.1000
      30.5000      30.1000      30.3000      30.5000      30.1000      29.9000
      30.3000      30.1000      30.1000      30.3000      30.1000      30.1000
      30.3000      30.1000      30.1000      30.1000      30.1000      30.3000
      30.3000      30.3000      30.3000      30.5000      30.1000      30.3000
      30.1000      30.3000      30.3000      30.7000      30.3000      30.3000
      30.1000      30.3000      30.3000      29.9000      30.5000      30.5000
      30.1000      30.1000      30.1000      30.3000      30.5000      30.1000
      30.1000      30.5000      29.9000      30.5000      30.5000      30.3000
      30.5000      30.1000      30.3000      30.1000      30.3000      30.7000
      30.3000      30.5000      30.1000      30.3000      30.5000      30.3000
      30.7000      30.5000      30.3000      30.5000      30.3000      30.3000
      30.3000      30.5000      30.5000      30.1000      29.9000      30.1000
      30.3000      30.5000      30.3000      30.3000      30.5000      30.3000
      30.3000      30.3000      30.3000      30.5000      30.5000      30.1000
      30.3000      30.5000      30.5000      30.5000      30.5000      30.5000
      30.5000      30.3000      29.9000      30.5000      30.5000      30.3000
      30.1000      30.7000      30.3000      30.5000      30.3000      30.3000
      30.5000      30.5000      30.5000      30.3000      30.5000      29.9000
      30.3000      30.3000      30.3000      30.3000      30.3000      30.3000
      30.3000      30.1000      30.1000      30.3000      29.9000      30.3000
      30.3000      30.5000      30.1000      30.1000      30.3000      30.5000
      30.3000      30.5000      30.3000      30.5000      30.3000      29.9000
      30.5000      30.3000      30.3000      30.1000      30.3000      30.5000
      30.3000      29.9000      30.5000      30.3000      30.5000      29.9000
      30.5000      29.9000      30.3000      30.3000      30.1000      30.1000
      30.5000      30.5000      30.3000      30.5000      30.5000      30.5000
      30.9000      30.7000      30.1000      30.1000      30.5000      30.5000
      30.5000      30.5000      29.9000      30.3000      30.3000      30.1000
      30.3000      30.5000      30.5000      30.1000      30.5000      30.1000
      30.5000      30.1000      30.3000      30.5000      30.5000      30.9000
      30.5000      30.3000      30.1000      30.1000      30.3000      30.3000
      30.1000      30.5000      30.3000      30.3000      30.5000      30.3000
      30.3000      30.5000      30.5000      30.5000      30.1000      30.5000
      30.5000      30.1000      30.5000      30.3000      30.5000      30.3000
      30.3000      30.1000      30.1000      30.1000      30.1000      30.5000
      30.3000      30.1000      30.1000      30.5000      30.5000      30.5000
      30.5000      30.3000      30.5000      30.3000      30.1000      30.5000
      30.1000      30.5000      30.3000      30.1000      30.1000      30.1000
      30.3000      30.3000      30.1000      30.5000      30.5000      30.5000
      30.1000      30.3000      30.5000      30.3000      30.3000      30.5000
      30.3000      30.5000      30.5000      30.3000      30.3000      30.5000
      30.3000      30.7000      30.1000      29.9000      30.1000      30.5000
      30.5000      30.1000      30.1000      30.7000      30.5000      30.3000
      30.1000      30.7000      30.7000      30.7000      29.9000      30.5000
      30.3000      30.5000      30.3000      30.5000      30.5000      30.5000
      30.5000      30.5000      30.3000      30.5000      30.3000      30.3000
      30.1000      30.3000      30.3000      30.3000      30.5000      30.3000
      30.3000      30.5000      30.1000      30.1000      30.3000      30.3000
      30.3000      30.5000      30.3000      30.7000      30.3000      30.5000
      30.3000      30.3000      30.1000      30.3000      30.3000      30.3000
      30.3000      30.3000      30.5000      30.5000      30.5000      30.3000
      30.3000      30.1000      30.1000      30.3000      30.5000      30.5000
      29.9000      30.3000      30.5000      30.3000      30.7000      30.3000
      30.5000      30.5000      30.3000      29.9000      30.5000      30.5000
      30.1000      30.3000      29.9000      30.5000      30.3000      30.3000
      30.5000      30.5000      30.1000      30.3000      30.3000      30.3000
      30.3000      30.3000      30.5000      30.7000      30.5000      30.1000
      30.3000      30.5000      30.3000      30.3000      30.3000      30.1000
      30.3000      30.3000      30.5000      30.5000      30.3000      30.1000
      30.3000      30.7000      30.5000      30.3000      30.3000      30.3000
      30.5000      30.5000      30.5000      30.1000      30.5000      30.5000
      30.3000      30.3000      30.3000      30.3000      30.3000      30.3000
      30.3000      30.7000      30.3000      30.7000      30.1000      30.5000
      30.3000      30.3000      30.3000      30.5000      30.3000      30.3000
      30.3000      30.3000      30.3000      30.3000      29.7000      28.7000
      27.7000      26.3000      24.3000      23.1000      21.3000      20.9000
      20.9000      20.9000      20.9000      20.9000      20.9000      20.5000
      19.5000      18.5000      16.3000      14.1000      12.3000      10.9000
      9.70000      9.50000      10.1000      10.5000      11.1000      11.1000
      10.5000      10.3000      9.10000      7.10000      5.30000      3.90000
      3.30000      2.50000      3.10000      3.70000      4.30000      5.30000
      6.10000      6.10000      6.30000      5.50000      4.50000      3.30000
      2.50000      1.90000      1.70000      1.70000      2.10000      2.10000
      2.70000      2.90000      2.70000      2.70000      2.50000      2.50000
      1.70000      1.50000      1.10000     0.900000     0.900000     0.900000
     0.900000      1.10000      1.10000     0.900000      1.30000     0.900000
     0.900000     0.900000     0.700000     0.700000     0.700000     0.700000
     0.700000     0.900000     0.700000     0.700000
     0.100000     0.100000     0.300000    -0.300000    -0.100000     0.100000
    -0.100000     0.100000     0.100000    -0.100000     0.100000    -0.100000
    -0.100000     0.100000     0.100000     0.300000    -0.100000    -0.100000
     0.100000    -0.100000     0.100000     0.300000     0.300000    -0.100000
     0.500000     0.900000     0.900000      1.10000      1.70000      2.10000
      2.30000      3.10000      3.70000      4.70000      5.10000      5.70000
      5.70000      6.70000      6.50000      6.90000      7.70000      7.90000
      8.10000      8.90000      8.90000      9.10000      9.10000      8.70000
      8.90000      9.10000      9.10000      10.1000      10.1000      10.5000
      11.1000      11.3000      11.5000      11.7000      11.5000      11.3000
      11.3000      11.3000      11.3000      11.3000      11.7000      11.5000
      11.9000      11.9000      12.1000      12.5000      12.3000      12.5000
      12.5000      12.5000      12.5000      12.5000      12.5000      12.9000
      12.9000      13.1000      12.9000      13.3000      13.3000      12.9000
      13.3000      13.1000      12.9000      13.1000      13.1000      13.1000
      13.1000      13.5000      13.5000      13.7000      13.9000      13.7000
      13.7000      14.1000      13.7000      13.9000      13.9000      14.1000
      13.9000      14.1000      14.1000      14.1000      14.5000      14.3000
      14.3000      14.5000      14.3000      14.9000      14.7000      14.3000
      14.5000      14.3000      14.5000      14.5000      14.7000      14.5000
      14.7000      14.7000      14.9000      14.9000      14.7000      14.9000
      14.7000      14.7000      14.7000      14.9000      14.7000      15.1000
      14.9000      15.1000      15.1000      14.7000      14.9000      15.3000
      14.7000      15.1000      14.7000      15.1000      15.1000      15.1000
      14.9000      14.9000      14.9000      15.3000      15.1000      15.1000
      15.3000      15.1000      15.3000      15.3000      15.1000      15.1000
      15.1000      15.5000      15.3000      15.7000      15.3000      15.3000
      15.3000      15.3000      15.5000      15.9000      15.7000      15.3000
      15.7000      15.7000      15.5000      15.7000      15.5000      15.9000
      15.7000      15.3000      15.3000      15.7000      15.3000      15.7000
      15.7000      15.7000      15.5000      15.7000      15.9000      15.5000
      15.7000      15.7000      15.7000      15.9000      15.9000      15.7000
      15.5000      15.7000      15.7000      15.7000      15.7000      15.5000
      15.7000      15.7000      15.9000      15.9000      15.7000      15.7000
      15.7000      15.9000      15.9000      15.9000      15.9000      15.7000
      15.7000      15.9000      15.7000      16.3000      15.9000      16.3000
      15.7000      15.9000      15.9000      16.1000      15.9000      16.1000
      15.9000      16.3000      15.7000      16.3000      16.1000      16.1000
      15.7000      15.9000      16.3000      15.9000      16.1000      15.9000
      16.1000      16.1000      16.1000      15.9000      16.3000      16.5000
      16.1000      16.1000      15.9000      16.1000      16.3000      16.1000
      15.9000      16.3000      16.1000      16.5000      16.1000      16.3000
      16.1000      16.7000      16.1000      15.9000      16.1000      16.3000
      16.1000      16.1000      16.5000      16.1000      16.3000      16.5000
      15.9000      16.5000      16.1000      16.1000      16.3000      16.1000
      16.5000      16.3000      16.1000      16.5000      16.5000      16.1000
      16.1000      16.3000      16.3000      16.5000      16.5000      16.5000
      16.5000      16.1000      16.3000      16.5000      16.5000      15.7000
      16.3000      16.3000      16.3000      16.1000      16.5000      16.3000
      16.7000      16.3000      16.5000      16.3000      16.3000      16.3000
      16.5000      16.3000      16.5000      16.5000      16.3000      16.3000
      16.1000      16.3000      16.3000      16.3000      16.3000      16.7000
      16.3000      16.5000      16.3000      16.3000      16.3000      16.3000
      16.3000      16.7000      16.5000      16.5000      16.3000      16.3000
      16.1000      16.7000      16.3000      16.5000      16.5000      16.3000
      16.3000      16.7000      16.5000      16.5000      16.1000      16.5000
      16.3000      16.3000      16.7000      16.7000      16.5000      16.5000
      16.7000      16.9000      16.3000      16.7000      16.5000      16.5000
      16.3000      16.3000      16.7000      16.1000      16.3000      16.3000
      16.3000      16.3000      16.3000      16.7000      16.5000      16.5000
      16.7000      16.5000      16.5000      16.5000      16.5000      16.3000
      16.5000      16.7000      16.3000      16.5000      16.5000      16.3000
      16.5000      16.7000      16.1000      16.5000      16.7000      16.9000
      16.3000      16.7000      16.5000      15.9000      16.9000      16.5000
      16.3000      16.5000      16.3000      16.3000      16.3000      16.1000
      16.7000      16.7000      16.5000      16.3000      16.3000      16.9000
      16.7000      16.7000      16.3000      16.7000      16.7000      16.5000
      16.5000      16.9000      16.7000      16.3000      16.7000      16.5000
      16.5000      16.3000      16.7000      16.5000      16.7000      16.5000
      16.3000      16.5000      16.5000      16.5000      16.7000      16.5000
      16.7000      16.5000      16.5000      16.5000      16.7000      16.7000
      16.7000      16.7000      16.5000      16.5000      16.7000      16.7000
      16.7000      16.5000      16.7000      16.5000      16.5000      16.7000
      16.9000      16.9000      16.7000      16.7000      16.9000      16.7000
      16.7000      16.9000      16.7000      16.7000      16.5000      16.5000
      16.5000      16.7000      16.5000      16.7000      16.9000      16.9000
      16.7000      16.9000      16.7000      16.7000      16.7000      16.7000
      16.9000      16.7000      16.9000      16.5000      16.7000      16.7000
      16.7000      16.5000      16.7000      16.3000      16.9000      16.7000
      16.5000      16.5000      16.9000      16.5000      16.7000      16.9000
      16.7000      16.7000      16.7000      16.5000      16.9000      16.5000
      16.5000      16.7000      16.5000      16.9000      16.9000      16.7000
      16.7000      16.7000      16.5000      17.1000      16.9000      16.7000
      16.9000      16.9000      16.7000      16.5000      16.7000      16.5000
      16.7000      16.9000      16.7000      16.9000      16.7000      16.7000
      16.7000      16.7000      16.9000      16.7000      16.7000      16.5000
      16.5000      16.7000      16.9000      16.5000      16.5000      16.5000
      16.5000      16.7000      16.7000      16.3000      16.9000      16.7000
      16.5000      16.9000      16.7000      16.7000      16.5000      16.7000
      16.5000      16.7000      16.7000      16.7000      16.7000      16.7000
      16.7000      16.9000      16.7000      16.7000      16.9000      16.5000
      16.7000      16.7000      16.9000      16.7000      16.7000      16.9000
      16.9000      16.7000      16.7000      16.5000      16.9000      16.9000
      16.9000      16.7000      16.9000      16.7000      16.7000      16.7000
      16.7000      16.7000      16.9000      16.7000      16.5000      16.7000
      16.9000      16.5000      16.5000      17.1000      16.7000      16.7000
      16.9000      16.9000      16.5000      16.5000      16.9000      17.1000
      16.7000      16.5000      16.5000      17.1000      16.7000      16.3000
      16.7000      16.7000      16.5000      16.7000      16.7000      16.9000
      16.5000      16.5000      16.7000      16.9000      16.5000      16.7000
      16.9000      16.9000      17.1000      16.7000      16.7000      16.9000
      16.7000      16.9000      17.1000      16.9000      16.9000      16.7000
      16.7000      16.9000      16.5000      16.7000      16.9000      16.7000
      17.1000      16.7000      16.7000      16.7000      17.1000      16.5000
      16.7000      16.9000      16.5000      16.7000      16.9000      16.7000
      16.9000      16.7000      16.5000      16.7000      16.9000      16.7000
      16.7000      16.7000      16.9000      16.7000      16.7000      17.1000
      17.1000      16.7000      16.9000      16.7000      16.9000      16.7000
      16.7000      17.1000      16.9000      16.5000      16.5000      16.9000
      16.7000      16.7000      16.9000      16.9000      16.7000      17.1000
      16.7000      16.7000      16.7000      16.7000      16.5000      17.1000
      16.5000      16.9000      16.9000      16.9000      16.5000      16.7000
      16.5000      16.9000      17.1000      16.7000      16.7000      16.7000
      16.7000      16.9000      16.9000      16.7000      16.7000      16.7000
      17.1000      17.1000      16.7000      16.7000      16.9000      16.7000
      16.7000      16.9000      16.9000      17.1000      17.3000      16.9000
      16.5000      16.9000      16.9000      16.7000      16.9000      16.9000
      16.5000      16.7000      16.9000      16.3000      16.3000      16.7000
      16.9000      17.3000      17.1000      16.7000      16.7000      17.1000
      16.9000      16.9000      16.9000      16.9000      16.9000      16.9000
      16.9000      16.9000      16.5000      16.9000      16.9000      16.7000
      16.9000      16.7000      16.5000      16.9000      17.1000      17.1000
      16.9000      16.7000      17.3000      16.5000      16.7000      16.9000
      16.7000      16.7000      16.7000      17.3000      16.9000      16.9000
      16.9000      16.7000      16.3000      16.9000      16.7000      16.9000
      16.7000      16.9000      16.9000      16.7000      16.7000      16.9000
      16.5000      16.7000      16.5000      17.1000      16.9000      16.7000
      16.7000      16.9000      16.7000      17.1000      16.5000      16.9000
      16.7000      16.5000      16.9000      16.7000      17.1000      16.9000
      16.9000      16.9000      16.9000      16.9000      16.9000      16.9000
      16.9000      16.9000      16.7000      16.9000      17.1000      16.9000
      16.9000      16.5000      16.9000      16.9000      16.9000      16.7000
      16.5000      17.1000      17.3000      16.5000      16.9000      17.1000
      16.5000      16.9000      16.7000      16.7000      16.7000      16.9000
      16.7000      17.1000      16.7000      16.7000      16.7000      16.9000
      16.9000      16.9000      16.9000      16.9000      16.9000      16.9000
      17.1000      16.9000      16.9000      16.9000      16.7000      16.9000
      16.5000      16.7000      16.9000      16.7000      17.1000      17.1000
      16.7000      16.9000      16.7000      16.9000      16.9000      16.5000
      16.7000      17.1000      16.7000      16.9000      16.5000      16.9000
      16.7000      16.7000      16.9000      16.9000      17.1000      16.9000
      16.9000      16.7000      16.9000      16.7000      17.1000      16.9000
      16.9000      16.9000      16.7000      16.9000      16.7000      17.1000
      16.7000      16.9000      16.7000      17.1000      16.9000      16.9000
      16.9000      16.7000      17.1000      16.9000      16.9000      17.1000
      16.9000      17.1000      16.9000      16.7000      16.9000      17.3000
      16.7000      17.1000      16.7000      16.7000      16.9000      16.7000
      16.7000      16.9000      17.1000      17.1000      16.7000      16.9000
      16.5000      16.9000      17.1000      17.1000      16.9000      16.9000
      17.1000      17.1000      16.9000      17.3000      16.7000      16.7000
      17.1000      17.1000      16.7000      17.1000      16.9000      16.9000
      16.7000      17.1000      16.7000      16.7000      16.9000      16.9000
      16.7000      16.9000      16.7000      16.7000      16.7000      17.1000
      17.1000      17.1000      16.9000      16.7000      17.1000      16.3000
      16.5000      15.9000      15.3000      14.3000      12.7000      11.5000
      10.9000      11.1000      12.3000      13.5000      14.9000      15.3000
      15.5000      14.7000      12.9000      11.1000      8.50000      6.90000
      5.10000      5.50000      6.10000      7.50000      9.30000      10.9000
      11.7000      11.3000      10.3000      7.90000      6.10000      3.90000
      2.90000      2.70000      3.50000      5.10000      6.50000      7.50000
      8.70000      8.70000      8.30000      6.90000      5.70000      4.70000
      3.30000      2.70000      2.50000      3.10000      3.50000      4.90000
      5.30000      5.70000      6.10000      5.50000      5.10000      4.50000
      3.90000      3.50000      3.30000      3.30000      3.30000      3.70000
      3.50000      3.90000      3.90000      3.70000      3.30000      3.30000
      2.90000      3.30000      3.30000      3.10000      3.10000      3.30000
      3.70000      3.70000      3.30000      3.50000
