  7.10000e-07      29.9000      13.9000      11510.8   0.00139000      16.0000
  7.20000e-07      29.5000      14.1000      10922.0   0.00141000      15.4000
  7.30000e-07      29.7000      13.9000      11366.9   0.00139000      15.8000
  7.40000e-07      29.7000      14.1000      11063.8   0.00141000      15.6000
  7.50000e-07      29.9000      14.1000      11205.7   0.00141000      15.8000
  7.60000e-07      29.9000      14.1000      11205.7   0.00141000      15.8000
  7.70000e-07      30.1000      14.5000      10758.6   0.00145000      15.6000
  7.80000e-07      30.1000      14.3000      11049.0   0.00143000      15.8000
  7.90000e-07      30.1000      14.3000      11049.0   0.00143000      15.8000
  8.00000e-07      29.9000      14.5000      10620.7   0.00145000      15.4000
  8.10000e-07      29.9000      14.3000      10909.1   0.00143000      15.6000
  8.20000e-07      30.1000      14.9000      10201.3   0.00149000      15.2000
  8.30000e-07      30.1000      14.7000      10476.2   0.00147000      15.4000
  8.40000e-07      30.5000      14.3000      11328.7   0.00143000      16.2000
  8.50000e-07      30.1000      14.5000      10758.6   0.00145000      15.6000
  8.60000e-07      30.5000      14.3000      11328.7   0.00143000      16.2000
  8.70000e-07      30.1000      14.5000      10758.6   0.00145000      15.6000
  8.80000e-07      30.5000      14.5000      11034.5   0.00145000      16.0000
  8.90000e-07      30.5000      14.7000      10748.3   0.00147000      15.8000
  9.00000e-07      30.5000      14.5000      11034.5   0.00145000      16.0000
  9.10000e-07      30.3000      14.7000      10612.2   0.00147000      15.6000
  9.20000e-07      30.5000      14.7000      10748.3   0.00147000      15.8000
  9.30000e-07      30.5000      14.9000      10469.8   0.00149000      15.6000
  9.40000e-07      30.7000      14.9000      10604.0   0.00149000      15.8000
  9.50000e-07      30.3000      14.7000      10612.2   0.00147000      15.6000
  9.60000e-07      30.3000      14.9000      10335.6   0.00149000      15.4000
  9.70000e-07      30.3000      14.7000      10612.2   0.00147000      15.6000
  9.80000e-07      30.3000      14.7000      10612.2   0.00147000      15.6000
  9.90000e-07      30.1000      14.7000      10476.2   0.00147000      15.4000
  1.00000e-06      30.1000      14.9000      10201.3   0.00149000      15.2000
  1.01000e-06      30.1000      14.7000      10476.2   0.00147000      15.4000
  1.02000e-06      30.3000      15.1000      10066.2   0.00151000      15.2000
  1.03000e-06      30.3000      14.9000      10335.6   0.00149000      15.4000
  1.04000e-06      29.9000      15.1000      9801.32   0.00151000      14.8000
  1.05000e-06      30.1000      15.1000      9933.77   0.00151000      15.0000
  1.06000e-06      30.3000      14.7000      10612.2   0.00147000      15.6000
  1.07000e-06      29.9000      14.9000      10067.1   0.00149000      15.0000
  1.08000e-06      30.3000      15.3000      9803.92   0.00153000      15.0000
  1.09000e-06      30.1000      14.7000      10476.2   0.00147000      15.4000
  1.10000e-06      29.9000      15.1000      9801.32   0.00151000      14.8000
  1.11000e-06      30.1000      14.7000      10476.2   0.00147000      15.4000
  1.12000e-06      29.9000      15.1000      9801.32   0.00151000      14.8000
  1.13000e-06      29.9000      15.1000      9801.32   0.00151000      14.8000
  1.14000e-06      30.1000      15.1000      9933.77   0.00151000      15.0000
  1.15000e-06      30.3000      14.9000      10335.6   0.00149000      15.4000
  1.16000e-06      30.3000      14.9000      10335.6   0.00149000      15.4000
  1.17000e-06      30.5000      14.9000      10469.8   0.00149000      15.6000
  1.18000e-06      30.3000      15.3000      9803.92   0.00153000      15.0000
  1.19000e-06      30.1000      15.1000      9933.77   0.00151000      15.0000
  1.20000e-06      29.9000      15.1000      9801.32   0.00151000      14.8000
  1.21000e-06      30.3000      15.3000      9803.92   0.00153000      15.0000
  1.22000e-06      30.3000      15.1000      10066.2   0.00151000      15.2000
  1.23000e-06      30.3000      15.3000      9803.92   0.00153000      15.0000
  1.24000e-06      30.1000      15.3000      9673.20   0.00153000      14.8000
  1.25000e-06      30.1000      15.1000      9933.77   0.00151000      15.0000
  1.26000e-06      30.1000      15.1000      9933.77   0.00151000      15.0000
  1.27000e-06      30.5000      15.1000      10198.7   0.00151000      15.4000
  1.28000e-06      30.1000      15.5000      9419.36   0.00155000      14.6000
  1.29000e-06      30.5000      15.3000      9934.64   0.00153000      15.2000
  1.30000e-06      30.1000      15.7000      9171.97   0.00157000      14.4000
  1.31000e-06      30.3000      15.3000      9803.92   0.00153000      15.0000
  1.32000e-06      30.5000      15.3000      9934.64   0.00153000      15.2000
  1.33000e-06      30.5000      15.3000      9934.64   0.00153000      15.2000
  1.34000e-06      30.3000      15.3000      9803.92   0.00153000      15.0000
  1.35000e-06      30.5000      15.5000      9677.42   0.00155000      15.0000
  1.36000e-06      30.5000      15.9000      9182.39   0.00159000      14.6000
  1.37000e-06      30.5000      15.7000      9426.75   0.00157000      14.8000
  1.38000e-06      30.3000      15.3000      9803.92   0.00153000      15.0000
  1.39000e-06      30.3000      15.7000      9299.36   0.00157000      14.6000
  1.40000e-06      30.5000      15.7000      9426.75   0.00157000      14.8000
  1.41000e-06      30.5000      15.5000      9677.42   0.00155000      15.0000
  1.42000e-06      30.5000      15.7000      9426.75   0.00157000      14.8000
  1.43000e-06      30.5000      15.5000      9677.42   0.00155000      15.0000
  1.44000e-06      30.7000      15.9000      9308.18   0.00159000      14.8000
  1.45000e-06      30.3000      15.7000      9299.36   0.00157000      14.6000
  1.46000e-06      30.3000      15.3000      9803.92   0.00153000      15.0000
  1.47000e-06      30.7000      15.3000      10065.4   0.00153000      15.4000
  1.48000e-06      30.3000      15.7000      9299.36   0.00157000      14.6000
  1.49000e-06      30.5000      15.3000      9934.64   0.00153000      15.2000
  1.50000e-06      30.5000      15.7000      9426.75   0.00157000      14.8000
  1.51000e-06      30.1000      15.7000      9171.97   0.00157000      14.4000
  1.52000e-06      30.7000      15.7000      9554.14   0.00157000      15.0000
  1.53000e-06      30.5000      15.5000      9677.42   0.00155000      15.0000
  1.54000e-06      30.3000      15.7000      9299.36   0.00157000      14.6000
  1.55000e-06      30.3000      15.9000      9056.60   0.00159000      14.4000
  1.56000e-06      30.5000      15.5000      9677.42   0.00155000      15.0000
  1.57000e-06      30.1000      15.7000      9171.97   0.00157000      14.4000
  1.58000e-06      30.5000      15.7000      9426.75   0.00157000      14.8000
  1.59000e-06      30.1000      15.7000      9171.97   0.00157000      14.4000
  1.60000e-06      30.5000      15.9000      9182.39   0.00159000      14.6000
  1.61000e-06      29.9000      15.9000      8805.03   0.00159000      14.0000
  1.62000e-06      29.9000      15.7000      9044.59   0.00157000      14.2000
  1.63000e-06      30.1000      15.5000      9419.36   0.00155000      14.6000
  1.64000e-06      30.3000      15.7000      9299.36   0.00157000      14.6000
  1.65000e-06      30.3000      15.7000      9299.36   0.00157000      14.6000
  1.66000e-06      30.1000      15.7000      9171.97   0.00157000      14.4000
  1.67000e-06      30.1000      15.7000      9171.97   0.00157000      14.4000
  1.68000e-06      30.1000      15.5000      9419.36   0.00155000      14.6000
  1.69000e-06      30.1000      15.7000      9171.97   0.00157000      14.4000
  1.70000e-06      30.3000      15.7000      9299.36   0.00157000      14.6000
  1.71000e-06      30.5000      15.9000      9182.39   0.00159000      14.6000
  1.72000e-06      30.5000      15.9000      9182.39   0.00159000      14.6000
  1.73000e-06      30.5000      15.7000      9426.75   0.00157000      14.8000
  1.74000e-06      30.3000      15.7000      9299.36   0.00157000      14.6000
  1.75000e-06      30.3000      15.7000      9299.36   0.00157000      14.6000
  1.76000e-06      30.5000      15.9000      9182.39   0.00159000      14.6000
  1.77000e-06      30.5000      15.9000      9182.39   0.00159000      14.6000
  1.78000e-06      30.5000      15.9000      9182.39   0.00159000      14.6000
  1.79000e-06      30.1000      15.9000      8930.82   0.00159000      14.2000
  1.80000e-06      30.3000      15.7000      9299.36   0.00157000      14.6000
  1.81000e-06      30.5000      15.7000      9426.75   0.00157000      14.8000
  1.82000e-06      30.5000      15.9000      9182.39   0.00159000      14.6000
  1.83000e-06      30.3000      15.7000      9299.36   0.00157000      14.6000
  1.84000e-06      30.3000      16.3000      8588.96   0.00163000      14.0000
  1.85000e-06      30.1000      15.9000      8930.82   0.00159000      14.2000
  1.86000e-06      30.3000      16.3000      8588.96   0.00163000      14.0000
  1.87000e-06      30.1000      15.7000      9171.97   0.00157000      14.4000
  1.88000e-06      30.5000      15.9000      9182.39   0.00159000      14.6000
  1.89000e-06      30.5000      15.9000      9182.39   0.00159000      14.6000
  1.90000e-06      30.1000      16.1000      8695.65   0.00161000      14.0000
  1.91000e-06      30.3000      15.9000      9056.60   0.00159000      14.4000
  1.92000e-06      30.5000      16.1000      8944.10   0.00161000      14.4000
  1.93000e-06      30.5000      15.9000      9182.39   0.00159000      14.6000
  1.94000e-06      30.3000      16.3000      8588.96   0.00163000      14.0000
  1.95000e-06      30.1000      15.7000      9171.97   0.00157000      14.4000
  1.96000e-06      30.1000      16.3000      8466.26   0.00163000      13.8000
  1.97000e-06      30.1000      16.1000      8695.65   0.00161000      14.0000
  1.98000e-06      30.1000      16.1000      8695.65   0.00161000      14.0000
  1.99000e-06      30.3000      15.7000      9299.36   0.00157000      14.6000
  2.00000e-06      30.5000      15.9000      9182.39   0.00159000      14.6000
  2.01000e-06      30.3000      16.3000      8588.96   0.00163000      14.0000
  2.02000e-06      30.3000      15.9000      9056.60   0.00159000      14.4000
  2.03000e-06      30.5000      16.1000      8944.10   0.00161000      14.4000
  2.04000e-06      30.3000      15.9000      9056.60   0.00159000      14.4000
  2.05000e-06      30.1000      16.1000      8695.65   0.00161000      14.0000
  2.06000e-06      30.3000      16.1000      8819.88   0.00161000      14.2000
  2.07000e-06      30.1000      16.1000      8695.65   0.00161000      14.0000
  2.08000e-06      30.3000      15.9000      9056.60   0.00159000      14.4000
  2.09000e-06      30.3000      16.3000      8588.96   0.00163000      14.0000
  2.10000e-06      30.3000      16.5000      8363.64   0.00165000      13.8000
  2.11000e-06      30.3000      16.1000      8819.88   0.00161000      14.2000
  2.12000e-06      30.3000      16.1000      8819.88   0.00161000      14.2000
  2.13000e-06      30.5000      15.9000      9182.39   0.00159000      14.6000
  2.14000e-06      30.3000      16.1000      8819.88   0.00161000      14.2000
  2.15000e-06      29.9000      16.3000      8343.56   0.00163000      13.6000
  2.16000e-06      30.1000      16.1000      8695.65   0.00161000      14.0000
  2.17000e-06      30.1000      15.9000      8930.82   0.00159000      14.2000
  2.18000e-06      30.5000      16.3000      8711.66   0.00163000      14.2000
  2.19000e-06      30.1000      16.1000      8695.65   0.00161000      14.0000
  2.20000e-06      30.5000      16.5000      8484.85   0.00165000      14.0000
  2.21000e-06      30.5000      16.1000      8944.10   0.00161000      14.4000
  2.22000e-06      30.3000      16.3000      8588.96   0.00163000      14.0000
  2.23000e-06      30.1000      16.1000      8695.65   0.00161000      14.0000
  2.24000e-06      30.5000      16.7000      8263.47   0.00167000      13.8000
  2.25000e-06      30.1000      16.1000      8695.65   0.00161000      14.0000
  2.26000e-06      30.5000      15.9000      9182.39   0.00159000      14.6000
  2.27000e-06      29.9000      16.1000      8571.43   0.00161000      13.8000
  2.28000e-06      30.1000      16.3000      8466.26   0.00163000      13.8000
  2.29000e-06      29.9000      16.1000      8571.43   0.00161000      13.8000
  2.30000e-06      30.3000      16.1000      8819.88   0.00161000      14.2000
  2.31000e-06      30.3000      16.5000      8363.64   0.00165000      13.8000
  2.32000e-06      30.1000      16.1000      8695.65   0.00161000      14.0000
  2.33000e-06      30.5000      16.3000      8711.66   0.00163000      14.2000
  2.34000e-06      30.1000      16.5000      8242.42   0.00165000      13.6000
  2.35000e-06      29.9000      15.9000      8805.03   0.00159000      14.0000
  2.36000e-06      30.3000      16.5000      8363.64   0.00165000      13.8000
  2.37000e-06      30.1000      16.1000      8695.65   0.00161000      14.0000
  2.38000e-06      30.3000      16.1000      8819.88   0.00161000      14.2000
  2.39000e-06      30.1000      16.3000      8466.26   0.00163000      13.8000
  2.40000e-06      30.5000      16.1000      8944.10   0.00161000      14.4000
  2.41000e-06      30.5000      16.5000      8484.85   0.00165000      14.0000
  2.42000e-06      30.5000      16.3000      8711.66   0.00163000      14.2000
  2.43000e-06      30.1000      16.1000      8695.65   0.00161000      14.0000
  2.44000e-06      30.1000      16.5000      8242.42   0.00165000      13.6000
  2.45000e-06      30.3000      16.5000      8363.64   0.00165000      13.8000
  2.46000e-06      30.1000      16.1000      8695.65   0.00161000      14.0000
  2.47000e-06      30.3000      16.1000      8819.88   0.00161000      14.2000
  2.48000e-06      30.3000      16.3000      8588.96   0.00163000      14.0000
  2.49000e-06      30.3000      16.3000      8588.96   0.00163000      14.0000
  2.50000e-06      30.5000      16.5000      8484.85   0.00165000      14.0000
  2.51000e-06      30.1000      16.5000      8242.42   0.00165000      13.6000
  2.52000e-06      30.7000      16.5000      8606.06   0.00165000      14.2000
  2.53000e-06      30.3000      16.5000      8363.64   0.00165000      13.8000
  2.54000e-06      29.9000      16.1000      8571.43   0.00161000      13.8000
  2.55000e-06      30.1000      16.3000      8466.26   0.00163000      13.8000
  2.56000e-06      29.9000      16.5000      8121.21   0.00165000      13.4000
  2.57000e-06      29.9000      16.5000      8121.21   0.00165000      13.4000
  2.58000e-06      30.5000      15.7000      9426.75   0.00157000      14.8000
  2.59000e-06      30.1000      16.3000      8466.26   0.00163000      13.8000
  2.60000e-06      30.1000      16.3000      8466.26   0.00163000      13.8000
  2.61000e-06      29.9000      16.3000      8343.56   0.00163000      13.6000
  2.62000e-06      29.9000      16.1000      8571.43   0.00161000      13.8000
  2.63000e-06      30.3000      16.5000      8363.64   0.00165000      13.8000
  2.64000e-06      30.7000      16.3000      8834.36   0.00163000      14.4000
  2.65000e-06      29.9000      16.7000      7904.19   0.00167000      13.2000
  2.66000e-06      30.3000      16.3000      8588.96   0.00163000      14.0000
  2.67000e-06      30.1000      16.5000      8242.42   0.00165000      13.6000
  2.68000e-06      30.1000      16.3000      8466.26   0.00163000      13.8000
  2.69000e-06      29.9000      16.3000      8343.56   0.00163000      13.6000
  2.70000e-06      30.1000      16.3000      8466.26   0.00163000      13.8000
  2.71000e-06      30.3000      16.5000      8363.64   0.00165000      13.8000
  2.72000e-06      30.5000      16.3000      8711.66   0.00163000      14.2000
  2.73000e-06      30.1000      16.5000      8242.42   0.00165000      13.6000
  2.74000e-06      30.3000      16.5000      8363.64   0.00165000      13.8000
  2.75000e-06      30.3000      16.3000      8588.96   0.00163000      14.0000
  2.76000e-06      30.3000      16.3000      8588.96   0.00163000      14.0000
  2.77000e-06      30.3000      16.1000      8819.88   0.00161000      14.2000
  2.78000e-06      30.1000      16.3000      8466.26   0.00163000      13.8000
  2.79000e-06      29.9000      16.3000      8343.56   0.00163000      13.6000
  2.80000e-06      30.3000      16.3000      8588.96   0.00163000      14.0000
  2.81000e-06      30.3000      16.3000      8588.96   0.00163000      14.0000
  2.82000e-06      29.9000      16.7000      7904.19   0.00167000      13.2000
  2.83000e-06      30.5000      16.3000      8711.66   0.00163000      14.2000
  2.84000e-06      30.3000      16.5000      8363.64   0.00165000      13.8000
  2.85000e-06      30.1000      16.3000      8466.26   0.00163000      13.8000
  2.86000e-06      29.9000      16.3000      8343.56   0.00163000      13.6000
  2.87000e-06      29.9000      16.3000      8343.56   0.00163000      13.6000
  2.88000e-06      30.1000      16.3000      8466.26   0.00163000      13.8000
  2.89000e-06      30.3000      16.3000      8588.96   0.00163000      14.0000
  2.90000e-06      30.3000      16.7000      8143.71   0.00167000      13.6000
  2.91000e-06      30.3000      16.5000      8363.64   0.00165000      13.8000
  2.92000e-06      29.9000      16.5000      8121.21   0.00165000      13.4000
  2.93000e-06      30.1000      16.3000      8466.26   0.00163000      13.8000
  2.94000e-06      30.5000      16.3000      8711.66   0.00163000      14.2000
  2.95000e-06      30.3000      16.1000      8819.88   0.00161000      14.2000
  2.96000e-06      30.5000      16.7000      8263.47   0.00167000      13.8000
  2.97000e-06      30.1000      16.3000      8466.26   0.00163000      13.8000
  2.98000e-06      30.3000      16.5000      8363.64   0.00165000      13.8000
  2.99000e-06      30.3000      16.5000      8363.64   0.00165000      13.8000
  3.00000e-06      30.1000      16.3000      8466.26   0.00163000      13.8000
  3.01000e-06      30.1000      16.3000      8466.26   0.00163000      13.8000
  3.02000e-06      30.3000      16.7000      8143.71   0.00167000      13.6000
  3.03000e-06      30.5000      16.5000      8484.85   0.00165000      14.0000
  3.04000e-06      30.5000      16.5000      8484.85   0.00165000      14.0000
  3.05000e-06      30.1000      16.1000      8695.65   0.00161000      14.0000
  3.06000e-06      29.9000      16.5000      8121.21   0.00165000      13.4000
  3.07000e-06      30.1000      16.3000      8466.26   0.00163000      13.8000
  3.08000e-06      30.3000      16.3000      8588.96   0.00163000      14.0000
  3.09000e-06      30.1000      16.7000      8023.95   0.00167000      13.4000
  3.10000e-06      30.1000      16.7000      8023.95   0.00167000      13.4000
  3.11000e-06      30.5000      16.5000      8484.85   0.00165000      14.0000
  3.12000e-06      30.1000      16.5000      8242.42   0.00165000      13.6000
  3.13000e-06      30.5000      16.7000      8263.47   0.00167000      13.8000
  3.14000e-06      30.1000      16.9000      7810.65   0.00169000      13.2000
  3.15000e-06      30.1000      16.3000      8466.26   0.00163000      13.8000
  3.16000e-06      30.3000      16.7000      8143.71   0.00167000      13.6000
  3.17000e-06      30.5000      16.5000      8484.85   0.00165000      14.0000
  3.18000e-06      30.1000      16.5000      8242.42   0.00165000      13.6000
  3.19000e-06      30.3000      16.3000      8588.96   0.00163000      14.0000
  3.20000e-06      30.3000      16.3000      8588.96   0.00163000      14.0000
  3.21000e-06      30.1000      16.7000      8023.95   0.00167000      13.4000
  3.22000e-06      30.1000      16.1000      8695.65   0.00161000      14.0000
  3.23000e-06      30.1000      16.3000      8466.26   0.00163000      13.8000
  3.24000e-06      29.7000      16.3000      8220.86   0.00163000      13.4000
  3.25000e-06      30.3000      16.3000      8588.96   0.00163000      14.0000
  3.26000e-06      30.1000      16.3000      8466.26   0.00163000      13.8000
  3.27000e-06      30.1000      16.3000      8466.26   0.00163000      13.8000
  3.28000e-06      30.1000      16.7000      8023.95   0.00167000      13.4000
  3.29000e-06      30.1000      16.5000      8242.42   0.00165000      13.6000
  3.30000e-06      30.1000      16.5000      8242.42   0.00165000      13.6000
  3.31000e-06      29.9000      16.7000      7904.19   0.00167000      13.2000
  3.32000e-06      30.1000      16.5000      8242.42   0.00165000      13.6000
  3.33000e-06      30.1000      16.5000      8242.42   0.00165000      13.6000
  3.34000e-06      29.9000      16.5000      8121.21   0.00165000      13.4000
  3.35000e-06      30.3000      16.5000      8363.64   0.00165000      13.8000
  3.36000e-06      30.1000      16.3000      8466.26   0.00163000      13.8000
  3.37000e-06      30.1000      16.5000      8242.42   0.00165000      13.6000
  3.38000e-06      30.3000      16.7000      8143.71   0.00167000      13.6000
  3.39000e-06      30.3000      16.3000      8588.96   0.00163000      14.0000
  3.40000e-06      30.1000      16.5000      8242.42   0.00165000      13.6000
  3.41000e-06      30.1000      16.5000      8242.42   0.00165000      13.6000
  3.42000e-06      29.9000      16.3000      8343.56   0.00163000      13.6000
  3.43000e-06      29.7000      16.5000      8000.00   0.00165000      13.2000
  3.44000e-06      29.9000      16.7000      7904.19   0.00167000      13.2000
  3.45000e-06      30.1000      16.1000      8695.65   0.00161000      14.0000
  3.46000e-06      30.1000      16.5000      8242.42   0.00165000      13.6000
  3.47000e-06      30.1000      16.7000      8023.95   0.00167000      13.4000
  3.48000e-06      29.9000      16.9000      7692.31   0.00169000      13.0000
  3.49000e-06      29.9000      16.3000      8343.56   0.00163000      13.6000
  3.50000e-06      30.1000      16.7000      8023.95   0.00167000      13.4000
  3.51000e-06      30.1000      16.5000      8242.42   0.00165000      13.6000
  3.52000e-06      30.5000      15.9000      9182.39   0.00159000      14.6000
  3.53000e-06      29.9000      16.9000      7692.31   0.00169000      13.0000
  3.54000e-06      30.3000      16.5000      8363.64   0.00165000      13.8000
  3.55000e-06      30.1000      16.3000      8466.26   0.00163000      13.8000
  3.56000e-06      30.1000      16.5000      8242.42   0.00165000      13.6000
  3.57000e-06      30.5000      16.3000      8711.66   0.00163000      14.2000
  3.58000e-06      30.7000      16.3000      8834.36   0.00163000      14.4000
  3.59000e-06      30.3000      16.3000      8588.96   0.00163000      14.0000
  3.60000e-06      29.9000      16.1000      8571.43   0.00161000      13.8000
  3.61000e-06      30.3000      16.7000      8143.71   0.00167000      13.6000
  3.62000e-06      30.1000      16.7000      8023.95   0.00167000      13.4000
  3.63000e-06      30.1000      16.5000      8242.42   0.00165000      13.6000
  3.64000e-06      30.3000      16.3000      8588.96   0.00163000      14.0000
  3.65000e-06      30.1000      16.3000      8466.26   0.00163000      13.8000
  3.66000e-06      30.1000      16.9000      7810.65   0.00169000      13.2000
  3.67000e-06      30.1000      16.7000      8023.95   0.00167000      13.4000
  3.68000e-06      30.5000      16.7000      8263.47   0.00167000      13.8000
  3.69000e-06      30.1000      16.3000      8466.26   0.00163000      13.8000
  3.70000e-06      30.1000      16.7000      8023.95   0.00167000      13.4000
  3.71000e-06      29.9000      16.7000      7904.19   0.00167000      13.2000
  3.72000e-06      30.3000      16.5000      8363.64   0.00165000      13.8000
  3.73000e-06      30.3000      16.5000      8363.64   0.00165000      13.8000
  3.74000e-06      30.3000      16.9000      7928.99   0.00169000      13.4000
  3.75000e-06      30.1000      16.7000      8023.95   0.00167000      13.4000
  3.76000e-06      30.1000      16.3000      8466.26   0.00163000      13.8000
  3.77000e-06      29.9000      16.7000      7904.19   0.00167000      13.2000
  3.78000e-06      30.3000      16.5000      8363.64   0.00165000      13.8000
  3.79000e-06      30.3000      16.5000      8363.64   0.00165000      13.8000
  3.80000e-06      30.5000      16.3000      8711.66   0.00163000      14.2000
  3.81000e-06      30.5000      16.7000      8263.47   0.00167000      13.8000
  3.82000e-06      30.3000      16.5000      8363.64   0.00165000      13.8000
  3.83000e-06      29.9000      16.7000      7904.19   0.00167000      13.2000
  3.84000e-06      30.3000      16.5000      8363.64   0.00165000      13.8000
  3.85000e-06      29.9000      16.3000      8343.56   0.00163000      13.6000
  3.86000e-06      30.3000      16.5000      8363.64   0.00165000      13.8000
  3.87000e-06      30.3000      16.5000      8363.64   0.00165000      13.8000
  3.88000e-06      30.3000      16.5000      8363.64   0.00165000      13.8000
  3.89000e-06      30.5000      16.7000      8263.47   0.00167000      13.8000
  3.90000e-06      30.1000      16.5000      8242.42   0.00165000      13.6000
  3.91000e-06      29.9000      16.7000      7904.19   0.00167000      13.2000
  3.92000e-06      30.1000      16.5000      8242.42   0.00165000      13.6000
  3.93000e-06      30.1000      16.5000      8242.42   0.00165000      13.6000
  3.94000e-06      30.1000      16.5000      8242.42   0.00165000      13.6000
  3.95000e-06      30.3000      16.7000      8143.71   0.00167000      13.6000
  3.96000e-06      30.3000      16.7000      8143.71   0.00167000      13.6000
  3.97000e-06      30.3000      16.7000      8143.71   0.00167000      13.6000
  3.98000e-06      30.1000      16.7000      8023.95   0.00167000      13.4000
  3.99000e-06      29.9000      16.5000      8121.21   0.00165000      13.4000
  4.00000e-06      30.3000      16.5000      8363.64   0.00165000      13.8000
  4.01000e-06      30.3000      16.7000      8143.71   0.00167000      13.6000
  4.02000e-06      30.3000      16.7000      8143.71   0.00167000      13.6000
  4.03000e-06      30.3000      16.7000      8143.71   0.00167000      13.6000
  4.04000e-06      30.1000      16.5000      8242.42   0.00165000      13.6000
  4.05000e-06      30.5000      16.7000      8263.47   0.00167000      13.8000
  4.06000e-06      30.1000      16.5000      8242.42   0.00165000      13.6000
  4.07000e-06      30.3000      16.5000      8363.64   0.00165000      13.8000
  4.08000e-06      30.3000      16.7000      8143.71   0.00167000      13.6000
  4.09000e-06      30.1000      16.9000      7810.65   0.00169000      13.2000
  4.10000e-06      30.1000      16.9000      7810.65   0.00169000      13.2000
  4.11000e-06      30.1000      16.7000      8023.95   0.00167000      13.4000
  4.12000e-06      30.3000      16.7000      8143.71   0.00167000      13.6000
  4.13000e-06      30.1000      16.9000      7810.65   0.00169000      13.2000
  4.14000e-06      30.3000      16.7000      8143.71   0.00167000      13.6000
  4.15000e-06      29.9000      16.7000      7904.19   0.00167000      13.2000
  4.16000e-06      30.3000      16.9000      7928.99   0.00169000      13.4000
  4.17000e-06      30.3000      16.7000      8143.71   0.00167000      13.6000
  4.18000e-06      30.3000      16.7000      8143.71   0.00167000      13.6000
  4.19000e-06      30.3000      16.5000      8363.64   0.00165000      13.8000
  4.20000e-06      30.1000      16.5000      8242.42   0.00165000      13.6000
  4.21000e-06      30.3000      16.5000      8363.64   0.00165000      13.8000
  4.22000e-06      30.1000      16.7000      8023.95   0.00167000      13.4000
  4.23000e-06      30.1000      16.5000      8242.42   0.00165000      13.6000
  4.24000e-06      30.1000      16.7000      8023.95   0.00167000      13.4000
  4.25000e-06      30.3000      16.9000      7928.99   0.00169000      13.4000
  4.26000e-06      29.9000      16.9000      7692.31   0.00169000      13.0000
  4.27000e-06      30.1000      16.7000      8023.95   0.00167000      13.4000
  4.28000e-06      29.9000      16.9000      7692.31   0.00169000      13.0000
  4.29000e-06      30.3000      16.7000      8143.71   0.00167000      13.6000
  4.30000e-06      30.1000      16.7000      8023.95   0.00167000      13.4000
  4.31000e-06      30.3000      16.7000      8143.71   0.00167000      13.6000
  4.32000e-06      30.5000      16.7000      8263.47   0.00167000      13.8000
  4.33000e-06      30.1000      16.9000      7810.65   0.00169000      13.2000
  4.34000e-06      30.5000      16.7000      8263.47   0.00167000      13.8000
  4.35000e-06      30.1000      16.9000      7810.65   0.00169000      13.2000
  4.36000e-06      30.3000      16.5000      8363.64   0.00165000      13.8000
  4.37000e-06      30.3000      16.7000      8143.71   0.00167000      13.6000
  4.38000e-06      30.3000      16.7000      8143.71   0.00167000      13.6000
  4.39000e-06      30.3000      16.7000      8143.71   0.00167000      13.6000
  4.40000e-06      30.1000      16.5000      8242.42   0.00165000      13.6000
  4.41000e-06      30.3000      16.7000      8143.71   0.00167000      13.6000
  4.42000e-06      30.3000      16.3000      8588.96   0.00163000      14.0000
  4.43000e-06      29.9000      16.9000      7692.31   0.00169000      13.0000
  4.44000e-06      30.1000      16.7000      8023.95   0.00167000      13.4000
  4.45000e-06      30.3000      16.5000      8363.64   0.00165000      13.8000
  4.46000e-06      30.5000      16.5000      8484.85   0.00165000      14.0000
  4.47000e-06      30.1000      16.9000      7810.65   0.00169000      13.2000
  4.48000e-06      30.3000      16.5000      8363.64   0.00165000      13.8000
  4.49000e-06      30.1000      16.7000      8023.95   0.00167000      13.4000
  4.50000e-06      30.1000      16.9000      7810.65   0.00169000      13.2000
  4.51000e-06      30.3000      16.7000      8143.71   0.00167000      13.6000
  4.52000e-06      30.5000      16.7000      8263.47   0.00167000      13.8000
  4.53000e-06      29.7000      16.7000      7784.43   0.00167000      13.0000
  4.54000e-06      30.3000      16.5000      8363.64   0.00165000      13.8000
  4.55000e-06      30.1000      16.9000      7810.65   0.00169000      13.2000
  4.56000e-06      30.3000      16.5000      8363.64   0.00165000      13.8000
  4.57000e-06      30.3000      16.5000      8363.64   0.00165000      13.8000
  4.58000e-06      30.5000      16.7000      8263.47   0.00167000      13.8000
  4.59000e-06      30.3000      16.5000      8363.64   0.00165000      13.8000
  4.60000e-06      30.1000      16.9000      7810.65   0.00169000      13.2000
  4.61000e-06      30.1000      16.9000      7810.65   0.00169000      13.2000
  4.62000e-06      30.5000      16.7000      8263.47   0.00167000      13.8000
  4.63000e-06      29.9000      16.7000      7904.19   0.00167000      13.2000
  4.64000e-06      30.3000      16.7000      8143.71   0.00167000      13.6000
  4.65000e-06      29.7000      16.5000      8000.00   0.00165000      13.2000
  4.66000e-06      30.3000      17.1000      7719.30   0.00171000      13.2000
  4.67000e-06      30.5000      16.9000      8047.34   0.00169000      13.6000
  4.68000e-06      30.1000      16.7000      8023.95   0.00167000      13.4000
  4.69000e-06      30.5000      16.9000      8047.34   0.00169000      13.6000
  4.70000e-06      30.1000      16.9000      7810.65   0.00169000      13.2000
  4.71000e-06      30.3000      16.7000      8143.71   0.00167000      13.6000
  4.72000e-06      30.1000      16.5000      8242.42   0.00165000      13.6000
  4.73000e-06      30.1000      16.7000      8023.95   0.00167000      13.4000
  4.74000e-06      30.3000      16.5000      8363.64   0.00165000      13.8000
  4.75000e-06      29.9000      16.7000      7904.19   0.00167000      13.2000
  4.76000e-06      30.3000      16.9000      7928.99   0.00169000      13.4000
  4.77000e-06      30.3000      16.7000      8143.71   0.00167000      13.6000
  4.78000e-06      30.1000      16.9000      7810.65   0.00169000      13.2000
  4.79000e-06      30.5000      16.7000      8263.47   0.00167000      13.8000
  4.80000e-06      30.3000      16.7000      8143.71   0.00167000      13.6000
  4.81000e-06      30.1000      16.7000      8023.95   0.00167000      13.4000
  4.82000e-06      30.3000      16.7000      8143.71   0.00167000      13.6000
  4.83000e-06      30.3000      16.9000      7928.99   0.00169000      13.4000
  4.84000e-06      30.5000      16.7000      8263.47   0.00167000      13.8000
  4.85000e-06      30.1000      16.7000      8023.95   0.00167000      13.4000
  4.86000e-06      30.1000      16.5000      8242.42   0.00165000      13.6000
  4.87000e-06      30.3000      16.5000      8363.64   0.00165000      13.8000
  4.88000e-06      30.5000      16.7000      8263.47   0.00167000      13.8000
  4.89000e-06      30.3000      16.9000      7928.99   0.00169000      13.4000
  4.90000e-06      29.9000      16.5000      8121.21   0.00165000      13.4000
  4.91000e-06      29.9000      16.5000      8121.21   0.00165000      13.4000
  4.92000e-06      29.9000      16.5000      8121.21   0.00165000      13.4000
  4.93000e-06      30.3000      16.5000      8363.64   0.00165000      13.8000
  4.94000e-06      30.1000      16.7000      8023.95   0.00167000      13.4000
  4.95000e-06      30.5000      16.7000      8263.47   0.00167000      13.8000
  4.96000e-06      30.3000      16.3000      8588.96   0.00163000      14.0000
  4.97000e-06      29.9000      16.9000      7692.31   0.00169000      13.0000
  4.98000e-06      30.3000      16.7000      8143.71   0.00167000      13.6000
  4.99000e-06      30.3000      16.5000      8363.64   0.00165000      13.8000
  5.00000e-06      30.1000      16.9000      7810.65   0.00169000      13.2000
  5.01000e-06      30.5000      16.7000      8263.47   0.00167000      13.8000
  5.02000e-06      30.1000      16.7000      8023.95   0.00167000      13.4000
  5.03000e-06      30.5000      16.5000      8484.85   0.00165000      14.0000
  5.04000e-06      30.1000      16.7000      8023.95   0.00167000      13.4000
  5.05000e-06      30.5000      16.5000      8484.85   0.00165000      14.0000
  5.06000e-06      30.1000      16.7000      8023.95   0.00167000      13.4000
  5.07000e-06      30.3000      16.7000      8143.71   0.00167000      13.6000
  5.08000e-06      30.5000      16.7000      8263.47   0.00167000      13.8000
  5.09000e-06      30.1000      16.7000      8023.95   0.00167000      13.4000
  5.10000e-06      29.9000      16.7000      7904.19   0.00167000      13.2000
  5.11000e-06      30.3000      16.7000      8143.71   0.00167000      13.6000
  5.12000e-06      30.1000      16.9000      7810.65   0.00169000      13.2000
  5.13000e-06      30.1000      16.7000      8023.95   0.00167000      13.4000
  5.14000e-06      30.3000      16.7000      8143.71   0.00167000      13.6000
  5.15000e-06      30.1000      16.9000      7810.65   0.00169000      13.2000
  5.16000e-06      30.1000      16.5000      8242.42   0.00165000      13.6000
  5.17000e-06      30.3000      16.7000      8143.71   0.00167000      13.6000
  5.18000e-06      30.1000      16.7000      8023.95   0.00167000      13.4000
  5.19000e-06      30.1000      16.9000      7810.65   0.00169000      13.2000
  5.20000e-06      30.1000      16.7000      8023.95   0.00167000      13.4000
  5.21000e-06      30.1000      16.7000      8023.95   0.00167000      13.4000
  5.22000e-06      30.3000      16.9000      7928.99   0.00169000      13.4000
  5.23000e-06      30.3000      16.9000      7928.99   0.00169000      13.4000
  5.24000e-06      30.3000      16.7000      8143.71   0.00167000      13.6000
  5.25000e-06      30.3000      16.7000      8143.71   0.00167000      13.6000
  5.26000e-06      30.5000      16.5000      8484.85   0.00165000      14.0000
  5.27000e-06      30.1000      16.9000      7810.65   0.00169000      13.2000
  5.28000e-06      30.3000      16.9000      7928.99   0.00169000      13.4000
  5.29000e-06      30.1000      16.9000      7810.65   0.00169000      13.2000
  5.30000e-06      30.3000      16.7000      8143.71   0.00167000      13.6000
  5.31000e-06      30.3000      16.9000      7928.99   0.00169000      13.4000
  5.32000e-06      30.7000      16.7000      8383.23   0.00167000      14.0000
  5.33000e-06      30.3000      16.7000      8143.71   0.00167000      13.6000
  5.34000e-06      30.3000      16.7000      8143.71   0.00167000      13.6000
  5.35000e-06      30.1000      16.7000      8023.95   0.00167000      13.4000
  5.36000e-06      30.3000      16.7000      8143.71   0.00167000      13.6000
  5.37000e-06      30.3000      16.9000      7928.99   0.00169000      13.4000
  5.38000e-06      29.9000      16.7000      7904.19   0.00167000      13.2000
  5.39000e-06      30.5000      16.5000      8484.85   0.00165000      14.0000
  5.40000e-06      30.5000      16.7000      8263.47   0.00167000      13.8000
  5.41000e-06      30.1000      16.9000      7810.65   0.00169000      13.2000
  5.42000e-06      30.1000      16.5000      8242.42   0.00165000      13.6000
  5.43000e-06      30.1000      16.5000      8242.42   0.00165000      13.6000
  5.44000e-06      30.3000      17.1000      7719.30   0.00171000      13.2000
  5.45000e-06      30.5000      16.7000      8263.47   0.00167000      13.8000
  5.46000e-06      30.1000      16.7000      8023.95   0.00167000      13.4000
  5.47000e-06      30.1000      16.9000      7810.65   0.00169000      13.2000
  5.48000e-06      30.5000      16.9000      8047.34   0.00169000      13.6000
  5.49000e-06      29.9000      16.5000      8121.21   0.00165000      13.4000
  5.50000e-06      30.5000      16.5000      8484.85   0.00165000      14.0000
  5.51000e-06      30.5000      16.9000      8047.34   0.00169000      13.6000
  5.52000e-06      30.3000      17.1000      7719.30   0.00171000      13.2000
  5.53000e-06      30.5000      16.7000      8263.47   0.00167000      13.8000
  5.54000e-06      30.1000      16.5000      8242.42   0.00165000      13.6000
  5.55000e-06      30.3000      16.5000      8363.64   0.00165000      13.8000
  5.56000e-06      30.1000      17.1000      7602.34   0.00171000      13.0000
  5.57000e-06      30.3000      16.7000      8143.71   0.00167000      13.6000
  5.58000e-06      30.7000      16.3000      8834.36   0.00163000      14.4000
  5.59000e-06      30.3000      16.7000      8143.71   0.00167000      13.6000
  5.60000e-06      30.5000      16.7000      8263.47   0.00167000      13.8000
  5.61000e-06      30.1000      16.5000      8242.42   0.00165000      13.6000
  5.62000e-06      30.3000      16.7000      8143.71   0.00167000      13.6000
  5.63000e-06      30.5000      16.7000      8263.47   0.00167000      13.8000
  5.64000e-06      30.3000      16.9000      7928.99   0.00169000      13.4000
  5.65000e-06      30.7000      16.5000      8606.06   0.00165000      14.2000
  5.66000e-06      30.5000      16.5000      8484.85   0.00165000      14.0000
  5.67000e-06      30.3000      16.7000      8143.71   0.00167000      13.6000
  5.68000e-06      30.5000      16.9000      8047.34   0.00169000      13.6000
  5.69000e-06      30.3000      16.5000      8363.64   0.00165000      13.8000
  5.70000e-06      30.3000      16.7000      8143.71   0.00167000      13.6000
  5.71000e-06      30.3000      16.9000      7928.99   0.00169000      13.4000
  5.72000e-06      30.5000      16.9000      8047.34   0.00169000      13.6000
  5.73000e-06      30.5000      17.1000      7836.26   0.00171000      13.4000
  5.74000e-06      30.1000      16.7000      8023.95   0.00167000      13.4000
  5.75000e-06      29.9000      16.7000      7904.19   0.00167000      13.2000
  5.76000e-06      30.1000      16.9000      7810.65   0.00169000      13.2000
  5.77000e-06      30.3000      16.7000      8143.71   0.00167000      13.6000
  5.78000e-06      30.5000      16.9000      8047.34   0.00169000      13.6000
  5.79000e-06      30.3000      17.1000      7719.30   0.00171000      13.2000
  5.80000e-06      30.3000      16.9000      7928.99   0.00169000      13.4000
  5.81000e-06      30.5000      16.9000      8047.34   0.00169000      13.6000
  5.82000e-06      30.3000      16.7000      8143.71   0.00167000      13.6000
  5.83000e-06      30.3000      16.7000      8143.71   0.00167000      13.6000
  5.84000e-06      30.3000      16.9000      7928.99   0.00169000      13.4000
  5.85000e-06      30.3000      16.5000      8363.64   0.00165000      13.8000
  5.86000e-06      30.5000      16.7000      8263.47   0.00167000      13.8000
  5.87000e-06      30.5000      16.9000      8047.34   0.00169000      13.6000
  5.88000e-06      30.1000      16.7000      8023.95   0.00167000      13.4000
  5.89000e-06      30.3000      17.1000      7719.30   0.00171000      13.2000
  5.90000e-06      30.5000      16.7000      8263.47   0.00167000      13.8000
  5.91000e-06      30.5000      16.7000      8263.47   0.00167000      13.8000
  5.92000e-06      30.5000      16.7000      8263.47   0.00167000      13.8000
  5.93000e-06      30.5000      17.1000      7836.26   0.00171000      13.4000
  5.94000e-06      30.5000      16.5000      8484.85   0.00165000      14.0000
  5.95000e-06      30.5000      16.7000      8263.47   0.00167000      13.8000
  5.96000e-06      30.3000      16.9000      7928.99   0.00169000      13.4000
  5.97000e-06      29.9000      16.5000      8121.21   0.00165000      13.4000
  5.98000e-06      30.5000      16.7000      8263.47   0.00167000      13.8000
  5.99000e-06      30.5000      16.9000      8047.34   0.00169000      13.6000
  6.00000e-06      30.3000      16.7000      8143.71   0.00167000      13.6000
  6.01000e-06      30.1000      16.9000      7810.65   0.00169000      13.2000
  6.02000e-06      30.7000      16.7000      8383.23   0.00167000      14.0000
  6.03000e-06      30.3000      16.5000      8363.64   0.00165000      13.8000
  6.04000e-06      30.5000      16.7000      8263.47   0.00167000      13.8000
  6.05000e-06      30.3000      16.9000      7928.99   0.00169000      13.4000
  6.06000e-06      30.3000      16.7000      8143.71   0.00167000      13.6000
  6.07000e-06      30.5000      16.7000      8263.47   0.00167000      13.8000
  6.08000e-06      30.5000      16.7000      8263.47   0.00167000      13.8000
  6.09000e-06      30.5000      16.9000      8047.34   0.00169000      13.6000
  6.10000e-06      30.3000      16.7000      8143.71   0.00167000      13.6000
  6.11000e-06      30.5000      16.7000      8263.47   0.00167000      13.8000
  6.12000e-06      29.9000      17.1000      7485.38   0.00171000      12.8000
  6.13000e-06      30.3000      17.1000      7719.30   0.00171000      13.2000
  6.14000e-06      30.3000      16.7000      8143.71   0.00167000      13.6000
  6.15000e-06      30.3000      16.9000      7928.99   0.00169000      13.4000
  6.16000e-06      30.3000      16.7000      8143.71   0.00167000      13.6000
  6.17000e-06      30.3000      16.9000      7928.99   0.00169000      13.4000
  6.18000e-06      30.3000      16.7000      8143.71   0.00167000      13.6000
  6.19000e-06      30.3000      16.7000      8143.71   0.00167000      13.6000
  6.20000e-06      30.1000      17.1000      7602.34   0.00171000      13.0000
  6.21000e-06      30.1000      16.9000      7810.65   0.00169000      13.2000
  6.22000e-06      30.3000      16.5000      8363.64   0.00165000      13.8000
  6.23000e-06      29.9000      16.5000      8121.21   0.00165000      13.4000
  6.24000e-06      30.3000      16.9000      7928.99   0.00169000      13.4000
  6.25000e-06      30.3000      16.7000      8143.71   0.00167000      13.6000
  6.26000e-06      30.5000      16.7000      8263.47   0.00167000      13.8000
  6.27000e-06      30.1000      16.9000      7810.65   0.00169000      13.2000
  6.28000e-06      30.1000      16.9000      7810.65   0.00169000      13.2000
  6.29000e-06      30.3000      16.7000      8143.71   0.00167000      13.6000
  6.30000e-06      30.5000      17.1000      7836.26   0.00171000      13.4000
  6.31000e-06      30.3000      16.7000      8143.71   0.00167000      13.6000
  6.32000e-06      30.5000      16.7000      8263.47   0.00167000      13.8000
  6.33000e-06      30.3000      16.7000      8143.71   0.00167000      13.6000
  6.34000e-06      30.5000      16.7000      8263.47   0.00167000      13.8000
  6.35000e-06      30.3000      16.5000      8363.64   0.00165000      13.8000
  6.36000e-06      29.9000      17.1000      7485.38   0.00171000      12.8000
  6.37000e-06      30.5000      16.5000      8484.85   0.00165000      14.0000
  6.38000e-06      30.3000      16.9000      7928.99   0.00169000      13.4000
  6.39000e-06      30.3000      16.9000      7928.99   0.00169000      13.4000
  6.40000e-06      30.1000      16.9000      7810.65   0.00169000      13.2000
  6.41000e-06      30.3000      16.5000      8363.64   0.00165000      13.8000
  6.42000e-06      30.5000      16.7000      8263.47   0.00167000      13.8000
  6.43000e-06      30.3000      16.5000      8363.64   0.00165000      13.8000
  6.44000e-06      29.9000      16.9000      7692.31   0.00169000      13.0000
  6.45000e-06      30.5000      17.1000      7836.26   0.00171000      13.4000
  6.46000e-06      30.3000      16.7000      8143.71   0.00167000      13.6000
  6.47000e-06      30.5000      16.7000      8263.47   0.00167000      13.8000
  6.48000e-06      29.9000      16.7000      7904.19   0.00167000      13.2000
  6.49000e-06      30.5000      16.7000      8263.47   0.00167000      13.8000
  6.50000e-06      29.9000      16.9000      7692.31   0.00169000      13.0000
  6.51000e-06      30.3000      16.9000      7928.99   0.00169000      13.4000
  6.52000e-06      30.3000      16.7000      8143.71   0.00167000      13.6000
  6.53000e-06      30.1000      16.7000      8023.95   0.00167000      13.4000
  6.54000e-06      30.1000      16.7000      8023.95   0.00167000      13.4000
  6.55000e-06      30.5000      17.1000      7836.26   0.00171000      13.4000
  6.56000e-06      30.5000      17.1000      7836.26   0.00171000      13.4000
  6.57000e-06      30.3000      16.7000      8143.71   0.00167000      13.6000
  6.58000e-06      30.5000      16.7000      8263.47   0.00167000      13.8000
  6.59000e-06      30.5000      16.9000      8047.34   0.00169000      13.6000
  6.60000e-06      30.5000      16.7000      8263.47   0.00167000      13.8000
  6.61000e-06      30.9000      16.7000      8502.99   0.00167000      14.2000
  6.62000e-06      30.7000      16.9000      8165.68   0.00169000      13.8000
  6.63000e-06      30.1000      16.9000      7810.65   0.00169000      13.2000
  6.64000e-06      30.1000      17.1000      7602.34   0.00171000      13.0000
  6.65000e-06      30.5000      17.3000      7630.06   0.00173000      13.2000
  6.66000e-06      30.5000      16.9000      8047.34   0.00169000      13.6000
  6.67000e-06      30.5000      16.5000      8484.85   0.00165000      14.0000
  6.68000e-06      30.5000      16.9000      8047.34   0.00169000      13.6000
  6.69000e-06      29.9000      16.9000      7692.31   0.00169000      13.0000
  6.70000e-06      30.3000      16.7000      8143.71   0.00167000      13.6000
  6.71000e-06      30.3000      16.9000      7928.99   0.00169000      13.4000
  6.72000e-06      30.1000      16.9000      7810.65   0.00169000      13.2000
  6.73000e-06      30.3000      16.5000      8363.64   0.00165000      13.8000
  6.74000e-06      30.5000      16.7000      8263.47   0.00167000      13.8000
  6.75000e-06      30.5000      16.9000      8047.34   0.00169000      13.6000
  6.76000e-06      30.1000      16.3000      8466.26   0.00163000      13.8000
  6.77000e-06      30.5000      16.3000      8711.66   0.00163000      14.2000
  6.78000e-06      30.1000      16.7000      8023.95   0.00167000      13.4000
  6.79000e-06      30.5000      16.9000      8047.34   0.00169000      13.6000
  6.80000e-06      30.1000      17.3000      7398.85   0.00173000      12.8000
  6.81000e-06      30.3000      17.1000      7719.30   0.00171000      13.2000
  6.82000e-06      30.5000      16.7000      8263.47   0.00167000      13.8000
  6.83000e-06      30.5000      16.7000      8263.47   0.00167000      13.8000
  6.84000e-06      30.9000      17.1000      8070.17   0.00171000      13.8000
  6.85000e-06      30.5000      16.9000      8047.34   0.00169000      13.6000
  6.86000e-06      30.3000      16.9000      7928.99   0.00169000      13.4000
  6.87000e-06      30.1000      16.9000      7810.65   0.00169000      13.2000
  6.88000e-06      30.1000      16.9000      7810.65   0.00169000      13.2000
  6.89000e-06      30.3000      16.9000      7928.99   0.00169000      13.4000
  6.90000e-06      30.3000      16.9000      7928.99   0.00169000      13.4000
  6.91000e-06      30.1000      16.9000      7810.65   0.00169000      13.2000
  6.92000e-06      30.5000      16.9000      8047.34   0.00169000      13.6000
  6.93000e-06      30.3000      16.5000      8363.64   0.00165000      13.8000
  6.94000e-06      30.3000      16.9000      7928.99   0.00169000      13.4000
  6.95000e-06      30.5000      16.9000      8047.34   0.00169000      13.6000
  6.96000e-06      30.3000      16.7000      8143.71   0.00167000      13.6000
  6.97000e-06      30.3000      16.9000      7928.99   0.00169000      13.4000
  6.98000e-06      30.5000      16.7000      8263.47   0.00167000      13.8000
  6.99000e-06      30.5000      16.5000      8484.85   0.00165000      14.0000
  7.00000e-06      30.5000      16.9000      8047.34   0.00169000      13.6000
  7.01000e-06      30.1000      17.1000      7602.34   0.00171000      13.0000
  7.02000e-06      30.5000      17.1000      7836.26   0.00171000      13.4000
  7.03000e-06      30.5000      16.9000      8047.34   0.00169000      13.6000
  7.04000e-06      30.1000      16.7000      8023.95   0.00167000      13.4000
  7.05000e-06      30.5000      17.3000      7630.06   0.00173000      13.2000
  7.06000e-06      30.3000      16.5000      8363.64   0.00165000      13.8000
  7.07000e-06      30.5000      16.7000      8263.47   0.00167000      13.8000
  7.08000e-06      30.3000      16.9000      7928.99   0.00169000      13.4000
  7.09000e-06      30.3000      16.7000      8143.71   0.00167000      13.6000
  7.10000e-06      30.1000      16.7000      8023.95   0.00167000      13.4000
  7.11000e-06      30.1000      16.7000      8023.95   0.00167000      13.4000
  7.12000e-06      30.1000      17.3000      7398.85   0.00173000      12.8000
  7.13000e-06      30.1000      16.9000      7810.65   0.00169000      13.2000
  7.14000e-06      30.5000      16.9000      8047.34   0.00169000      13.6000
  7.15000e-06      30.3000      16.9000      7928.99   0.00169000      13.4000
  7.16000e-06      30.1000      16.7000      8023.95   0.00167000      13.4000
  7.17000e-06      30.1000      16.3000      8466.26   0.00163000      13.8000
  7.18000e-06      30.5000      16.9000      8047.34   0.00169000      13.6000
  7.19000e-06      30.5000      16.7000      8263.47   0.00167000      13.8000
  7.20000e-06      30.5000      16.9000      8047.34   0.00169000      13.6000
  7.21000e-06      30.5000      16.7000      8263.47   0.00167000      13.8000
  7.22000e-06      30.3000      16.9000      7928.99   0.00169000      13.4000
  7.23000e-06      30.5000      16.9000      8047.34   0.00169000      13.6000
  7.24000e-06      30.3000      16.7000      8143.71   0.00167000      13.6000
  7.25000e-06      30.1000      16.7000      8023.95   0.00167000      13.4000
  7.26000e-06      30.5000      16.9000      8047.34   0.00169000      13.6000
  7.27000e-06      30.1000      16.5000      8242.42   0.00165000      13.6000
  7.28000e-06      30.5000      16.7000      8263.47   0.00167000      13.8000
  7.29000e-06      30.3000      16.5000      8363.64   0.00165000      13.8000
  7.30000e-06      30.1000      17.1000      7602.34   0.00171000      13.0000
  7.31000e-06      30.1000      16.9000      7810.65   0.00169000      13.2000
  7.32000e-06      30.1000      16.7000      8023.95   0.00167000      13.4000
  7.33000e-06      30.3000      16.7000      8143.71   0.00167000      13.6000
  7.34000e-06      30.3000      16.9000      7928.99   0.00169000      13.4000
  7.35000e-06      30.1000      16.7000      8023.95   0.00167000      13.4000
  7.36000e-06      30.5000      17.1000      7836.26   0.00171000      13.4000
  7.37000e-06      30.5000      16.5000      8484.85   0.00165000      14.0000
  7.38000e-06      30.5000      16.9000      8047.34   0.00169000      13.6000
  7.39000e-06      30.1000      16.7000      8023.95   0.00167000      13.4000
  7.40000e-06      30.3000      16.5000      8363.64   0.00165000      13.8000
  7.41000e-06      30.5000      16.9000      8047.34   0.00169000      13.6000
  7.42000e-06      30.3000      16.7000      8143.71   0.00167000      13.6000
  7.43000e-06      30.3000      17.1000      7719.30   0.00171000      13.2000
  7.44000e-06      30.5000      16.9000      8047.34   0.00169000      13.6000
  7.45000e-06      30.3000      16.9000      7928.99   0.00169000      13.4000
  7.46000e-06      30.5000      16.9000      8047.34   0.00169000      13.6000
  7.47000e-06      30.5000      16.9000      8047.34   0.00169000      13.6000
  7.48000e-06      30.3000      16.9000      7928.99   0.00169000      13.4000
  7.49000e-06      30.3000      16.9000      7928.99   0.00169000      13.4000
  7.50000e-06      30.5000      16.9000      8047.34   0.00169000      13.6000
  7.51000e-06      30.3000      16.9000      7928.99   0.00169000      13.4000
  7.52000e-06      30.7000      16.9000      8165.68   0.00169000      13.8000
  7.53000e-06      30.1000      16.7000      8023.95   0.00167000      13.4000
  7.54000e-06      29.9000      16.9000      7692.31   0.00169000      13.0000
  7.55000e-06      30.1000      17.1000      7602.34   0.00171000      13.0000
  7.56000e-06      30.5000      16.9000      8047.34   0.00169000      13.6000
  7.57000e-06      30.5000      16.9000      8047.34   0.00169000      13.6000
  7.58000e-06      30.1000      16.5000      8242.42   0.00165000      13.6000
  7.59000e-06      30.1000      16.9000      7810.65   0.00169000      13.2000
  7.60000e-06      30.7000      16.9000      8165.68   0.00169000      13.8000
  7.61000e-06      30.5000      16.9000      8047.34   0.00169000      13.6000
  7.62000e-06      30.3000      16.7000      8143.71   0.00167000      13.6000
  7.63000e-06      30.1000      16.5000      8242.42   0.00165000      13.6000
  7.64000e-06      30.7000      17.1000      7953.22   0.00171000      13.6000
  7.65000e-06      30.7000      17.3000      7745.67   0.00173000      13.4000
  7.66000e-06      30.7000      16.5000      8606.06   0.00165000      14.2000
  7.67000e-06      29.9000      16.9000      7692.31   0.00169000      13.0000
  7.68000e-06      30.5000      17.1000      7836.26   0.00171000      13.4000
  7.69000e-06      30.3000      16.5000      8363.64   0.00165000      13.8000
  7.70000e-06      30.5000      16.9000      8047.34   0.00169000      13.6000
  7.71000e-06      30.3000      16.7000      8143.71   0.00167000      13.6000
  7.72000e-06      30.5000      16.7000      8263.47   0.00167000      13.8000
  7.73000e-06      30.5000      16.7000      8263.47   0.00167000      13.8000
  7.74000e-06      30.5000      16.9000      8047.34   0.00169000      13.6000
  7.75000e-06      30.5000      16.7000      8263.47   0.00167000      13.8000
  7.76000e-06      30.5000      17.1000      7836.26   0.00171000      13.4000
  7.77000e-06      30.3000      16.7000      8143.71   0.00167000      13.6000
  7.78000e-06      30.5000      16.7000      8263.47   0.00167000      13.8000
  7.79000e-06      30.3000      16.7000      8143.71   0.00167000      13.6000
  7.80000e-06      30.3000      16.9000      7928.99   0.00169000      13.4000
  7.81000e-06      30.1000      16.9000      7810.65   0.00169000      13.2000
  7.82000e-06      30.3000      16.9000      7928.99   0.00169000      13.4000
  7.83000e-06      30.3000      16.9000      7928.99   0.00169000      13.4000
  7.84000e-06      30.3000      16.9000      7928.99   0.00169000      13.4000
  7.85000e-06      30.5000      16.9000      8047.34   0.00169000      13.6000
  7.86000e-06      30.3000      16.9000      7928.99   0.00169000      13.4000
  7.87000e-06      30.3000      17.1000      7719.30   0.00171000      13.2000
  7.88000e-06      30.5000      16.9000      8047.34   0.00169000      13.6000
  7.89000e-06      30.1000      16.9000      7810.65   0.00169000      13.2000
  7.90000e-06      30.1000      16.9000      7810.65   0.00169000      13.2000
  7.91000e-06      30.3000      16.7000      8143.71   0.00167000      13.6000
  7.92000e-06      30.3000      16.9000      7928.99   0.00169000      13.4000
  7.93000e-06      30.3000      16.5000      8363.64   0.00165000      13.8000
  7.94000e-06      30.5000      16.7000      8263.47   0.00167000      13.8000
  7.95000e-06      30.3000      16.9000      7928.99   0.00169000      13.4000
  7.96000e-06      30.7000      16.7000      8383.23   0.00167000      14.0000
  7.97000e-06      30.3000      17.1000      7719.30   0.00171000      13.2000
  7.98000e-06      30.5000      17.1000      7836.26   0.00171000      13.4000
  7.99000e-06      30.3000      16.7000      8143.71   0.00167000      13.6000
  8.00000e-06      30.3000      16.9000      7928.99   0.00169000      13.4000
  8.01000e-06      30.1000      16.7000      8023.95   0.00167000      13.4000
  8.02000e-06      30.3000      16.9000      7928.99   0.00169000      13.4000
  8.03000e-06      30.3000      16.9000      7928.99   0.00169000      13.4000
  8.04000e-06      30.3000      16.5000      8363.64   0.00165000      13.8000
  8.05000e-06      30.3000      16.7000      8143.71   0.00167000      13.6000
  8.06000e-06      30.3000      17.1000      7719.30   0.00171000      13.2000
  8.07000e-06      30.5000      16.7000      8263.47   0.00167000      13.8000
  8.08000e-06      30.5000      16.9000      8047.34   0.00169000      13.6000
  8.09000e-06      30.5000      16.5000      8484.85   0.00165000      14.0000
  8.10000e-06      30.3000      16.9000      7928.99   0.00169000      13.4000
  8.11000e-06      30.3000      16.7000      8143.71   0.00167000      13.6000
  8.12000e-06      30.1000      16.7000      8023.95   0.00167000      13.4000
  8.13000e-06      30.1000      16.9000      7810.65   0.00169000      13.2000
  8.14000e-06      30.3000      16.9000      7928.99   0.00169000      13.4000
  8.15000e-06      30.5000      17.1000      7836.26   0.00171000      13.4000
  8.16000e-06      30.5000      16.9000      8047.34   0.00169000      13.6000
  8.17000e-06      29.9000      16.9000      7692.31   0.00169000      13.0000
  8.18000e-06      30.3000      16.7000      8143.71   0.00167000      13.6000
  8.19000e-06      30.5000      16.9000      8047.34   0.00169000      13.6000
  8.20000e-06      30.3000      16.7000      8143.71   0.00167000      13.6000
  8.21000e-06      30.7000      17.1000      7953.22   0.00171000      13.6000
  8.22000e-06      30.3000      16.9000      7928.99   0.00169000      13.4000
  8.23000e-06      30.5000      16.9000      8047.34   0.00169000      13.6000
  8.24000e-06      30.5000      16.9000      8047.34   0.00169000      13.6000
  8.25000e-06      30.3000      16.7000      8143.71   0.00167000      13.6000
  8.26000e-06      29.9000      16.9000      7692.31   0.00169000      13.0000
  8.27000e-06      30.5000      16.7000      8263.47   0.00167000      13.8000
  8.28000e-06      30.5000      17.1000      7836.26   0.00171000      13.4000
  8.29000e-06      30.1000      16.7000      8023.95   0.00167000      13.4000
  8.30000e-06      30.3000      16.9000      7928.99   0.00169000      13.4000
  8.31000e-06      29.9000      16.7000      7904.19   0.00167000      13.2000
  8.32000e-06      30.5000      17.1000      7836.26   0.00171000      13.4000
  8.33000e-06      30.3000      16.9000      7928.99   0.00169000      13.4000
  8.34000e-06      30.3000      16.9000      7928.99   0.00169000      13.4000
  8.35000e-06      30.5000      16.9000      8047.34   0.00169000      13.6000
  8.36000e-06      30.5000      16.7000      8263.47   0.00167000      13.8000
  8.37000e-06      30.1000      17.1000      7602.34   0.00171000      13.0000
  8.38000e-06      30.3000      16.9000      7928.99   0.00169000      13.4000
  8.39000e-06      30.3000      16.9000      7928.99   0.00169000      13.4000
  8.40000e-06      30.3000      17.1000      7719.30   0.00171000      13.2000
  8.41000e-06      30.3000      16.9000      7928.99   0.00169000      13.4000
  8.42000e-06      30.3000      17.1000      7719.30   0.00171000      13.2000
  8.43000e-06      30.5000      16.9000      8047.34   0.00169000      13.6000
  8.44000e-06      30.7000      16.7000      8383.23   0.00167000      14.0000
  8.45000e-06      30.5000      16.9000      8047.34   0.00169000      13.6000
  8.46000e-06      30.1000      17.3000      7398.85   0.00173000      12.8000
  8.47000e-06      30.3000      16.7000      8143.71   0.00167000      13.6000
  8.48000e-06      30.5000      17.1000      7836.26   0.00171000      13.4000
  8.49000e-06      30.3000      16.7000      8143.71   0.00167000      13.6000
  8.50000e-06      30.3000      16.7000      8143.71   0.00167000      13.6000
  8.51000e-06      30.3000      16.9000      7928.99   0.00169000      13.4000
  8.52000e-06      30.1000      16.7000      8023.95   0.00167000      13.4000
  8.53000e-06      30.3000      16.7000      8143.71   0.00167000      13.6000
  8.54000e-06      30.3000      16.9000      7928.99   0.00169000      13.4000
  8.55000e-06      30.5000      17.1000      7836.26   0.00171000      13.4000
  8.56000e-06      30.5000      17.1000      7836.26   0.00171000      13.4000
  8.57000e-06      30.3000      16.7000      8143.71   0.00167000      13.6000
  8.58000e-06      30.1000      16.9000      7810.65   0.00169000      13.2000
  8.59000e-06      30.3000      16.5000      8363.64   0.00165000      13.8000
  8.60000e-06      30.7000      16.9000      8165.68   0.00169000      13.8000
  8.61000e-06      30.5000      17.1000      7836.26   0.00171000      13.4000
  8.62000e-06      30.3000      17.1000      7719.30   0.00171000      13.2000
  8.63000e-06      30.3000      16.9000      7928.99   0.00169000      13.4000
  8.64000e-06      30.3000      16.9000      7928.99   0.00169000      13.4000
  8.65000e-06      30.5000      17.1000      7836.26   0.00171000      13.4000
  8.66000e-06      30.5000      17.1000      7836.26   0.00171000      13.4000
  8.67000e-06      30.5000      16.9000      8047.34   0.00169000      13.6000
  8.68000e-06      30.1000      17.3000      7398.85   0.00173000      12.8000
  8.69000e-06      30.5000      16.7000      8263.47   0.00167000      13.8000
  8.70000e-06      30.5000      16.7000      8263.47   0.00167000      13.8000
  8.71000e-06      30.3000      17.1000      7719.30   0.00171000      13.2000
  8.72000e-06      30.3000      17.1000      7719.30   0.00171000      13.2000
  8.73000e-06      30.3000      16.7000      8143.71   0.00167000      13.6000
  8.74000e-06      30.3000      17.1000      7719.30   0.00171000      13.2000
  8.75000e-06      30.3000      16.9000      7928.99   0.00169000      13.4000
  8.76000e-06      30.3000      16.9000      7928.99   0.00169000      13.4000
  8.77000e-06      30.3000      16.7000      8143.71   0.00167000      13.6000
  8.78000e-06      30.7000      17.1000      7953.22   0.00171000      13.6000
  8.79000e-06      30.3000      16.7000      8143.71   0.00167000      13.6000
  8.80000e-06      30.7000      16.7000      8383.23   0.00167000      14.0000
  8.81000e-06      30.1000      16.9000      7810.65   0.00169000      13.2000
  8.82000e-06      30.5000      16.9000      8047.34   0.00169000      13.6000
  8.83000e-06      30.3000      16.7000      8143.71   0.00167000      13.6000
  8.84000e-06      30.3000      16.9000      7928.99   0.00169000      13.4000
  8.85000e-06      30.3000      16.7000      8143.71   0.00167000      13.6000
  8.86000e-06      30.5000      16.7000      8263.47   0.00167000      13.8000
  8.87000e-06      30.3000      16.7000      8143.71   0.00167000      13.6000
  8.88000e-06      30.3000      17.1000      7719.30   0.00171000      13.2000
  8.89000e-06      30.3000      17.1000      7719.30   0.00171000      13.2000
  8.90000e-06      30.3000      17.1000      7719.30   0.00171000      13.2000
  8.91000e-06      30.3000      16.9000      7928.99   0.00169000      13.4000
