Tiempo (min)	I pulso(mA)	Vinst 1 (V)	Iinst 1 (mA)	Rinst 1(Ohm)	Rrem 1 (Ohm)	Ibias 1 (mA)	Vbias 1 (V)	Vinst 2 (V)	Iinst 2 (mA)	Rinst 2(Ohm)	Rrem 2 (Ohm)	Ibias 2 (mA)	Vbias 2 (V)	Ancho pulso (s)	Periodo (s)	Icc 1 (mA)	Vcc 1 (V)	Icc 2 (mA)	Vcc 2 (V)	2W 1?	N	S5_Rrem	X	Y	Z	AA	AB	AC	AD	AE	AF
1.0342	0.10000	0.12460	0.10010	1244.8	1215.1	0.10220	0.12418	9.9100e+37	0.10010	1.7900e+308	1.7900e+308	0.10220	9.9100e+37	1.0000	0.0000	100.00	4.0000	100.00	10.000	0.0000	1.0000										
1.1165	0.10000	0.12406	0.10070	1232.0	1252.2	0.099300	0.12434	9.9100e+37	0.10070	1.7900e+308	1.7900e+308	0.099300	9.9100e+37	1.0000	0.0000	100.00	4.0000	100.00	10.000	0.0000	2.0000										
1.1986	0.10000	0.12416	0.10030	1237.9	1234.7	0.10060	0.12421	9.9100e+37	0.10030	1.7900e+308	1.7900e+308	0.10060	9.9100e+37	1.0000	0.0000	100.00	4.0000	100.00	10.000	0.0000	3.0000										
1.2808	0.10000	0.12464	0.10210	1220.8	1250.4	0.10000	0.12504	9.9100e+37	0.10210	1.7900e+308	1.7900e+308	0.10000	9.9100e+37	1.0000	0.0000	100.00	4.0000	100.00	10.000	0.0000	4.0000										
1.3628	0.10000	0.12506	0.10240	1221.3	1234.5	0.10160	0.12543	9.9100e+37	0.10240	1.7900e+308	1.7900e+308	0.10160	9.9100e+37	1.0000	0.0000	100.00	4.0000	100.00	10.000	0.0000	5.0000										
1.4448	0.10000	0.12360	0.10030	1232.3	1237.9	0.10090	0.12490	9.9100e+37	0.10030	1.7900e+308	1.7900e+308	0.10090	9.9100e+37	1.0000	0.0000	100.00	4.0000	100.00	10.000	0.0000	6.0000										
1.5298	0.10000	0.12495	0.10140	1232.2	1240.2	0.099800	0.12377	9.9100e+37	0.10140	1.7900e+308	1.7900e+308	0.099800	9.9100e+37	1.0000	1.0000	100.00	4.0000	100.00	10.000	0.0000	7.0000										
1.6188	0.10000	0.12450	0.10100	1232.7	1250.3	0.099700	0.12465	9.9100e+37	0.10100	1.7900e+308	1.7900e+308	0.099700	9.9100e+37	1.0000	1.0000	100.00	4.0000	100.00	10.000	0.0000	8.0000										
1.7067	0.10000	0.12612	0.10020	1258.7	1262.8	0.099200	0.12527	9.9100e+37	0.10020	1.7900e+308	1.7900e+308	0.099200	9.9100e+37	1.0000	1.0000	100.00	4.0000	100.00	10.000	0.0000	9.0000										
1.7946	0.10000	0.12510	0.099600	1256.0	1248.7	0.099800	0.12462	9.9100e+37	0.099600	1.7900e+308	1.7900e+308	0.099800	9.9100e+37	1.0000	1.0000	100.00	4.0000	100.00	10.000	0.0000	10.000										
1.8824	0.10000	0.12475	0.098600	1265.2	1243.0	0.10110	0.12567	9.9100e+37	0.098600	1.7900e+308	1.7900e+308	0.10110	9.9100e+37	1.0000	1.0000	100.00	4.0000	100.00	10.000	0.0000	11.000										
1.9703	0.11000	0.13670	0.11060	1236.0	1272.1	0.098500	0.12530	9.9100e+37	0.11060	1.7900e+308	1.7900e+308	0.098500	9.9100e+37	1.0000	1.0000	100.00	4.0000	100.00	10.000	0.0000	12.000										
2.0582	0.12000	0.14890	0.12300	1210.6	1247.1	0.10120	0.12621	9.9100e+37	0.12300	1.7900e+308	1.7900e+308	0.10120	9.9100e+37	1.0000	1.0000	100.00	4.0000	100.00	10.000	0.0000	13.000										
2.1461	0.13000	0.15967	0.12890	1238.7	1258.1	0.098500	0.12392	9.9100e+37	0.12890	1.7900e+308	1.7900e+308	0.098500	9.9100e+37	1.0000	1.0000	100.00	4.0000	100.00	10.000	0.0000	14.000										
2.2340	0.14000	0.17230	0.14160	1216.8	1251.7	0.10070	0.12605	9.9100e+37	0.14160	1.7900e+308	1.7900e+308	0.10070	9.9100e+37	1.0000	1.0000	100.00	4.0000	100.00	10.000	0.0000	15.000										
2.3219	0.15000	0.18046	0.15020	1201.5	1251.1	0.099900	0.12498	9.9100e+37	0.15020	1.7900e+308	1.7900e+308	0.099900	9.9100e+37	1.0000	1.0000	100.00	4.0000	100.00	10.000	0.0000	16.000										
2.4098	0.16000	0.19308	0.16040	1203.7	1255.5	0.099200	0.12455	9.9100e+37	0.16040	1.7900e+308	1.7900e+308	0.099200	9.9100e+37	1.0000	1.0000	100.00	4.0000	100.00	10.000	0.0000	17.000										
2.4977	0.17000	0.20342	0.17070	1191.7	1237.5	0.10110	0.12511	9.9100e+37	0.17070	1.7900e+308	1.7900e+308	0.10110	9.9100e+37	1.0000	1.0000	100.00	4.0000	100.00	10.000	0.0000	18.000										
2.5857	0.18000	0.21194	0.18070	1172.9	1213.3	0.10010	0.12145	9.9100e+37	0.18070	1.7900e+308	1.7900e+308	0.10010	9.9100e+37	1.0000	1.0000	100.00	4.0000	100.00	10.000	0.0000	19.000										
2.6737	0.19000	0.22354	0.18850	1185.9	1206.7	0.099600	0.12019	9.9100e+37	0.18850	1.7900e+308	1.7900e+308	0.099600	9.9100e+37	1.0000	1.0000	100.00	4.0000	100.00	10.000	0.0000	20.000										
2.7616	0.20000	0.23362	0.19940	1171.6	1196.5	0.10020	0.11989	9.9100e+37	0.19940	1.7900e+308	1.7900e+308	0.10020	9.9100e+37	1.0000	1.0000	100.00	4.0000	100.00	10.000	0.0000	21.000										
2.8494	0.21000	0.24580	0.20890	1176.6	1197.7	0.10160	0.12169	9.9100e+37	0.20890	1.7900e+308	1.7900e+308	0.10160	9.9100e+37	1.0000	1.0000	100.00	4.0000	100.00	10.000	0.0000	22.000										
2.9373	0.22000	0.25665	0.22020	1165.5	1236.0	0.097300	0.12026	9.9100e+37	0.22020	1.7900e+308	1.7900e+308	0.097300	9.9100e+37	1.0000	1.0000	100.00	4.0000	100.00	10.000	0.0000	23.000										
3.0253	0.23000	0.25089	0.22990	1091.3	1119.5	0.10040	0.11240	9.9100e+37	0.22990	1.7900e+308	1.7900e+308	0.10040	9.9100e+37	1.0000	1.0000	100.00	4.0000	100.00	10.000	0.0000	24.000										
3.1132	0.24000	0.25951	0.23890	1086.3	1144.3	0.097400	0.11145	9.9100e+37	0.23890	1.7900e+308	1.7900e+308	0.097400	9.9100e+37	1.0000	1.0000	100.00	4.0000	100.00	10.000	0.0000	25.000										
3.2011	0.25000	0.27042	0.24850	1088.2	1100.9	0.10130	0.11152	9.9100e+37	0.24850	1.7900e+308	1.7900e+308	0.10130	9.9100e+37	1.0000	1.0000	100.00	4.0000	100.00	10.000	0.0000	26.000										
3.2889	0.26000	0.28106	0.26110	1076.4	1135.8	0.098700	0.11210	9.9100e+37	0.26110	1.7900e+308	1.7900e+308	0.098700	9.9100e+37	1.0000	1.0000	100.00	4.0000	100.00	10.000	0.0000	27.000										
3.3769	0.27000	0.29025	0.26880	1079.8	1127.4	0.099700	0.11240	9.9100e+37	0.26880	1.7900e+308	1.7900e+308	0.099700	9.9100e+37	1.0000	1.0000	100.00	4.0000	100.00	10.000	0.0000	28.000										
3.4648	0.28000	0.30093	0.27990	1075.1	1129.4	0.098900	0.11170	9.9100e+37	0.27990	1.7900e+308	1.7900e+308	0.098900	9.9100e+37	1.0000	1.0000	100.00	4.0000	100.00	10.000	0.0000	29.000										
3.5528	0.29000	0.31184	0.28930	1077.9	1081.7	0.10350	0.11196	9.9100e+37	0.28930	1.7900e+308	1.7900e+308	0.10350	9.9100e+37	1.0000	1.0000	100.00	4.0000	100.00	10.000	0.0000	30.000										
3.6407	0.30000	0.32267	0.29810	1082.4	1134.3	0.099300	0.11264	9.9100e+37	0.29810	1.7900e+308	1.7900e+308	0.099300	9.9100e+37	1.0000	1.0000	100.00	4.0000	100.00	10.000	0.0000	31.000										
3.7286	0.30000	0.32421	0.30250	1071.8	1130.7	0.098900	0.11183	9.9100e+37	0.30250	1.7900e+308	1.7900e+308	0.098900	9.9100e+37	1.0000	1.0000	100.00	4.0000	100.00	10.000	0.0000	32.000										
3.8165	0.30000	0.32188	0.29770	1081.2	1123.3	0.10000	0.11233	9.9100e+37	0.29770	1.7900e+308	1.7900e+308	0.10000	9.9100e+37	1.0000	1.0000	100.00	4.0000	100.00	10.000	0.0000	33.000										
3.9044	0.30000	0.32425	0.30140	1075.8	1139.6	0.10230	0.11658	9.9100e+37	0.30140	1.7900e+308	1.7900e+308	0.10230	9.9100e+37	1.0000	1.0000	100.00	4.0000	100.00	10.000	0.0000	34.000										
3.9932	0.30000	0.32892	0.30200	1089.1	1257.5	0.098700	0.12412	9.9100e+37	0.30200	1.7900e+308	1.7900e+308	0.098700	9.9100e+37	1.0000	1.0000	100.00	4.0000	100.00	10.000	0.0000	35.000										
4.0811	0.30000	0.32549	0.30100	1081.4	1210.5	0.099200	0.12008	9.9100e+37	0.30100	1.7900e+308	1.7900e+308	0.099200	9.9100e+37	1.0000	1.0000	100.00	4.0000	100.00	10.000	0.0000	36.000										
4.1691	0.30000	0.32486	0.29840	1088.7	1097.6	0.10230	0.11228	9.9100e+37	0.29840	1.7900e+308	1.7900e+308	0.10230	9.9100e+37	1.0000	1.0000	100.00	4.0000	100.00	10.000	0.0000	37.000										
4.2570	0.30000	0.32464	0.30110	1078.2	1134.2	0.099800	0.11319	9.9100e+37	0.30110	1.7900e+308	1.7900e+308	0.099800	9.9100e+37	1.0000	1.0000	100.00	4.0000	100.00	10.000	0.0000	38.000										
4.3448	0.30000	0.32413	0.29920	1083.3	1137.0	0.10020	0.11393	9.9100e+37	0.29920	1.7900e+308	1.7900e+308	0.10020	9.9100e+37	1.0000	1.0000	100.00	4.0000	100.00	10.000	0.0000	39.000										
4.4328	0.30000	0.32496	0.30030	1082.1	1133.5	0.10020	0.11358	9.9100e+37	0.30030	1.7900e+308	1.7900e+308	0.10020	9.9100e+37	1.0000	1.0000	100.00	4.0000	100.00	10.000	0.0000	40.000										
4.5207	0.31000	0.33550	0.31010	1081.9	1143.5	0.099300	0.11355	9.9100e+37	0.31010	1.7900e+308	1.7900e+308	0.099300	9.9100e+37	1.0000	1.0000	100.00	4.0000	100.00	10.000	0.0000	41.000										
4.6086	0.32000	0.34568	0.31780	1087.7	1113.7	0.10220	0.11382	9.9100e+37	0.31780	1.7900e+308	1.7900e+308	0.10220	9.9100e+37	1.0000	1.0000	100.00	4.0000	100.00	10.000	0.0000	42.000										
4.6965	0.33000	0.35764	0.33170	1078.2	1139.5	0.099900	0.11384	9.9100e+37	0.33170	1.7900e+308	1.7900e+308	0.099900	9.9100e+37	1.0000	1.0000	100.00	4.0000	100.00	10.000	0.0000	43.000										
4.7844	0.34000	0.36754	0.33930	1083.2	1160.0	0.098000	0.11368	9.9100e+37	0.33930	1.7900e+308	1.7900e+308	0.098000	9.9100e+37	1.0000	1.0000	100.00	4.0000	100.00	10.000	0.0000	44.000										
4.8723	0.35000	0.37780	0.35110	1076.0	1143.9	0.098500	0.11267	9.9100e+37	0.35110	1.7900e+308	1.7900e+308	0.098500	9.9100e+37	1.0000	1.0000	100.00	4.0000	100.00	10.000	0.0000	45.000										
4.9602	0.36000	0.38926	0.36010	1081.0	1136.7	0.099700	0.11333	9.9100e+37	0.36010	1.7900e+308	1.7900e+308	0.099700	9.9100e+37	1.0000	1.0000	100.00	4.0000	100.00	10.000	0.0000	46.000										
5.0481	0.37000	0.39904	0.36960	1079.7	1140.7	0.099700	0.11373	9.9100e+37	0.36960	1.7900e+308	1.7900e+308	0.099700	9.9100e+37	1.0000	1.0000	100.00	4.0000	100.00	10.000	0.0000	47.000										
5.1361	0.38000	0.40885	0.37740	1083.3	1137.3	0.099600	0.11328	9.9100e+37	0.37740	1.7900e+308	1.7900e+308	0.099600	9.9100e+37	1.0000	1.0000	100.00	4.0000	100.00	10.000	0.0000	48.000										
5.2240	0.39000	0.41947	0.39110	1072.5	1139.4	0.099800	0.11371	9.9100e+37	0.39110	1.7900e+308	1.7900e+308	0.099800	9.9100e+37	1.0000	1.0000	100.00	4.0000	100.00	10.000	0.0000	49.000										
5.3120	0.40000	0.42974	0.40260	1067.4	1131.8	0.10080	0.11409	9.9100e+37	0.40260	1.7900e+308	1.7900e+308	0.10080	9.9100e+37	1.0000	1.0000	100.00	4.0000	100.00	10.000	0.0000	50.000										
5.3999	0.40000	0.42805	0.40130	1066.7	1148.0	0.099200	0.11388	9.9100e+37	0.40130	1.7900e+308	1.7900e+308	0.099200	9.9100e+37	1.0000	1.0000	100.00	4.0000	100.00	10.000	0.0000	51.000										
5.4878	0.40000	0.42925	0.39910	1075.5	1144.9	0.098700	0.11300	9.9100e+37	0.39910	1.7900e+308	1.7900e+308	0.098700	9.9100e+37	1.0000	1.0000	100.00	4.0000	100.00	10.000	0.0000	52.000										
5.5757	0.40000	0.42978	0.40120	1071.2	1108.4	0.10230	0.11339	9.9100e+37	0.40120	1.7900e+308	1.7900e+308	0.10230	9.9100e+37	1.0000	1.0000	100.00	4.0000	100.00	10.000	0.0000	53.000										
5.6637	0.40000	0.42899	0.39880	1075.7	1144.5	0.097900	0.11205	9.9100e+37	0.39880	1.7900e+308	1.7900e+308	0.097900	9.9100e+37	1.0000	1.0000	100.00	4.0000	100.00	10.000	0.0000	54.000										
5.7516	0.40000	0.42976	0.39910	1076.8	1114.2	0.10220	0.11387	9.9100e+37	0.39910	1.7900e+308	1.7900e+308	0.10220	9.9100e+37	1.0000	1.0000	100.00	4.0000	100.00	10.000	0.0000	55.000										
5.8396	0.40000	0.42875	0.40060	1070.3	1177.1	0.098100	0.11547	9.9100e+37	0.40060	1.7900e+308	1.7900e+308	0.098100	9.9100e+37	1.0000	1.0000	100.00	4.0000	100.00	10.000	0.0000	56.000										
5.9275	0.40000	0.43134	0.39950	1079.7	1145.8	0.099700	0.11424	9.9100e+37	0.39950	1.7900e+308	1.7900e+308	0.099700	9.9100e+37	1.0000	1.0000	100.00	4.0000	100.00	10.000	0.0000	57.000										
6.0154	0.40000	0.43157	0.40030	1078.1	1137.1	0.10030	0.11405	9.9100e+37	0.40030	1.7900e+308	1.7900e+308	0.10030	9.9100e+37	1.0000	1.0000	100.00	4.0000	100.00	10.000	0.0000	58.000										
6.1033	0.41000	0.43924	0.41150	1067.4	1130.2	0.10100	0.11415	9.9100e+37	0.41150	1.7900e+308	1.7900e+308	0.10100	9.9100e+37	1.0000	1.0000	100.00	4.0000	100.00	10.000	0.0000	59.000										
6.1912	0.42000	0.44955	0.42200	1065.3	1136.2	0.10050	0.11419	9.9100e+37	0.42200	1.7900e+308	1.7900e+308	0.10050	9.9100e+37	1.0000	1.0000	100.00	4.0000	100.00	10.000	0.0000	60.000										
6.2791	0.43000	0.45831	0.43170	1061.6	1140.7	0.098800	0.11270	9.9100e+37	0.43170	1.7900e+308	1.7900e+308	0.098800	9.9100e+37	1.0000	1.0000	100.00	4.0000	100.00	10.000	0.0000	61.000										
6.3670	0.44000	0.46880	0.43980	1065.9	1124.6	0.10020	0.11268	9.9100e+37	0.43980	1.7900e+308	1.7900e+308	0.10020	9.9100e+37	1.0000	1.0000	100.00	4.0000	100.00	10.000	0.0000	62.000										
6.4549	0.45000	0.47899	0.44950	1065.6	1113.5	0.10190	0.11347	9.9100e+37	0.44950	1.7900e+308	1.7900e+308	0.10190	9.9100e+37	1.0000	1.0000	100.00	4.0000	100.00	10.000	0.0000	63.000										
6.5430	0.46000	0.48927	0.46060	1062.2	1094.4	0.20120	0.22020	9.9100e+37	0.46060	1.7900e+308	1.7900e+308	0.20120	9.9100e+37	1.0000	1.0000	100.00	4.0000	100.00	10.000	0.0000	64.000										
6.6309	0.47000	0.49901	0.46920	1063.5	1087.1	0.20220	0.21981	9.9100e+37	0.46920	1.7900e+308	1.7900e+308	0.20220	9.9100e+37	1.0000	1.0000	100.00	4.0000	100.00	10.000	0.0000	65.000										
6.7189	0.48000	0.50825	0.48030	1058.2	1100.1	0.20140	0.22157	9.9100e+37	0.48030	1.7900e+308	1.7900e+308	0.20140	9.9100e+37	1.0000	1.0000	100.00	4.0000	100.00	10.000	0.0000	66.000										
6.8068	0.49000	0.51807	0.49090	1055.3	1094.3	0.20120	0.22018	9.9100e+37	0.49090	1.7900e+308	1.7900e+308	0.20120	9.9100e+37	1.0000	1.0000	100.00	4.0000	100.00	10.000	0.0000	67.000										
6.8947	0.50000	0.52875	0.49770	1062.4	1091.0	0.20160	0.21995	9.9100e+37	0.49770	1.7900e+308	1.7900e+308	0.20160	9.9100e+37	1.0000	1.0000	100.00	4.0000	100.00	10.000	0.0000	68.000										
6.9828	0.51000	0.53840	0.50880	1058.2	1095.9	0.20140	0.22071	9.9100e+37	0.50880	1.7900e+308	1.7900e+308	0.20140	9.9100e+37	1.0000	1.0000	100.00	4.0000	100.00	10.000	0.0000	69.000										
7.0707	0.52000	0.54946	0.52060	1055.4	1111.0	0.19770	0.21964	9.9100e+37	0.52060	1.7900e+308	1.7900e+308	0.19770	9.9100e+37	1.0000	1.0000	100.00	4.0000	100.00	10.000	0.0000	70.000										
7.1586	0.53000	0.55788	0.52970	1053.2	1100.4	0.19920	0.21920	9.9100e+37	0.52970	1.7900e+308	1.7900e+308	0.19920	9.9100e+37	1.0000	1.0000	100.00	4.0000	100.00	10.000	0.0000	71.000										
7.2465	0.54000	0.56864	0.53750	1057.9	1092.9	0.20060	0.21923	9.9100e+37	0.53750	1.7900e+308	1.7900e+308	0.20060	9.9100e+37	1.0000	1.0000	100.00	4.0000	100.00	10.000	0.0000	72.000										
7.3344	0.55000	0.57895	0.54690	1058.6	1088.7	0.20230	0.22025	9.9100e+37	0.54690	1.7900e+308	1.7900e+308	0.20230	9.9100e+37	1.0000	1.0000	100.00	4.0000	100.00	10.000	0.0000	73.000										
7.4223	0.56000	0.58872	0.55810	1054.9	1097.4	0.20160	0.22123	9.9100e+37	0.55810	1.7900e+308	1.7900e+308	0.20160	9.9100e+37	1.0000	1.0000	100.00	4.0000	100.00	10.000	0.0000	74.000										
7.5102	0.57000	0.59789	0.56750	1053.6	1118.1	0.19820	0.22160	9.9100e+37	0.56750	1.7900e+308	1.7900e+308	0.19820	9.9100e+37	1.0000	1.0000	100.00	4.0000	100.00	10.000	0.0000	75.000										
7.5982	0.58000	0.60981	0.58150	1048.7	1102.1	0.20050	0.22097	9.9100e+37	0.58150	1.7900e+308	1.7900e+308	0.20050	9.9100e+37	1.0000	1.0000	100.00	4.0000	100.00	10.000	0.0000	76.000										
7.6861	0.59000	0.62064	0.58990	1052.1	1092.2	0.20130	0.21985	9.9100e+37	0.58990	1.7900e+308	1.7900e+308	0.20130	9.9100e+37	1.0000	1.0000	100.00	4.0000	100.00	10.000	0.0000	77.000										
7.7741	0.60000	0.63300	0.60180	1051.8	1095.8	0.20040	0.21959	9.9100e+37	0.60180	1.7900e+308	1.7900e+308	0.20040	9.9100e+37	1.0000	1.0000	100.00	4.0000	100.00	10.000	0.0000	78.000										
7.8621	0.61000	0.63944	0.61100	1046.5	1107.4	0.19840	0.21970	9.9100e+37	0.61100	1.7900e+308	1.7900e+308	0.19840	9.9100e+37	1.0000	1.0000	100.00	4.0000	100.00	10.000	0.0000	79.000										
7.9500	0.62000	0.64912	0.61900	1048.7	1117.9	0.19780	0.22112	9.9100e+37	0.61900	1.7900e+308	1.7900e+308	0.19780	9.9100e+37	1.0000	1.0000	100.00	4.0000	100.00	10.000	0.0000	80.000										
8.0379	0.63000	0.65855	0.62890	1047.1	1112.1	0.19910	0.22142	9.9100e+37	0.62890	1.7900e+308	1.7900e+308	0.19910	9.9100e+37	1.0000	1.0000	100.00	4.0000	100.00	10.000	0.0000	81.000										
8.1259	0.64000	0.66812	0.63730	1048.4	1103.8	0.20020	0.22098	9.9100e+37	0.63730	1.7900e+308	1.7900e+308	0.20020	9.9100e+37	1.0000	1.0000	100.00	4.0000	100.00	10.000	0.0000	82.000										
8.2139	0.65000	0.67914	0.64910	1046.3	1108.9	0.19830	0.21990	9.9100e+37	0.64910	1.7900e+308	1.7900e+308	0.19830	9.9100e+37	1.0000	1.0000	100.00	4.0000	100.00	10.000	0.0000	83.000										
8.3019	0.66000	0.69000	0.66030	1045.0	1083.3	0.20390	0.22089	9.9100e+37	0.66030	1.7900e+308	1.7900e+308	0.20390	9.9100e+37	1.0000	1.0000	100.00	4.0000	100.00	10.000	0.0000	84.000										
8.3899	0.67000	0.69996	0.67080	1043.5	1095.6	0.20200	0.22132	9.9100e+37	0.67080	1.7900e+308	1.7900e+308	0.20200	9.9100e+37	1.0000	1.0000	100.00	4.0000	100.00	10.000	0.0000	85.000										
8.4779	0.68000	0.70852	0.68210	1038.7	1107.9	0.19940	0.22092	9.9100e+37	0.68210	1.7900e+308	1.7900e+308	0.19940	9.9100e+37	1.0000	1.0000	100.00	4.0000	100.00	10.000	0.0000	86.000										
8.5659	0.69000	0.71997	0.69110	1041.8	1102.1	0.20050	0.22097	9.9100e+37	0.69110	1.7900e+308	1.7900e+308	0.20050	9.9100e+37	1.0000	1.0000	100.00	4.0000	100.00	10.000	0.0000	87.000										
8.6539	0.70000	0.72877	0.70070	1040.1	1097.3	0.20120	0.22077	9.9100e+37	0.70070	1.7900e+308	1.7900e+308	0.20120	9.9100e+37	1.0000	1.0000	100.00	4.0000	100.00	10.000	0.0000	88.000										
8.7419	0.71000	0.73988	0.71130	1040.2	1110.7	0.19840	0.22037	9.9100e+37	0.71130	1.7900e+308	1.7900e+308	0.19840	9.9100e+37	1.0000	1.0000	100.00	4.0000	100.00	10.000	0.0000	89.000										
8.8299	0.72000	0.74765	0.72080	1037.2	1093.4	0.20210	0.22098	9.9100e+37	0.72080	1.7900e+308	1.7900e+308	0.20210	9.9100e+37	1.0000	1.0000	100.00	4.0000	100.00	10.000	0.0000	90.000										
8.9178	0.73000	0.75727	0.72830	1039.8	1105.1	0.19960	0.22058	9.9100e+37	0.72830	1.7900e+308	1.7900e+308	0.19960	9.9100e+37	1.0000	1.0000	100.00	4.0000	100.00	10.000	0.0000	91.000										
9.0059	0.74000	0.76856	0.74070	1037.6	1100.2	0.20020	0.22025	9.9100e+37	0.74070	1.7900e+308	1.7900e+308	0.20020	9.9100e+37	1.0000	1.0000	100.00	4.0000	100.00	10.000	0.0000	92.000										
9.0938	0.75000	0.77788	0.74990	1037.3	1103.4	0.19980	0.22045	9.9100e+37	0.74990	1.7900e+308	1.7900e+308	0.19980	9.9100e+37	1.0000	1.0000	100.00	4.0000	100.00	10.000	0.0000	93.000										
9.1816	0.76000	0.78521	0.75950	1033.9	1097.6	0.19960	0.21909	9.9100e+37	0.75950	1.7900e+308	1.7900e+308	0.19960	9.9100e+37	1.0000	1.0000	100.00	4.0000	100.00	10.000	0.0000	94.000										
9.2696	0.77000	0.79423	0.77060	1030.7	1099.1	0.20020	0.22003	9.9100e+37	0.77060	1.7900e+308	1.7900e+308	0.20020	9.9100e+37	1.0000	1.0000	100.00	4.0000	100.00	10.000	0.0000	95.000										
9.3576	0.78000	0.80388	0.77940	1031.4	1100.7	0.20100	0.22124	9.9100e+37	0.77940	1.7900e+308	1.7900e+308	0.20100	9.9100e+37	1.0000	1.0000	100.00	4.0000	100.00	10.000	0.0000	96.000										
9.4456	0.79000	0.81412	0.79020	1030.3	1127.6	0.19860	0.22394	9.9100e+37	0.79020	1.7900e+308	1.7900e+308	0.19860	9.9100e+37	1.0000	1.0000	100.00	4.0000	100.00	10.000	0.0000	97.000										
9.5337	0.80000	0.83688	0.80030	1045.7	1125.3	0.19960	0.22461	9.9100e+37	0.80030	1.7900e+308	1.7900e+308	0.19960	9.9100e+37	1.0000	1.0000	100.00	4.0000	100.00	10.000	0.0000	98.000										
9.6216	0.81000	0.83680	0.80920	1034.1	1122.3	0.19910	0.22345	9.9100e+37	0.80920	1.7900e+308	1.7900e+308	0.19910	9.9100e+37	1.0000	1.0000	100.00	4.0000	100.00	10.000	0.0000	99.000										
9.7096	0.82000	0.84679	0.82100	1031.4	1106.3	0.20260	0.22413	9.9100e+37	0.82100	1.7900e+308	1.7900e+308	0.20260	9.9100e+37	1.0000	1.0000	100.00	4.0000	100.00	10.000	0.0000	100.00										
9.7976	0.83000	0.85502	0.82990	1030.3	1121.7	0.19950	0.22378	9.9100e+37	0.82990	1.7900e+308	1.7900e+308	0.19950	9.9100e+37	1.0000	1.0000	100.00	4.0000	100.00	10.000	0.0000	101.00										
9.8857	0.84000	0.86226	0.83860	1028.2	1124.6	0.19870	0.22346	9.9100e+37	0.83860	1.7900e+308	1.7900e+308	0.19870	9.9100e+37	1.0000	1.0000	100.00	4.0000	100.00	10.000	0.0000	102.00										
9.9736	0.85000	0.87369	0.85180	1025.7	1119.4	0.19980	0.22366	9.9100e+37	0.85180	1.7900e+308	1.7900e+308	0.19980	9.9100e+37	1.0000	1.0000	100.00	4.0000	100.00	10.000	0.0000	103.00										
10.062	0.86000	0.88350	0.85850	1029.1	1100.8	0.20100	0.22127	9.9100e+37	0.85850	1.7900e+308	1.7900e+308	0.20100	9.9100e+37	1.0000	1.0000	100.00	4.0000	100.00	10.000	0.0000	104.00										
10.149	0.87000	0.89173	0.87010	1024.9	1113.2	0.20080	0.22354	9.9100e+37	0.87010	1.7900e+308	1.7900e+308	0.20080	9.9100e+37	1.0000	1.0000	100.00	4.0000	100.00	10.000	0.0000	105.00										
10.238	0.88000	0.90575	0.88040	1028.8	1105.2	0.20090	0.22203	9.9100e+37	0.88040	1.7900e+308	1.7900e+308	0.20090	9.9100e+37	1.0000	1.0000	100.00	4.0000	100.00	10.000	0.0000	106.00										
10.326	0.89000	0.91700	0.89070	1029.5	1108.1	0.20150	0.22329	9.9100e+37	0.89070	1.7900e+308	1.7900e+308	0.20150	9.9100e+37	1.0000	1.0000	100.00	4.0000	100.00	10.000	0.0000	107.00										
10.414	0.90000	0.92629	0.89840	1031.0	1113.7	0.20010	0.22285	9.9100e+37	0.89840	1.7900e+308	1.7900e+308	0.20010	9.9100e+37	1.0000	1.0000	100.00	4.0000	100.00	10.000	0.0000	108.00										
10.501	0.91000	0.93627	0.90890	1030.1	1111.4	0.20100	0.22340	9.9100e+37	0.90890	1.7900e+308	1.7900e+308	0.20100	9.9100e+37	1.0000	1.0000	100.00	4.0000	100.00	10.000	0.0000	109.00										
10.589	0.92000	0.94625	0.92100	1027.4	1114.6	0.20020	0.22314	9.9100e+37	0.92100	1.7900e+308	1.7900e+308	0.20020	9.9100e+37	1.0000	1.0000	100.00	4.0000	100.00	10.000	0.0000	110.00										
10.677	0.93000	0.95567	0.92970	1027.9	1121.7	0.19970	0.22401	9.9100e+37	0.92970	1.7900e+308	1.7900e+308	0.19970	9.9100e+37	1.0000	1.0000	100.00	4.0000	100.00	10.000	0.0000	111.00										
10.765	0.94000	0.96576	0.93980	1027.6	1122.2	0.19970	0.22410	9.9100e+37	0.93980	1.7900e+308	1.7900e+308	0.19970	9.9100e+37	1.0000	1.0000	100.00	4.0000	100.00	10.000	0.0000	112.00										
10.853	0.95000	0.97346	0.95070	1023.9	1116.2	0.20020	0.22346	9.9100e+37	0.95070	1.7900e+308	1.7900e+308	0.20020	9.9100e+37	1.0000	1.0000	100.00	4.0000	100.00	10.000	0.0000	113.00										
10.941	0.96000	0.98421	0.95930	1026.0	1121.3	0.19970	0.22392	9.9100e+37	0.95930	1.7900e+308	1.7900e+308	0.19970	9.9100e+37	1.0000	1.0000	100.00	4.0000	100.00	10.000	0.0000	114.00										
11.029	0.97000	0.99224	0.96830	1024.7	1101.9	0.20200	0.22259	9.9100e+37	0.96830	1.7900e+308	1.7900e+308	0.20200	9.9100e+37	1.0000	1.0000	100.00	4.0000	100.00	10.000	0.0000	115.00										
11.117	0.98000	1.0025	0.98020	1022.7	1113.9	0.20120	0.22412	9.9100e+37	0.98020	1.7900e+308	1.7900e+308	0.20120	9.9100e+37	1.0000	1.0000	100.00	4.0000	100.00	10.000	0.0000	116.00										
11.205	0.99000	1.0122	0.99170	1020.7	1115.1	0.20020	0.22324	9.9100e+37	0.99170	1.7900e+308	1.7900e+308	0.20020	9.9100e+37	1.0000	1.0000	100.00	4.0000	100.00	10.000	0.0000	117.00										
11.293	1.0000	1.0202	0.99970	1020.5	1113.5	0.20010	0.22282	9.9100e+37	0.99970	1.7900e+308	1.7900e+308	0.20010	9.9100e+37	1.0000	1.0000	100.00	4.0000	100.00	10.000	0.0000	118.00										
11.381	1.0000	1.0211	0.99850	1022.6	1121.0	0.19950	0.22364	9.9100e+37	0.99850	1.7900e+308	1.7900e+308	0.19950	9.9100e+37	1.0000	1.0000	100.00	4.0000	100.00	10.000	0.0000	119.00										
11.468	1.0000	1.0218	1.0013	1020.4	1118.8	0.19900	0.22264	9.9100e+37	1.0013	1.7900e+308	1.7900e+308	0.19900	9.9100e+37	1.0000	1.0000	100.00	4.0000	100.00	10.000	0.0000	120.00										
11.556	1.0000	1.0210	0.99920	1021.8	1115.6	0.20070	0.22390	9.9100e+37	0.99920	1.7900e+308	1.7900e+308	0.20070	9.9100e+37	1.0000	1.0000	100.00	4.0000	100.00	10.000	0.0000	121.00										
11.644	1.0000	1.0203	0.99950	1020.8	1115.3	0.20000	0.22305	9.9100e+37	0.99950	1.7900e+308	1.7900e+308	0.20000	9.9100e+37	1.0000	1.0000	100.00	4.0000	100.00	10.000	0.0000	122.00										
11.732	1.0000	1.0209	1.0015	1019.3	1124.5	0.19910	0.22389	9.9100e+37	1.0015	1.7900e+308	1.7900e+308	0.19910	9.9100e+37	1.0000	1.0000	100.00	4.0000	100.00	10.000	0.0000	123.00										
11.820	1.0000	1.0180	0.99960	1018.4	1113.3	0.20040	0.22311	9.9100e+37	0.99960	1.7900e+308	1.7900e+308	0.20040	9.9100e+37	1.0000	1.0000	100.00	4.0000	100.00	10.000	0.0000	124.00										
11.908	1.0000	1.0195	0.99960	1019.9	1104.3	0.20270	0.22384	9.9100e+37	0.99960	1.7900e+308	1.7900e+308	0.20270	9.9100e+37	1.0000	1.0000	100.00	4.0000	100.00	10.000	0.0000	125.00										
11.996	1.0000	1.0180	0.99890	1019.1	1133.9	0.19680	0.22316	9.9100e+37	0.99890	1.7900e+308	1.7900e+308	0.19680	9.9100e+37	1.0000	1.0000	100.00	4.0000	100.00	10.000	0.0000	126.00										
12.084	1.0000	1.0187	0.99900	1019.7	1125.1	0.19880	0.22366	9.9100e+37	0.99900	1.7900e+308	1.7900e+308	0.19880	9.9100e+37	1.0000	1.0000	100.00	4.0000	100.00	10.000	0.0000	127.00										
12.172	1.0000	1.0211	0.99940	1021.7	1124.0	0.19900	0.22368	9.9100e+37	0.99940	1.7900e+308	1.7900e+308	0.19900	9.9100e+37	1.0000	1.0000	100.00	4.0000	100.00	10.000	0.0000	128.00										
12.260	1.0000	1.0231	1.0003	1022.8	1109.4	0.20200	0.22410	9.9100e+37	1.0003	1.7900e+308	1.7900e+308	0.20200	9.9100e+37	1.0000	1.0000	100.00	4.0000	100.00	10.000	0.0000	129.00										
12.348	1.0000	1.0213	0.99960	1021.7	1108.1	0.20190	0.22372	9.9100e+37	0.99960	1.7900e+308	1.7900e+308	0.20190	9.9100e+37	1.0000	1.0000	100.00	4.0000	100.00	10.000	0.0000	130.00	1113.2									
12.437	1.0000	1.0222	1.0015	1020.7	1112.8	0.20050	0.22311	9.9100e+37	1.0015	1.7900e+308	1.7900e+308	0.20050	9.9100e+37	1.0000	1.0000	100.00	4.0000	100.00	10.000	0.0000	131.00	1113.9									
12.525	1.0000	1.0224	1.0003	1022.1	1111.7	0.20030	0.22267	9.9100e+37	1.0003	1.7900e+308	1.7900e+308	0.20030	9.9100e+37	1.0000	1.0000	100.00	4.0000	100.00	10.000	0.0000	132.00	1116.9									
12.613	1.0500	1.0678	1.0505	1016.5	1127.5	0.19900	0.22438	9.9100e+37	1.0505	1.7900e+308	1.7900e+308	0.19900	9.9100e+37	1.0000	1.0000	100.00	4.0000	100.00	10.000	0.0000	133.00	1118.7									
12.701	1.1000	1.1150	1.0996	1014.0	1124.3	0.20020	0.22508	9.9100e+37	1.0996	1.7900e+308	1.7900e+308	0.20020	9.9100e+37	1.0000	1.0000	100.00	4.0000	100.00	10.000	0.0000	134.00	1117.1									
12.789	1.1500	1.1548	1.1505	1003.8	1117.3	0.20070	0.22425	9.9100e+37	1.1505	1.7900e+308	1.7900e+308	0.20070	9.9100e+37	1.0000	1.0000	100.00	4.0000	100.00	10.000	0.0000	135.00	1113.9									
12.877	1.2000	1.1979	1.2000	998.27	1104.5	0.20220	0.22333	9.9100e+37	1.2000	1.7900e+308	1.7900e+308	0.20220	9.9100e+37	1.0000	1.0000	100.00	4.0000	100.00	10.000	0.0000	136.00	1111.9									
12.965	1.2500	1.2420	1.2491	994.31	1095.7	0.20250	0.22188	9.9100e+37	1.2491	1.7900e+308	1.7900e+308	0.20250	9.9100e+37	1.0000	1.0000	100.00	4.0000	100.00	10.000	0.0000	137.00	1110.5									
13.053	1.3000	1.2925	1.2980	995.76	1117.7	0.19990	0.22343	9.9100e+37	1.2980	1.7900e+308	1.7900e+308	0.19990	9.9100e+37	1.0000	1.0000	100.00	4.0000	100.00	10.000	0.0000	138.00	1110.4									
13.141	1.3500	1.3382	1.3500	991.23	1117.3	0.20010	0.22358	9.9100e+37	1.3500	1.7900e+308	1.7900e+308	0.20010	9.9100e+37	1.0000	1.0000	100.00	4.0000	100.00	10.000	0.0000	139.00	1111.3									
13.229	1.4000	1.3799	1.3998	985.76	1116.7	0.20080	0.22423	9.9100e+37	1.3998	1.7900e+308	1.7900e+308	0.20080	9.9100e+37	1.0000	1.0000	100.00	4.0000	100.00	10.000	0.0000	140.00	1115.2									
13.317	1.4500	1.4226	1.4499	981.20	1109.0	0.20160	0.22358	9.9100e+37	1.4499	1.7900e+308	1.7900e+308	0.20160	9.9100e+37	1.0000	1.0000	100.00	4.0000	100.00	10.000	0.0000	141.00	1114.7									
13.405	1.5000	1.4655	1.5009	976.41	1115.0	0.20080	0.22389	9.9100e+37	1.5009	1.7900e+308	1.7900e+308	0.20080	9.9100e+37	1.0000	1.0000	100.00	4.0000	100.00	10.000	0.0000	142.00	1113.8									
13.493	1.5000	1.4629	1.4985	976.26	1115.6	0.20010	0.22324	9.9100e+37	1.4985	1.7900e+308	1.7900e+308	0.20010	9.9100e+37	1.0000	1.0000	100.00	4.0000	100.00	10.000	0.0000	143.00	1115.1									
13.582	1.5000	1.4618	1.4997	974.73	1112.6	0.20050	0.22307	9.9100e+37	1.4997	1.7900e+308	1.7900e+308	0.20050	9.9100e+37	1.0000	1.0000	100.00	4.0000	100.00	10.000	0.0000	144.00	1118.3									
13.670	1.5000	1.4623	1.5001	974.81	1123.5	0.19970	0.22436	9.9100e+37	1.5001	1.7900e+308	1.7900e+308	0.19970	9.9100e+37	1.0000	1.0000	100.00	4.0000	100.00	10.000	0.0000	145.00	1117.5									
13.757	1.5000	1.4661	1.5012	976.64	1124.7	0.19870	0.22348	9.9100e+37	1.5012	1.7900e+308	1.7900e+308	0.19870	9.9100e+37	1.0000	1.0000	100.00	4.0000	100.00	10.000	0.0000	146.00	1117.4									
13.845	1.5000	1.4615	1.5007	973.90	1111.1	0.20240	0.22489	9.9100e+37	1.5007	1.7900e+308	1.7900e+308	0.20240	9.9100e+37	1.0000	1.0000	100.00	4.0000	100.00	10.000	0.0000	147.00	1118.5									
13.933	1.5000	1.4638	1.5009	975.25	1115.1	0.19990	0.22291	9.9100e+37	1.5009	1.7900e+308	1.7900e+308	0.19990	9.9100e+37	1.0000	1.0000	100.00	4.0000	100.00	10.000	0.0000	148.00	1118.6									
14.021	1.5000	1.4648	1.4986	977.44	1118.0	0.20080	0.22449	9.9100e+37	1.4986	1.7900e+308	1.7900e+308	0.20080	9.9100e+37	1.0000	1.0000	100.00	4.0000	100.00	10.000	0.0000	149.00	1115.4									
14.109	1.5000	1.4646	1.5008	975.86	1124.1	0.19980	0.22460	9.9100e+37	1.5008	1.7900e+308	1.7900e+308	0.19980	9.9100e+37	1.0000	1.0000	100.00	4.0000	100.00	10.000	0.0000	150.00	1117.5									
14.197	1.5000	1.4645	1.4979	977.71	1108.6	0.20240	0.22438	9.9100e+37	1.4979	1.7900e+308	1.7900e+308	0.20240	9.9100e+37	1.5000	1.0000	100.00	4.0000	100.00	10.000	0.0000	151.00	1117.3									
14.302	1.5000	1.4596	1.4985	974.03	1121.8	0.19950	0.22379	9.9100e+37	1.4985	1.7900e+308	1.7900e+308	0.19950	9.9100e+37	1.5000	1.0000	100.00	4.0000	100.00	10.000	0.0000	152.00	1118.7									
14.423	1.5000	1.4593	1.4986	973.79	1113.9	0.20060	0.22344	9.9100e+37	1.4986	1.7900e+308	1.7900e+308	0.20060	9.9100e+37	1.5000	1.0000	100.00	4.0000	100.00	10.000	0.0000	153.00	1117.8									
14.545	1.5000	1.4635	1.4991	976.27	1125.1	0.19950	0.22446	9.9100e+37	1.4991	1.7900e+308	1.7900e+308	0.19950	9.9100e+37	1.5000	1.0000	100.00	4.0000	100.00	10.000	0.0000	154.00	1119.8									
14.663	1.5000	1.4639	1.4982	977.13	1119.9	0.19920	0.22308	9.9100e+37	1.4982	1.7900e+308	1.7900e+308	0.19920	9.9100e+37	1.5000	0.50000	100.00	4.0000	100.00	10.000	0.0000	155.00	1120.1									
14.779	1.5000	1.4645	1.4965	978.63	1118.2	0.20120	0.22499	9.9100e+37	1.4965	1.7900e+308	1.7900e+308	0.20120	9.9100e+37	1.5000	0.50000	100.00	4.0000	100.00	10.000	0.0000	156.00	1122.5									
14.894	1.5000	1.4649	1.4992	977.10	1123.3	0.20090	0.22568	9.9100e+37	1.4992	1.7900e+308	1.7900e+308	0.20090	9.9100e+37	1.5000	0.50000	100.00	4.0000	100.00	10.000	0.0000	157.00	1121.4									
15.010	1.5000	1.4630	1.4993	975.76	1125.8	0.19900	0.22403	9.9100e+37	1.4993	1.7900e+308	1.7900e+308	0.19900	9.9100e+37	1.5000	0.0000	100.00	4.0000	100.00	10.000	0.0000	158.00	1120.8									
15.125	1.5000	1.4647	1.4981	977.69	1119.8	0.20020	0.22419	9.9100e+37	1.4981	1.7900e+308	1.7900e+308	0.20020	9.9100e+37	1.5000	0.0000	100.00	4.0000	100.00	10.000	0.0000	159.00	1122.4									
15.241	1.5000	1.4631	1.4992	975.91	1116.9	0.20000	0.22338	9.9100e+37	1.4992	1.7900e+308	1.7900e+308	0.20000	9.9100e+37	1.5000	0.0000	100.00	4.0000	100.00	10.000	0.0000	160.00	1121.5									
15.356	1.5000	1.4599	1.5005	972.92	1126.4	0.19980	0.22505	9.9100e+37	1.5005	1.7900e+308	1.7900e+308	0.19980	9.9100e+37	1.5000	0.0000	100.00	4.0000	100.00	10.000	0.0000	161.00	1119.6									
15.471	1.5000	1.4598	1.4992	973.70	1118.5	0.19960	0.22325	9.9100e+37	1.4992	1.7900e+308	1.7900e+308	0.19960	9.9100e+37	1.5000	0.0000	100.00	4.0000	100.00	10.000	0.0000	162.00	1119.6									
15.587	1.5000	1.4558	1.4965	972.83	1116.3	0.20090	0.22426	9.9100e+37	1.4965	1.7900e+308	1.7900e+308	0.20090	9.9100e+37	1.5000	0.0000	100.00	4.0000	100.00	10.000	0.0000	163.00	1119.7									
15.703	1.5000	1.4624	1.5013	974.10	1120.1	0.20000	0.22402	9.9100e+37	1.5013	1.7900e+308	1.7900e+308	0.20000	9.9100e+37	1.5000	0.0000	100.00	4.0000	100.00	10.000	0.0000	164.00	1118.4									
15.818	1.5500	1.5017	1.5496	969.11	1117.4	0.20070	0.22426	9.9100e+37	1.5496	1.7900e+308	1.7900e+308	0.20070	9.9100e+37	1.5000	0.0000	100.00	4.0000	100.00	10.000	0.0000	165.00	1117.6									
15.934	1.6000	1.5437	1.5978	966.15	1119.6	0.20000	0.22392	9.9100e+37	1.5978	1.7900e+308	1.7900e+308	0.20000	9.9100e+37	1.5000	0.0000	100.00	4.0000	100.00	10.000	0.0000	166.00	1117.9									
16.049	1.6500	1.5872	1.6511	961.31	1114.8	0.20020	0.22319	9.9100e+37	1.6511	1.7900e+308	1.7900e+308	0.20020	9.9100e+37	1.5000	0.0000	100.00	4.0000	100.00	10.000	0.0000	167.00	1117.6									
16.165	1.7000	1.6293	1.6990	958.96	1117.6	0.19990	0.22341	9.9100e+37	1.6990	1.7900e+308	1.7900e+308	0.19990	9.9100e+37	1.5000	0.0000	100.00	4.0000	100.00	10.000	0.0000	168.00	1119.0									
16.280	1.7500	1.6700	1.7506	953.96	1118.5	0.19900	0.22258	9.9100e+37	1.7506	1.7900e+308	1.7900e+308	0.19900	9.9100e+37	1.5000	0.0000	100.00	4.0000	100.00	10.000	0.0000	169.00	1120.6									
16.396	1.8000	1.7114	1.8014	950.04	1124.3	0.19930	0.22408	9.9100e+37	1.8014	1.7900e+308	1.7900e+308	0.19930	9.9100e+37	1.5000	0.0000	100.00	4.0000	100.00	10.000	0.0000	170.00	1122.9									
16.511	1.8500	1.7501	1.8496	946.20	1127.9	0.19790	0.22322	9.9100e+37	1.8496	1.7900e+308	1.7900e+308	0.19790	9.9100e+37	1.5000	0.0000	100.00	4.0000	100.00	10.000	0.0000	171.00	1122.9									
16.627	1.9000	1.7872	1.8988	941.23	1125.9	0.19870	0.22372	9.9100e+37	1.8988	1.7900e+308	1.7900e+308	0.19870	9.9100e+37	1.5000	0.0000	100.00	4.0000	100.00	10.000	0.0000	172.00	1123.2									
16.742	1.9500	1.8260	1.9505	936.19	1117.6	0.20020	0.22375	9.9100e+37	1.9505	1.7900e+308	1.7900e+308	0.20020	9.9100e+37	1.5000	0.0000	100.00	4.0000	100.00	10.000	0.0000	173.00	1123.3									
16.858	2.0000	1.8668	1.9987	933.99	1120.1	0.19980	0.22380	9.9100e+37	1.9987	1.7900e+308	1.7900e+308	0.19980	9.9100e+37	1.5000	0.0000	100.00	4.0000	100.00	10.000	0.0000	174.00	1118.9									
16.973	2.0000	1.8642	1.9999	932.17	1125.1	0.19790	0.22266	9.9100e+37	1.9999	1.7900e+308	1.7900e+308	0.19790	9.9100e+37	1.5000	0.0000	100.00	4.0000	100.00	10.000	0.0000	175.00	1109.4									
17.088	2.0000	1.7879	2.0014	893.32	1105.6	0.20170	0.22299	9.9100e+37	2.0014	1.7900e+308	1.7900e+308	0.20170	9.9100e+37	1.5000	0.0000	100.00	4.0000	100.00	10.000	0.0000	176.00	1109.2									
17.204	2.0000	1.7788	1.9994	889.65	1078.4	0.19850	0.21406	9.9100e+37	1.9994	1.7900e+308	1.7900e+308	0.19850	9.9100e+37	1.5000	0.0000	100.00	4.0000	100.00	10.000	0.0000	177.00	1107.1									
17.319	2.0000	1.7810	2.0032	889.07	1116.8	0.19980	0.22314	9.9100e+37	2.0032	1.7900e+308	1.7900e+308	0.19980	9.9100e+37	1.5000	0.0000	100.00	4.0000	100.00	10.000	0.0000	178.00	1105.6									
17.435	2.0000	1.8622	2.0004	930.91	1109.8	0.20060	0.22263	9.9100e+37	2.0004	1.7900e+308	1.7900e+308	0.20060	9.9100e+37	1.5000	0.0000	100.00	4.0000	100.00	10.000	0.0000	179.00	1106.7									
17.550	2.0000	1.8616	2.0017	930.03	1117.3	0.19910	0.22246	9.9100e+37	2.0017	1.7900e+308	1.7900e+308	0.19910	9.9100e+37	1.5000	0.0000	100.00	4.0000	100.00	10.000	0.0000	180.00	1114.1									
17.666	2.0000	1.8622	2.0006	930.85	1111.4	0.20030	0.22261	9.9100e+37	2.0006	1.7900e+308	1.7900e+308	0.20030	9.9100e+37	2.0000	0.0000	100.00	4.0000	100.00	10.000	0.0000	181.00	1113.9									
17.815	2.0000	1.8582	2.0006	928.82	1115.0	0.19960	0.22256	9.9100e+37	2.0006	1.7900e+308	1.7900e+308	0.19960	9.9100e+37	2.0000	0.0000	100.00	4.0000	100.00	10.000	0.0000	182.00	1114.3									
17.964	2.0000	1.8558	1.9990	928.38	1115.8	0.20010	0.22328	9.9100e+37	1.9990	1.7900e+308	1.7900e+308	0.20010	9.9100e+37	2.0000	0.0000	100.00	4.0000	100.00	10.000	0.0000	183.00	1115.4									
18.112	2.0000	1.8525	1.9986	926.89	1112.1	0.20160	0.22419	9.9100e+37	1.9986	1.7900e+308	1.7900e+308	0.20160	9.9100e+37	2.0000	0.0000	100.00	4.0000	100.00	10.000	0.0000	184.00	1115.9									
18.261	2.0000	1.8514	2.0011	925.20	1122.6	0.19880	0.22317	9.9100e+37	2.0011	1.7900e+308	1.7900e+308	0.19880	9.9100e+37	2.0000	0.0000	100.00	4.0000	100.00	10.000	0.0000	185.00	1115.5									
18.410	2.0000	1.8514	2.0010	925.25	1114.1	0.19960	0.22238	9.9100e+37	2.0010	1.7900e+308	1.7900e+308	0.19960	9.9100e+37	2.0000	0.0000	100.00	4.0000	100.00	10.000	0.0000	186.00	1114.0									
18.559	2.0000	1.8327	1.9979	917.33	1112.9	0.20050	0.22314	9.9100e+37	1.9979	1.7900e+308	1.7900e+308	0.20050	9.9100e+37	2.0000	0.0000	100.00	4.0000	100.00	10.000	0.0000	187.00	1113.0									
18.708	2.0000	1.8298	1.9997	915.04	1108.2	0.19990	0.22153	9.9100e+37	1.9997	1.7900e+308	1.7900e+308	0.19990	9.9100e+37	2.0000	0.0000	100.00	4.0000	100.00	10.000	0.0000	188.00	1109.8									
18.857	2.0000	1.8548	1.9988	927.93	1107.1	0.20190	0.22352	9.9100e+37	1.9988	1.7900e+308	1.7900e+308	0.20190	9.9100e+37	2.0000	0.0000	100.00	4.0000	100.00	10.000	0.0000	189.00	1109.9									
19.005	2.0000	1.8390	2.0030	918.11	1106.9	0.20150	0.22304	9.9100e+37	2.0030	1.7900e+308	1.7900e+308	0.20150	9.9100e+37	2.0000	0.0000	100.00	4.0000	100.00	10.000	0.0000	190.00	1109.9									
19.154	2.0000	1.8392	2.0007	919.26	1114.4	0.19940	0.22222	9.9100e+37	2.0007	1.7900e+308	1.7900e+308	0.19940	9.9100e+37	2.5000	0.0000	100.00	4.0000	100.00	10.000	0.0000	191.00	1113.9									
19.336	2.0000	1.8324	1.9982	917.03	1112.7	0.19960	0.22210	9.9100e+37	1.9982	1.7900e+308	1.7900e+308	0.19960	9.9100e+37	2.5000	0.0000	100.00	4.0000	100.00	10.000	0.0000	192.00	1117.9									
19.518	2.0000	1.8193	1.9991	910.07	1128.3	0.19790	0.22329	9.9100e+37	1.9991	1.7900e+308	1.7900e+308	0.19790	9.9100e+37	2.5000	0.0000	100.00	4.0000	100.00	10.000	0.0000	193.00	1120.3									
19.700	2.0000	1.8264	2.0027	911.99	1127.1	0.19800	0.22317	9.9100e+37	2.0027	1.7900e+308	1.7900e+308	0.19800	9.9100e+37	2.5000	0.0000	100.00	4.0000	100.00	10.000	0.0000	194.00	1119.9									
19.882	2.0000	1.8432	2.0025	920.42	1119.1	0.20020	0.22404	9.9100e+37	2.0025	1.7900e+308	1.7900e+308	0.20020	9.9100e+37	2.5000	0.0000	100.00	4.0000	100.00	10.000	0.0000	195.00	1121.5									
20.064	2.0000	1.8215	1.9997	910.91	1112.3	0.20050	0.22302	9.9100e+37	1.9997	1.7900e+308	1.7900e+308	0.20050	9.9100e+37	3.0000	0.0000	100.00	4.0000	100.00	10.000	0.0000	196.00	1119.4									
20.280	2.0000	1.7607	2.0010	879.91	1120.8	0.19920	0.22326	9.9100e+37	2.0010	1.7900e+308	1.7900e+308	0.19920	9.9100e+37	3.0000	0.0000	100.00	4.0000	100.00	10.000	0.0000	197.00	1118.9									
20.495	2.0000	1.8360	1.9998	918.09	1117.9	0.19970	0.22324	9.9100e+37	1.9998	1.7900e+308	1.7900e+308	0.19970	9.9100e+37	3.0000	0.0000	100.00	4.0000	100.00	10.000	0.0000	198.00	1116.9									
20.710	2.0000	1.8145	2.0011	906.74	1124.3	0.19790	0.22249	9.9100e+37	2.0011	1.7900e+308	1.7900e+308	0.19790	9.9100e+37	3.0000	0.0000	100.00	4.0000	100.00	10.000	0.0000	199.00	1118.0									
20.927	2.0000	1.8297	2.0028	913.56	1109.2	0.20140	0.22340	9.9100e+37	2.0028	1.7900e+308	1.7900e+308	0.20140	9.9100e+37	3.0000	0.0000	100.00	4.0000	100.00	10.000	0.0000	200.00	1117.1									
21.142	2.0000	1.8070	1.9995	903.72	0.0000	0.0000	0.0000	9.9100e+37	1.9995	1.7900e+308	0.0000	0.0000	0.0000	3.0000	0.0000	100.00	4.0000	100.00	10.000	0.0000	201.00	1117.0									
21.358	2.0000	1.8052	1.9977	903.63	0.0000	0.0000	0.0000	9.9100e+37	1.9977	1.7900e+308	0.0000	0.0000	0.0000	3.0000	0.0000	100.00	4.0000	100.00	10.000	0.0000	202.00	1112.1									
21.573	2.0000	1.8122	2.0017	905.31	1117.6	0.19900	0.22240	9.9100e+37	2.0017	1.7900e+308	1.7900e+308	0.19900	9.9100e+37	3.0000	0.0000	100.00	4.0000	100.00	10.000	0.0000	203.00	1110.3									
21.788	2.0000	1.8082	2.0011	903.61	1109.5	0.19970	0.22156	9.9100e+37	2.0011	1.7900e+308	1.7900e+308	0.19970	9.9100e+37	3.0000	0.0000	100.00	4.0000	100.00	10.000	0.0000	204.00	1110.1									
22.004	2.0000	1.8063	1.9997	903.29	1103.8	0.20140	0.22231	9.9100e+37	1.9997	1.7900e+308	1.7900e+308	0.20140	9.9100e+37	3.5000	0.0000	100.00	4.0000	100.00	10.000	0.0000	205.00	1110.7									
22.236	2.0000	1.7927	2.0006	896.08	1109.6	0.20080	0.22281	9.9100e+37	2.0006	1.7900e+308	1.7900e+308	0.20080	9.9100e+37	3.5000	0.0000	100.00	4.0000	100.00	10.000	0.0000	206.00	1095.4									
22.485	2.0000	1.7187	1.9990	859.79	1113.2	0.20050	0.22319	9.9100e+37	1.9990	1.7900e+308	1.7900e+308	0.20050	9.9100e+37	3.5000	0.0000	100.00	4.0000	100.00	10.000	0.0000	207.00	1095.7									
22.734	2.0000	1.7167	1.9998	858.44	1040.9	0.20140	0.20963	9.9100e+37	1.9998	1.7900e+308	1.7900e+308	0.20140	9.9100e+37	3.5000	0.0000	100.00	4.0000	100.00	10.000	0.0000	208.00	1083.5									
22.983	2.0000	1.7112	2.0006	855.32	1111.0	0.20160	0.22397	9.9100e+37	2.0006	1.7900e+308	1.7900e+308	0.20160	9.9100e+37	3.5000	0.0000	100.00	4.0000	100.00	10.000	0.0000	209.00	1072.4									
23.231	2.0000	1.7149	1.9992	857.81	1042.7	0.20020	0.20874	9.9100e+37	1.9992	1.7900e+308	1.7900e+308	0.20020	9.9100e+37	3.5000	0.0000	100.00	4.0000	100.00	10.000	0.0000	210.00	1071.3									
23.480	2.0000	1.7216	2.0003	860.67	1054.2	0.19850	0.20925	9.9100e+37	2.0003	1.7900e+308	1.7900e+308	0.19850	9.9100e+37	3.5000	0.0000	100.00	4.0000	100.00	10.000	0.0000	211.00	1072.2									
23.729	2.0000	1.7219	2.0019	860.11	1107.7	0.19950	0.22098	9.9100e+37	2.0019	1.7900e+308	1.7900e+308	0.19950	9.9100e+37	3.5000	0.0000	100.00	4.0000	100.00	10.000	0.0000	212.00	1055.6									
23.978	2.0000	1.7052	2.0015	851.98	1045.5	0.19910	0.20816	9.9100e+37	2.0015	1.7900e+308	1.7900e+308	0.19910	9.9100e+37	3.5000	0.0000	100.00	4.0000	100.00	10.000	0.0000	213.00	1054.5									
24.227	2.0000	1.7158	2.0011	857.45	1028.1	0.20080	0.20644	9.9100e+37	2.0011	1.7900e+308	1.7900e+308	0.20080	9.9100e+37	3.5000	0.0000	100.00	4.0000	100.00	10.000	0.0000	214.00	1052.8									
24.476	2.0000	1.7084	2.0010	853.75	1037.2	0.20100	0.20847	9.9100e+37	2.0010	1.7900e+308	1.7900e+308	0.20100	9.9100e+37	3.5000	0.0000	100.00	4.0000	100.00	10.000	0.0000	215.00	1039.4									
24.724	2.0000	1.7119	2.0011	855.45	1045.5	0.20050	0.20963	9.9100e+37	2.0011	1.7900e+308	1.7900e+308	0.20050	9.9100e+37	3.5000	0.0000	100.00	4.0000	100.00	10.000	0.0000	216.00	1038.1									
24.973	2.0000	1.7138	2.0017	856.16	1040.6	0.19940	0.20749	9.9100e+37	2.0017	1.7900e+308	1.7900e+308	0.19940	9.9100e+37	3.5000	0.0000	100.00	4.0000	100.00	10.000	0.0000	217.00	1045.5									
25.222	2.0000	1.7064	2.0010	852.79	1039.4	0.19890	0.20673	9.9100e+37	2.0010	1.7900e+308	1.7900e+308	0.19890	9.9100e+37	4.0000	0.0000	100.00	4.0000	100.00	10.000	0.0000	218.00	1043.5									
25.504	2.0000	1.7007	1.9993	850.67	1064.7	0.19920	0.21209	9.9100e+37	1.9993	1.7900e+308	1.7900e+308	0.19920	9.9100e+37	4.0000	0.0000	100.00	4.0000	100.00	10.000	0.0000	219.00	1042.3									
25.786	2.0000	1.7081	2.0021	853.14	1027.3	0.20230	0.20783	9.9100e+37	2.0021	1.7900e+308	1.7900e+308	0.20230	9.9100e+37	4.0000	0.0000	100.00	4.0000	100.00	10.000	0.0000	220.00	1039.9									
26.068	2.0000	1.7083	2.0003	854.00	1039.4	0.19780	0.20560	9.9100e+37	2.0003	1.7900e+308	1.7900e+308	0.19780	9.9100e+37	4.0000	0.0000	100.00	4.0000	100.00	10.000	0.0000	221.00	1041.3									
26.350	2.0000	1.7021	1.9993	851.36	1028.8	0.20110	0.20690	9.9100e+37	1.9993	1.7900e+308	1.7900e+308	0.20110	9.9100e+37	4.0000	0.0000	100.00	4.0000	100.00	10.000	0.0000	222.00	1035.6									
26.632	1.9500	1.6717	1.9492	857.62	1046.3	0.19990	0.20915	9.9100e+37	1.9492	1.7900e+308	1.7900e+308	0.19990	9.9100e+37	4.0000	0.0000	100.00	4.0000	100.00	10.000	0.0000	223.00	1038.2									
26.914	1.9000	1.6329	1.9012	858.86	1036.1	0.19970	0.20691	9.9100e+37	1.9012	1.7900e+308	1.7900e+308	0.19970	9.9100e+37	4.0000	0.0000	100.00	4.0000	100.00	10.000	0.0000	224.00	1034.8									
27.197	1.8500	1.5889	1.8497	858.98	1040.1	0.19900	0.20698	9.9100e+37	1.8497	1.7900e+308	1.7900e+308	0.19900	9.9100e+37	4.0000	0.0000	100.00	4.0000	100.00	10.000	0.0000	225.00	1036.2									
27.479	1.8500	1.6022	1.8502	865.97	1022.5	0.20330	0.20787	9.9100e+37	1.8502	1.7900e+308	1.7900e+308	0.20330	9.9100e+37	5.0000	0.0000	100.00	4.0000	100.00	10.000	0.0000	226.00	1032.9									
27.986	1.8500	0.0000	1.8497	0.0000	0.0000	0.19940	0.0000	9.9100e+37	1.8497	1.7900e+308	1.7900e+308	0.19940	9.9100e+37	5.0000	0.0000	100.00	4.0000	100.00	10.000	0.0000	227.00	1034.1									
28.500	1.8500	0.0000	1.8493	0.0000	0.0000	0.20070	0.0000	9.9100e+37	1.8493	1.7900e+308	1.7900e+308	0.20070	9.9100e+37	4.0000	0.0000	100.00	4.0000	100.00	10.000	0.0000	228.00	1031.5									
28.836	1.8500	1.6053	1.8465	869.38	1039.8	0.19890	0.20681	9.9100e+37	1.8465	1.7900e+308	1.7900e+308	0.19890	9.9100e+37	4.0000	0.0000	100.00	4.0000	100.00	10.000	0.0000	229.00	1036.0									
29.118	1.8500	1.6003	1.8506	864.72	1032.3	0.20070	0.20719	9.9100e+37	1.8506	1.7900e+308	1.7900e+308	0.20070	9.9100e+37	4.0000	0.0000	100.00	4.0000	100.00	10.000	0.0000	230.00	1035.9									
29.401	1.8500	1.6008	1.8501	865.23	1035.8	0.20120	0.20840	9.9100e+37	1.8501	1.7900e+308	1.7900e+308	0.20120	9.9100e+37	4.0000	0.0000	100.00	4.0000	100.00	10.000	0.0000	231.00	1036.1									
29.683	1.8500	1.5969	1.8519	862.29	1035.9	0.20080	0.20801	9.9100e+37	1.8519	1.7900e+308	1.7900e+308	0.20080	9.9100e+37	4.0000	0.0000	100.00	4.0000	100.00	10.000	0.0000	232.00	1040.1									
29.965	1.8500	1.6045	1.8492	867.66	1036.9	0.20050	0.20789	9.9100e+37	1.8492	1.7900e+308	1.7900e+308	0.20050	9.9100e+37	4.0000	0.0000	100.00	4.0000	100.00	10.000	0.0000	233.00	1041.3									
30.247	1.8500	1.5914	1.8490	860.68	1059.6	0.19750	0.20928	9.9100e+37	1.8490	1.7900e+308	1.7900e+308	0.19750	9.9100e+37	4.5000	0.0000	100.00	4.0000	100.00	10.000	0.0000	234.00	1042.6									
30.546	1.8500	1.6081	1.8504	869.08	1038.1	0.19980	0.20742	9.9100e+37	1.8504	1.7900e+308	1.7900e+308	0.19980	9.9100e+37	4.5000	0.0000	100.00	4.0000	100.00	10.000	0.0000	235.00	1044.9									
30.861	1.8500	1.5966	1.8508	862.66	0.0000	0.20170	0.0000	9.9100e+37	1.8508	1.7900e+308	1.7900e+308	0.20170	9.9100e+37	5.0000	0.0000	100.00	4.0000	100.00	10.000	0.0000	236.00	1048.1									
31.277	1.8500	0.0000	1.8499	0.0000	0.0000	0.19950	0.0000	9.9100e+37	1.8499	1.7900e+308	1.7900e+308	0.19950	9.9100e+37	4.5000	0.0000	100.00	4.0000	100.00	10.000	0.0000	237.00	1036.3									
31.655	1.8500	1.5990	1.8528	863.02	1046.4	0.20180	0.21116	9.9100e+37	1.8528	1.7900e+308	1.7900e+308	0.20180	9.9100e+37	4.0000	0.0000	100.00	4.0000	100.00	10.000	0.0000	238.00	1055.7									
31.937	1.8500	1.5955	1.8505	862.18	1024.3	0.20000	0.20487	9.9100e+37	1.8505	1.7900e+308	1.7900e+308	0.20000	9.9100e+37	4.0000	0.0000	100.00	4.0000	100.00	10.000	0.0000	239.00	1047.9									
32.219	1.9000	1.6338	1.9006	859.61	1096.5	0.20030	0.21962	9.9100e+37	1.9006	1.7900e+308	1.7900e+308	0.20030	9.9100e+37	4.0000	0.0000	100.00	4.0000	100.00	10.000	0.0000	240.00	1047.9									
32.502	1.9500	1.6674	1.9509	854.67	1024.3	0.20100	0.20588	9.9100e+37	1.9509	1.7900e+308	1.7900e+308	0.20100	9.9100e+37	4.0000	0.0000	100.00	4.0000	100.00	10.000	0.0000	241.00	1044.5									
32.784	2.0000	1.7052	1.9976	853.62	1048.3	0.20000	0.20965	9.9100e+37	1.9976	1.7900e+308	1.7900e+308	0.20000	9.9100e+37	4.0000	0.0000	100.00	4.0000	100.00	10.000	0.0000	242.00										
33.066	2.0000	1.7019	1.9980	851.82	1029.4	0.19920	0.20505	9.9100e+37	1.9980	1.7900e+308	1.7900e+308	0.19920	9.9100e+37	4.0000	0.0000	100.00	4.0000	100.00	10.000	0.0000	243.00										
33.348	2.0000	1.7050	2.0016	851.82	1109.5	0.19880	0.22057	9.9100e+37	2.0016	1.7900e+308	1.7900e+308	0.19880	9.9100e+37	4.0000	0.0000	100.00	4.0000	100.00	10.000	0.0000	244.00										
33.630	2.0000	1.6965	1.9996	848.43	1096.1	0.20110	0.22043	9.9100e+37	1.9996	1.7900e+308	1.7900e+308	0.20110	9.9100e+37	4.0000	0.0000	100.00	4.0000	100.00	10.000	0.0000	245.00										
33.912	2.0000	1.6985	1.9994	849.50	1030.4	0.19900	0.20504	9.9100e+37	1.9994	1.7900e+308	1.7900e+308	0.19900	9.9100e+37	4.0000	0.0000	100.00	4.0000	100.00	10.000	0.0000	246.00										
34.194	2.0000	1.6948	1.9992	847.72	1008.9	0.20240	0.20421	9.9100e+37	1.9992	1.7900e+308	1.7900e+308	0.20240	9.9100e+37	4.0000	0.0000	100.00	4.0000	100.00	10.000	0.0000	247.00										
34.476	2.0000	1.7000	1.9984	850.68	1027.5	0.19910	0.20458	9.9100e+37	1.9984	1.7900e+308	1.7900e+308	0.19910	9.9100e+37	4.0000	0.0000	100.00	4.0000	100.00	10.000	0.0000	248.00										
34.758	2.0500	1.7294	2.0490	844.03	1030.4	0.19910	0.20515	9.9100e+37	2.0490	1.7900e+308	1.7900e+308	0.19910	9.9100e+37	4.0000	0.0000	100.00	4.0000	100.00	10.000	0.0000	249.00										
35.041	2.1000	1.7557	2.0981	836.79	1022.3	0.20100	0.20549	9.9100e+37	2.0981	1.7900e+308	1.7900e+308	0.20100	9.9100e+37	4.0000	0.0000	100.00	4.0000	100.00	10.000	0.0000	250.00										
35.323	2.1500	1.7947	2.1495	834.96	1020.1	0.20080	0.20484	9.9100e+37	2.1495	1.7900e+308	1.7900e+308	0.20080	9.9100e+37	4.0000	0.0000	100.00	4.0000	100.00	10.000	0.0000	251.00										
35.605	2.1500	1.8079	2.1501	840.83	1027.6	0.20040	0.20593	9.9100e+37	2.1501	1.7900e+308	1.7900e+308	0.20040	9.9100e+37	4.0000	0.0000	100.00	4.0000	100.00	10.000	0.0000	252.00										
35.887	2.1500	1.7963	2.1489	835.93	1018.4	0.19820	0.20184	9.9100e+37	2.1489	1.7900e+308	1.7900e+308	0.19820	9.9100e+37	4.0000	0.0000	100.00	4.0000	100.00	10.000	0.0000	253.00										
36.169	2.1500	1.7902	2.1505	832.48	1004.2	0.20270	0.20356	9.9100e+37	2.1505	1.7900e+308	1.7900e+308	0.20270	9.9100e+37	4.0000	0.0000	100.00	4.0000	100.00	10.000	0.0000	254.00										
36.451	2.1500	1.7884	2.1480	832.60	1026.7	0.19770	0.20297	9.9100e+37	2.1480	1.7900e+308	1.7900e+308	0.19770	9.9100e+37	4.0000	0.0000	100.00	4.0000	100.00	10.000	0.0000	255.00										
36.733	2.1500	1.7857	2.1487	831.07	1011.9	0.20080	0.20319	9.9100e+37	2.1487	1.7900e+308	1.7900e+308	0.20080	9.9100e+37	4.0000	0.0000	100.00	4.0000	100.00	10.000	0.0000	256.00										
37.015	2.1500	1.7857	2.1481	831.30	1016.5	0.20070	0.20402	9.9100e+37	2.1481	1.7900e+308	1.7900e+308	0.20070	9.9100e+37	4.0000	0.0000	100.00	4.0000	100.00	10.000	0.0000	257.00										
37.298	2.1500	1.7924	2.1512	833.21	1010.3	0.20070	0.20277	9.9100e+37	2.1512	1.7900e+308	1.7900e+308	0.20070	9.9100e+37	4.0000	0.0000	100.00	4.0000	100.00	10.000	0.0000	258.00										
37.580	2.1500	1.7823	2.1500	828.96	1017.5	0.19800	0.20147	9.9100e+37	2.1500	1.7900e+308	1.7900e+308	0.19800	9.9100e+37	4.0000	0.0000	100.00	4.0000	100.00	10.000	0.0000	259.00										
37.862	2.1500	1.7894	2.1485	832.84	1017.3	0.20070	0.20418	9.9100e+37	2.1485	1.7900e+308	1.7900e+308	0.20070	9.9100e+37	4.0000	0.0000	100.00	4.0000	100.00	10.000	0.0000	260.00										
38.144	2.1500	1.7887	2.1480	832.72	1020.7	0.19920	0.20332	9.9100e+37	2.1480	1.7900e+308	1.7900e+308	0.19920	9.9100e+37	4.0000	0.0000	100.00	4.0000	100.00	10.000	0.0000	261.00										
38.426	2.2000	1.8312	2.1989	832.79	1021.6	0.19810	0.20238	9.9100e+37	2.1989	1.7900e+308	1.7900e+308	0.19810	9.9100e+37	4.0000	0.0000	100.00	4.0000	100.00	10.000	0.0000	262.00										
38.708	2.2500	1.8568	2.2495	825.45	1102.0	0.19900	0.21930	9.9100e+37	2.2495	1.7900e+308	1.7900e+308	0.19900	9.9100e+37	4.0000	0.0000	100.00	4.0000	100.00	10.000	0.0000	263.00										
38.990	2.3000	1.8946	2.2981	824.42	1097.4	0.19920	0.21860	9.9100e+37	2.2981	1.7900e+308	1.7900e+308	0.19920	9.9100e+37	4.0000	0.0000	100.00	4.0000	100.00	10.000	0.0000	264.00										
39.273	2.3000	1.9005	2.2995	826.48	1091.9	0.20040	0.21881	9.9100e+37	2.2995	1.7900e+308	1.7900e+308	0.20040	9.9100e+37	4.0000	0.0000	100.00	4.0000	100.00	10.000	0.0000	265.00										
39.555	2.3000	1.8962	2.3013	823.96	1019.6	0.19940	0.20330	9.9100e+37	2.3013	1.7900e+308	1.7900e+308	0.19940	9.9100e+37	4.0000	0.0000	100.00	4.0000	100.00	10.000	0.0000	266.00										
39.837	2.3000	1.8945	2.3020	822.99	1023.4	0.19950	0.20416	9.9100e+37	2.3020	1.7900e+308	1.7900e+308	0.19950	9.9100e+37	4.0000	0.0000	100.00	4.0000	100.00	10.000	0.0000	267.00										
40.119	2.3000	1.8945	2.3021	822.94	1099.6	0.19900	0.21882	9.9100e+37	2.3021	1.7900e+308	1.7900e+308	0.19900	9.9100e+37	4.0000	0.0000	100.00	4.0000	100.00	10.000	0.0000	268.00										
40.401	2.3000	1.8905	2.3030	820.89	1023.0	0.19950	0.20408	9.9100e+37	2.3030	1.7900e+308	1.7900e+308	0.19950	9.9100e+37	4.0000	0.0000	100.00	4.0000	100.00	10.000	0.0000	269.00										
40.683	2.3000	1.8921	2.2996	822.79	1030.2	0.19890	0.20490	9.9100e+37	2.2996	1.7900e+308	1.7900e+308	0.19890	9.9100e+37	4.0000	0.0000	100.00	4.0000	100.00	10.000	0.0000	270.00										
40.965	2.3000	1.8898	2.3024	820.79	1035.5	0.19690	0.20389	9.9100e+37	2.3024	1.7900e+308	1.7900e+308	0.19690	9.9100e+37	4.0000	0.0000	100.00	4.0000	100.00	10.000	0.0000	271.00										
41.247	2.3000	1.8826	2.3010	818.17	1022.5	0.20110	0.20563	9.9100e+37	2.3010	1.7900e+308	1.7900e+308	0.20110	9.9100e+37	4.0000	0.0000	100.00	4.0000	100.00	10.000	0.0000	272.00										
41.530	2.3000	1.8814	2.3013	817.52	1018.3	0.20150	0.20518	9.9100e+37	2.3013	1.7900e+308	1.7900e+308	0.20150	9.9100e+37	4.0000	0.0000	100.00	4.0000	100.00	10.000	0.0000	273.00										
41.812	2.3000	1.8848	2.3002	819.42	1023.5	0.20010	0.20481	9.9100e+37	2.3002	1.7900e+308	1.7900e+308	0.20010	9.9100e+37	4.0000	0.0000	100.00	4.0000	100.00	10.000	0.0000	274.00										
42.094	2.3000	1.8786	2.3028	815.81	1038.7	0.19990	0.20764	9.9100e+37	2.3028	1.7900e+308	1.7900e+308	0.19990	9.9100e+37	4.0000	0.0000	100.00	4.0000	100.00	10.000	0.0000	275.00										
42.376	2.3000	1.8795	2.3021	816.42	1024.6	0.19830	0.20318	9.9100e+37	2.3021	1.7900e+308	1.7900e+308	0.19830	9.9100e+37	4.0000	0.0000	100.00	4.0000	100.00	10.000	0.0000	276.00										
42.658	2.3000	1.8864	2.2989	820.58	1044.9	0.20110	0.21013	9.9100e+37	2.2989	1.7900e+308	1.7900e+308	0.20110	9.9100e+37	4.0000	0.0000	100.00	4.0000	100.00	10.000	0.0000	277.00										
42.941	2.3000	1.8867	2.2993	820.57	1026.4	0.19980	0.20507	9.9100e+37	2.2993	1.7900e+308	1.7900e+308	0.19980	9.9100e+37	4.0000	0.0000	100.00	4.0000	100.00	10.000	0.0000	278.00										
43.223	2.3500	1.9099	2.3498	812.78	1041.8	0.20150	0.20993	9.9100e+37	2.3498	1.7900e+308	1.7900e+308	0.20150	9.9100e+37	4.0000	0.0000	100.00	4.0000	100.00	10.000	0.0000	279.00										
43.505	2.4000	1.9421	2.3997	809.31	1014.3	0.19930	0.20214	9.9100e+37	2.3997	1.7900e+308	1.7900e+308	0.19930	9.9100e+37	4.0000	0.0000	100.00	4.0000	100.00	10.000	0.0000	280.00										
43.787	2.4500	1.9836	2.4523	808.87	1082.6	0.19960	0.21608	9.9100e+37	2.4523	1.7900e+308	1.7900e+308	0.19960	9.9100e+37	4.0000	0.0000	100.00	4.0000	100.00	10.000	0.0000	281.00										
44.069	2.4500	1.9875	2.4517	810.67	1074.4	0.20040	0.21530	9.9100e+37	2.4517	1.7900e+308	1.7900e+308	0.20040	9.9100e+37	4.0000	0.0000	100.00	4.0000	100.00	10.000	0.0000	282.00										
44.351	2.4500	1.9900	2.4493	812.46	1069.3	0.20120	0.21515	9.9100e+37	2.4493	1.7900e+308	1.7900e+308	0.20120	9.9100e+37	4.0000	0.0000	100.00	4.0000	100.00	10.000	0.0000	283.00										
44.633	2.4500	1.9815	2.4487	809.21	1011.0	0.20200	0.20422	9.9100e+37	2.4487	1.7900e+308	1.7900e+308	0.20200	9.9100e+37	4.0000	0.0000	100.00	4.0000	100.00	10.000	0.0000	284.00										
44.915	2.4500	1.9814	2.4506	808.55	1016.4	0.19930	0.20256	9.9100e+37	2.4506	1.7900e+308	1.7900e+308	0.19930	9.9100e+37	4.0000	0.0000	100.00	4.0000	100.00	10.000	0.0000	285.00										
45.198	2.4500	1.9844	2.4498	810.03	1072.8	0.20160	0.21627	9.9100e+37	2.4498	1.7900e+308	1.7900e+308	0.20160	9.9100e+37	4.0000	0.0000	100.00	4.0000	100.00	10.000	0.0000	286.00										
45.480	2.4500	1.9885	2.4517	811.07	1071.3	0.19960	0.21383	9.9100e+37	2.4517	1.7900e+308	1.7900e+308	0.19960	9.9100e+37	4.0000	0.0000	100.00	4.0000	100.00	10.000	0.0000	287.00										
45.762	2.4500	1.9758	2.4483	807.00	1075.7	0.20000	0.21513	9.9100e+37	2.4483	1.7900e+308	1.7900e+308	0.20000	9.9100e+37	4.0000	0.0000	100.00	4.0000	100.00	10.000	0.0000	288.00										
46.044	2.4500	1.9758	2.4507	806.21	1020.3	0.19760	0.20161	9.9100e+37	2.4507	1.7900e+308	1.7900e+308	0.19760	9.9100e+37	4.0000	0.0000	100.00	4.0000	100.00	10.000	0.0000	289.00										
46.326	2.4500	1.9713	2.4493	804.86	1048.0	0.19970	0.20928	9.9100e+37	2.4493	1.7900e+308	1.7900e+308	0.19970	9.9100e+37	4.0000	0.0000	100.00	4.0000	100.00	10.000	0.0000	290.00										
46.608	2.5000	2.0020	2.4999	800.84	1043.1	0.20110	0.20977	9.9100e+37	2.4999	1.7900e+308	1.7900e+308	0.20110	9.9100e+37	4.0000	0.0000	100.00	4.0000	100.00	10.000	0.0000	291.00										
46.890	2.5000	1.9988	2.4994	799.70	1007.8	0.20050	0.20206	9.9100e+37	2.4994	1.7900e+308	1.7900e+308	0.20050	9.9100e+37	4.0000	0.0000	100.00	4.0000	100.00	10.000	0.0000	292.00										
47.172	2.5000	1.9971	2.5011	798.48	1008.2	0.19850	0.20013	9.9100e+37	2.5011	1.7900e+308	1.7900e+308	0.19850	9.9100e+37	4.0000	0.0000	100.00	4.0000	100.00	10.000	0.0000	293.00										
47.454	2.5000	1.9988	2.4978	800.22	999.05	0.19960	0.19941	9.9100e+37	2.4978	1.7900e+308	1.7900e+308	0.19960	9.9100e+37	4.0000	0.0000	100.00	4.0000	100.00	10.000	0.0000	294.00										
47.736	2.5000	1.9972	2.4985	799.36	1037.7	0.19920	0.20671	9.9100e+37	2.4985	1.7900e+308	1.7900e+308	0.19920	9.9100e+37	4.0000	0.0000	100.00	4.0000	100.00	10.000	0.0000	295.00										
48.018	2.5000	1.9987	2.4991	799.78	997.95	0.20030	0.19989	9.9100e+37	2.4991	1.7900e+308	1.7900e+308	0.20030	9.9100e+37	4.0000	0.0000	100.00	4.0000	100.00	10.000	0.0000	296.00										
48.301	2.5500	2.0294	2.5510	795.54	1016.9	0.19810	0.20144	9.9100e+37	2.5510	1.7900e+308	1.7900e+308	0.19810	9.9100e+37	4.0000	0.0000	100.00	4.0000	100.00	10.000	0.0000	297.00										
48.583	2.6000	2.0550	2.5995	790.56	1006.0	0.19850	0.19969	9.9100e+37	2.5995	1.7900e+308	1.7900e+308	0.19850	9.9100e+37	4.0000	0.0000	100.00	4.0000	100.00	10.000	0.0000	298.00										
48.865	2.6000	2.0593	2.6017	791.51	997.61	0.20110	0.20062	9.9100e+37	2.6017	1.7900e+308	1.7900e+308	0.20110	9.9100e+37	4.0000	0.0000	100.00	4.0000	100.00	10.000	0.0000	299.00										
49.147	2.6000	2.0607	2.5999	792.60	1009.1	0.19900	0.20082	9.9100e+37	2.5999	1.7900e+308	1.7900e+308	0.19900	9.9100e+37	4.0000	0.0000	100.00	4.0000	100.00	10.000	0.0000	300.00										
49.429	2.6000	2.0563	2.5985	791.35	1001.0	0.20010	0.20030	9.9100e+37	2.5985	1.7900e+308	1.7900e+308	0.20010	9.9100e+37	4.0000	0.0000	100.00	4.0000	100.00	10.000	0.0000	301.00										
49.711	2.6000	2.0600	2.6010	792.00	1005.9	0.19970	0.20088	9.9100e+37	2.6010	1.7900e+308	1.7900e+308	0.19970	9.9100e+37	4.0000	0.0000	100.00	4.0000	100.00	10.000	0.0000	302.00										
49.994	2.6000	2.0896	2.6006	803.50	1017.3	0.20050	0.20397	9.9100e+37	2.6006	1.7900e+308	1.7900e+308	0.20050	9.9100e+37	4.0000	0.0000	100.00	4.0000	100.00	10.000	0.0000	303.00										
50.276	2.6000	2.0510	2.5998	788.91	1017.4	0.19910	0.20257	9.9100e+37	2.5998	1.7900e+308	1.7900e+308	0.19910	9.9100e+37	4.0000	0.0000	100.00	4.0000	100.00	10.000	0.0000	304.00										
50.558	2.6000	2.0551	2.6020	789.82	998.50	0.19980	0.19950	9.9100e+37	2.6020	1.7900e+308	1.7900e+308	0.19980	9.9100e+37	4.0000	0.0000	100.00	4.0000	100.00	10.000	0.0000	305.00										
50.840	2.6000	2.0576	2.5993	791.61	995.12	0.19890	0.19793	9.9100e+37	2.5993	1.7900e+308	1.7900e+308	0.19890	9.9100e+37	4.0000	0.0000	100.00	4.0000	100.00	10.000	0.0000	306.00										
51.122	2.6500	2.0779	2.6492	784.35	997.10	0.20010	0.19952	9.9100e+37	2.6492	1.7900e+308	1.7900e+308	0.20010	9.9100e+37	4.0000	0.0000	100.00	4.0000	100.00	10.000	0.0000	307.00										
51.404	2.6500	2.0735	2.6510	782.14	989.73	0.20060	0.19854	9.9100e+37	2.6510	1.7900e+308	1.7900e+308	0.20060	9.9100e+37	4.0000	0.0000	100.00	4.0000	100.00	10.000	0.0000	308.00										
51.686	2.6500	2.0706	2.6482	781.89	992.74	0.19970	0.19825	9.9100e+37	2.6482	1.7900e+308	1.7900e+308	0.19970	9.9100e+37	4.0000	0.0000	100.00	4.0000	100.00	10.000	0.0000	309.00										
51.968	2.6500	2.0779	2.6497	784.19	990.46	0.20130	0.19938	9.9100e+37	2.6497	1.7900e+308	1.7900e+308	0.20130	9.9100e+37	4.0000	0.0000	100.00	4.0000	100.00	10.000	0.0000	310.00										
52.251	2.6500	2.0615	2.6505	777.77	985.84	0.20060	0.19776	9.9100e+37	2.6505	1.7900e+308	1.7900e+308	0.20060	9.9100e+37	4.0000	0.0000	100.00	4.0000	100.00	10.000	0.0000	311.00										
52.533	2.7000	2.1059	2.7009	779.70	983.85	0.20120	0.19795	9.9100e+37	2.7009	1.7900e+308	1.7900e+308	0.20120	9.9100e+37	4.0000	0.0000	100.00	4.0000	100.00	10.000	0.0000	312.00										
52.815	2.7500	2.1236	2.7507	772.02	994.14	0.19790	0.19674	9.9100e+37	2.7507	1.7900e+308	1.7900e+308	0.19790	9.9100e+37	4.0000	0.0000	100.00	4.0000	100.00	10.000	0.0000	313.00										
53.097	2.8000	2.1586	2.8003	770.86	976.60	0.20130	0.19659	9.9100e+37	2.8003	1.7900e+308	1.7900e+308	0.20130	9.9100e+37	4.0000	0.0000	100.00	4.0000	100.00	10.000	0.0000	314.00										
53.379	2.8000	2.1555	2.7992	770.04	978.38	0.20170	0.19734	9.9100e+37	2.7992	1.7900e+308	1.7900e+308	0.20170	9.9100e+37	4.0000	0.0000	100.00	4.0000	100.00	10.000	0.0000	315.00										
53.661	2.8000	2.1505	2.7986	768.41	987.27	0.20030	0.19775	9.9100e+37	2.7986	1.7900e+308	1.7900e+308	0.20030	9.9100e+37	4.0000	0.0000	100.00	4.0000	100.00	10.000	0.0000	316.00										
53.944	2.8000	2.1365	2.8007	762.84	980.13	0.20080	0.19681	9.9100e+37	2.8007	1.7900e+308	1.7900e+308	0.20080	9.9100e+37	4.0000	0.0000	100.00	4.0000	100.00	10.000	0.0000	317.00										
54.226	2.8000	2.1292	2.8007	760.23	971.64	0.20170	0.19598	9.9100e+37	2.8007	1.7900e+308	1.7900e+308	0.20170	9.9100e+37	4.0000	0.0000	100.00	4.0000	100.00	10.000	0.0000	318.00										
54.508	2.8000	2.1432	2.7998	765.49	982.57	0.19960	0.19612	9.9100e+37	2.7998	1.7900e+308	1.7900e+308	0.19960	9.9100e+37	4.0000	0.0000	100.00	4.0000	100.00	10.000	0.0000	319.00										
54.790	2.8000	2.1497	2.7996	767.87	976.82	0.19970	0.19507	9.9100e+37	2.7996	1.7900e+308	1.7900e+308	0.19970	9.9100e+37	4.0000	0.0000	100.00	4.0000	100.00	10.000	0.0000	320.00										
55.073	2.8500	2.1612	2.8487	758.68	990.43	0.20070	0.19878	9.9100e+37	2.8487	1.7900e+308	1.7900e+308	0.20070	9.9100e+37	4.0000	0.0000	100.00	4.0000	100.00	10.000	0.0000	321.00										
55.355	2.9000	2.2056	2.9017	760.10	991.80	0.19630	0.19469	9.9100e+37	2.9017	1.7900e+308	1.7900e+308	0.19630	9.9100e+37	4.0000	0.0000	100.00	4.0000	100.00	10.000	0.0000	322.00										
55.637	2.9500	2.2297	2.9473	756.52	973.79	0.20070	0.19544	9.9100e+37	2.9473	1.7900e+308	1.7900e+308	0.20070	9.9100e+37	4.0000	0.0000	100.00	4.0000	100.00	10.000	0.0000	323.00										
55.919	3.0000	2.2603	3.0046	752.29	964.26	0.20120	0.19401	9.9100e+37	3.0046	1.7900e+308	1.7900e+308	0.20120	9.9100e+37	4.0000	0.0000	100.00	4.0000	100.00	10.000	0.0000	324.00										
56.201	3.0000	2.2623	2.9994	754.26	972.05	0.20070	0.19509	9.9100e+37	2.9994	1.7900e+308	1.7900e+308	0.20070	9.9100e+37	4.0000	0.0000	100.00	4.0000	100.00	10.000	0.0000	325.00										
56.484	3.0000	2.2503	3.0005	749.97	968.29	0.20120	0.19482	9.9100e+37	3.0005	1.7900e+308	1.7900e+308	0.20120	9.9100e+37	4.0000	0.0000	100.00	4.0000	100.00	10.000	0.0000	326.00										
56.766	3.0000	2.2581	3.0026	752.06	966.48	0.20020	0.19349	9.9100e+37	3.0026	1.7900e+308	1.7900e+308	0.20020	9.9100e+37	4.0000	0.0000	100.00	4.0000	100.00	10.000	0.0000	327.00										
57.048	3.0000	2.2489	2.9995	749.77	964.63	0.20100	0.19389	9.9100e+37	2.9995	1.7900e+308	1.7900e+308	0.20100	9.9100e+37	4.0000	0.0000	100.00	4.0000	100.00	10.000	0.0000	328.00										
57.330	3.0000	2.2394	2.9988	746.75	980.76	0.19750	0.19370	9.9100e+37	2.9988	1.7900e+308	1.7900e+308	0.19750	9.9100e+37	4.0000	0.0000	100.00	4.0000	100.00	10.000	0.0000	329.00										
57.612	2.9000	2.1915	2.8991	755.94	967.35	0.20120	0.19463	9.9100e+37	2.8991	1.7900e+308	1.7900e+308	0.20120	9.9100e+37	4.0000	0.0000	100.00	4.0000	100.00	10.000	0.0000	330.00										
57.894	2.8000	2.1367	2.7978	763.69	978.43	0.19800	0.19373	9.9100e+37	2.7978	1.7900e+308	1.7900e+308	0.19800	9.9100e+37	4.0000	0.0000	100.00	4.0000	100.00	10.000	0.0000	331.00										
58.176	2.7000	2.0798	2.7010	770.03	969.75	0.19870	0.19269	9.9100e+37	2.7010	1.7900e+308	1.7900e+308	0.19870	9.9100e+37	4.0000	0.0000	100.00	4.0000	100.00	10.000	0.0000	332.00										
58.458	2.6000	2.0213	2.6007	777.21	971.16	0.19970	0.19394	9.9100e+37	2.6007	1.7900e+308	1.7900e+308	0.19970	9.9100e+37	4.0000	0.0000	100.00	4.0000	100.00	10.000	0.0000	333.00										
58.740	2.5000	1.9597	2.5001	783.86	970.05	0.20170	0.19566	9.9100e+37	2.5001	1.7900e+308	1.7900e+308	0.20170	9.9100e+37	4.0000	0.0000	100.00	4.0000	100.00	10.000	0.0000	334.00										
59.023	2.4000	1.8959	2.4002	789.88	977.54	0.19900	0.19453	9.9100e+37	2.4002	1.7900e+308	1.7900e+308	0.19900	9.9100e+37	4.0000	0.0000	100.00	4.0000	100.00	10.000	0.0000	335.00										
59.305	2.3000	1.8352	2.3002	797.82	991.08	0.20170	0.19990	9.9100e+37	2.3002	1.7900e+308	1.7900e+308	0.20170	9.9100e+37	4.0000	0.0000	100.00	4.0000	100.00	10.000	0.0000	336.00										
59.587	2.2000	1.7694	2.2019	803.59	978.94	0.19940	0.19520	9.9100e+37	2.2019	1.7900e+308	1.7900e+308	0.19940	9.9100e+37	4.0000	0.0000	100.00	4.0000	100.00	10.000	0.0000	337.00										
59.869	2.1000	1.7046	2.0995	811.90	973.49	0.20030	0.19499	9.9100e+37	2.0995	1.7900e+308	1.7900e+308	0.20030	9.9100e+37	4.0000	0.0000	100.00	4.0000	100.00	10.000	0.0000	338.00										
60.151	2.0000	1.6369	2.0013	817.94	970.47	0.20150	0.19555	9.9100e+37	2.0013	1.7900e+308	1.7900e+308	0.20150	9.9100e+37	4.0000	0.0000	100.00	4.0000	100.00	10.000	0.0000	339.00										
60.433	1.9000	1.5701	1.9011	825.87	974.00	0.20080	0.19558	9.9100e+37	1.9011	1.7900e+308	1.7900e+308	0.20080	9.9100e+37	4.0000	0.0000	100.00	4.0000	100.00	10.000	0.0000	340.00										
60.716	1.8000	1.4981	1.7985	832.97	980.06	0.19910	0.19513	9.9100e+37	1.7985	1.7900e+308	1.7900e+308	0.19910	9.9100e+37	4.0000	0.0000	100.00	4.0000	100.00	10.000	0.0000	341.00										
60.998	1.7000	1.4287	1.6995	840.65	972.20	0.20070	0.19512	9.9100e+37	1.6995	1.7900e+308	1.7900e+308	0.20070	9.9100e+37	4.0000	0.0000	100.00	4.0000	100.00	10.000	0.0000	342.00										
61.280	1.6000	1.3575	1.6001	848.41	972.46	0.20080	0.19527	9.9100e+37	1.6001	1.7900e+308	1.7900e+308	0.20080	9.9100e+37	4.0000	0.0000	100.00	4.0000	100.00	10.000	0.0000	343.00										
61.562	1.5000	1.2834	1.4998	855.69	996.37	0.20130	0.20057	9.9100e+37	1.4998	1.7900e+308	1.7900e+308	0.20130	9.9100e+37	4.0000	0.0000	100.00	4.0000	100.00	10.000	0.0000	344.00										
61.844	1.4000	1.2085	1.3990	863.87	978.41	0.20060	0.19627	9.9100e+37	1.3990	1.7900e+308	1.7900e+308	0.20060	9.9100e+37	4.0000	0.0000	100.00	4.0000	100.00	10.000	0.0000	345.00										
62.126	1.3000	1.1335	1.3020	870.55	998.15	0.19960	0.19923	9.9100e+37	1.3020	1.7900e+308	1.7900e+308	0.19960	9.9100e+37	4.0000	0.0000	100.00	4.0000	100.00	10.000	0.0000	346.00										
62.408	1.2000	1.0559	1.2005	879.53	1004.5	0.19910	0.20000	9.9100e+37	1.2005	1.7900e+308	1.7900e+308	0.19910	9.9100e+37	4.0000	0.0000	100.00	4.0000	100.00	10.000	0.0000	347.00										
62.690	1.1000	0.97956	1.1016	889.22	998.80	0.20020	0.19996	9.9100e+37	1.1016	1.7900e+308	1.7900e+308	0.20020	9.9100e+37	4.0000	0.0000	100.00	4.0000	100.00	10.000	0.0000	348.00										
62.973	1.1000	0.97982	1.0993	891.31	1019.3	0.19940	0.20325	9.9100e+37	1.0993	1.7900e+308	1.7900e+308	0.19940	9.9100e+37	4.0000	0.0000	100.00	4.0000	100.00	10.000	0.0000	349.00										
63.255	1.1000	0.99956	1.0963	911.76	1022.3	0.19930	0.20375	9.9100e+37	1.0963	1.7900e+308	1.7900e+308	0.19930	9.9100e+37	4.0000	0.0000	100.00	4.0000	100.00	10.000	0.0000	350.00										
63.537	1.1000	0.98422	1.1012	893.77	1004.3	0.19840	0.19925	9.9100e+37	1.1012	1.7900e+308	1.7900e+308	0.19840	9.9100e+37	4.0000	0.0000	100.00	4.0000	100.00	10.000	0.0000	351.00										
63.819	1.1000	0.98314	1.1004	893.44	992.83	0.20220	0.20075	9.9100e+37	1.1004	1.7900e+308	1.7900e+308	0.20220	9.9100e+37	4.0000	0.0000	100.00	4.0000	100.00	10.000	0.0000	352.00										
64.101	1.1000	0.98585	1.1003	895.98	1005.0	0.19960	0.20059	9.9100e+37	1.1003	1.7900e+308	1.7900e+308	0.19960	9.9100e+37	4.0000	0.0000	100.00	4.0000	100.00	10.000	0.0000	353.00										
64.383	1.1000	0.98678	1.1000	897.07	1007.7	0.19930	0.20084	9.9100e+37	1.1000	1.7900e+308	1.7900e+308	0.19930	9.9100e+37	4.0000	0.0000	100.00	4.0000	100.00	10.000	0.0000	354.00										
64.666	1.1000	0.98794	1.0996	898.45	1002.8	0.20020	0.20077	9.9100e+37	1.0996	1.7900e+308	1.7900e+308	0.20020	9.9100e+37	4.0000	0.0000	100.00	4.0000	100.00	10.000	0.0000	355.00										
64.948	1.1000	0.99100	1.1014	899.76	1008.3	0.19980	0.20145	9.9100e+37	1.1014	1.7900e+308	1.7900e+308	0.19980	9.9100e+37	4.0000	0.0000	100.00	4.0000	100.00	10.000	0.0000	356.00										
65.230	1.1000	0.98952	1.1004	899.24	1001.7	0.20170	0.20205	9.9100e+37	1.1004	1.7900e+308	1.7900e+308	0.20170	9.9100e+37	4.0000	0.0000	100.00	4.0000	100.00	10.000	0.0000	357.00										
65.512	1.1000	0.99111	1.1001	900.93	1008.8	0.20050	0.20227	9.9100e+37	1.1001	1.7900e+308	1.7900e+308	0.20050	9.9100e+37	4.0000	0.0000	100.00	4.0000	100.00	10.000	0.0000	358.00										
65.794	1.1000	0.99267	1.0975	904.48	1028.7	0.20110	0.20687	9.9100e+37	1.0975	1.7900e+308	1.7900e+308	0.20110	9.9100e+37	4.0000	0.0000	100.00	4.0000	100.00	10.000	0.0000	359.00										
66.076	1.1000	0.99594	1.1013	904.33	1023.4	0.20140	0.20612	9.9100e+37	1.1013	1.7900e+308	1.7900e+308	0.20140	9.9100e+37	4.0000	0.0000	100.00	4.0000	100.00	10.000	0.0000	360.00										
66.359	1.1000	0.99485	1.1022	902.60	1024.2	0.20090	0.20577	9.9100e+37	1.1022	1.7900e+308	1.7900e+308	0.20090	9.9100e+37	4.0000	0.0000	100.00	4.0000	100.00	10.000	0.0000	361.00										
66.641	1.1000	0.99302	1.0995	903.16	1032.8	0.19960	0.20614	9.9100e+37	1.0995	1.7900e+308	1.7900e+308	0.19960	9.9100e+37	4.0000	0.0000	100.00	4.0000	100.00	10.000	0.0000	362.00										
66.923	1.1000	0.99577	1.0996	905.57	1010.2	0.19990	0.20193	9.9100e+37	1.0996	1.7900e+308	1.7900e+308	0.19990	9.9100e+37	4.0000	0.0000	100.00	4.0000	100.00	10.000	0.0000	363.00										
67.206	1.1000	0.99012	1.1000	900.11	1018.9	0.19830	0.20205	9.9100e+37	1.1000	1.7900e+308	1.7900e+308	0.19830	9.9100e+37	4.0000	0.0000	100.00	4.0000	100.00	10.000	0.0000	364.00										
67.488	1.1000	0.99194	1.1012	900.78	1005.3	0.20200	0.20308	9.9100e+37	1.1012	1.7900e+308	1.7900e+308	0.20200	9.9100e+37	4.0000	0.0000	100.00	4.0000	100.00	10.000	0.0000	365.00										
67.770	1.1000	0.99234	1.0985	903.36	1011.2	0.19910	0.20133	9.9100e+37	1.0985	1.7900e+308	1.7900e+308	0.19910	9.9100e+37	4.0000	0.0000	100.00	4.0000	100.00	10.000	0.0000	366.00										
68.052	1.1000	0.99471	1.1004	903.95	996.17	0.20120	0.20043	9.9100e+37	1.1004	1.7900e+308	1.7900e+308	0.20120	9.9100e+37	4.0000	0.0000	100.00	4.0000	100.00	10.000	0.0000	367.00										
68.334	1.1000	0.99773	1.0994	907.52	1013.4	0.20210	0.20480	9.9100e+37	1.0994	1.7900e+308	1.7900e+308	0.20210	9.9100e+37	4.0000	0.0000	100.00	4.0000	100.00	10.000	0.0000	368.00										
68.616	1.1000	1.0002	1.0996	909.63	1019.7	0.19800	0.20191	9.9100e+37	1.0996	1.7900e+308	1.7900e+308	0.19800	9.9100e+37	4.0000	0.0000	100.00	4.0000	100.00	10.000	0.0000	369.00										
68.899	1.1000	0.99486	1.1004	904.09	1011.1	0.20180	0.20404	9.9100e+37	1.1004	1.7900e+308	1.7900e+308	0.20180	9.9100e+37	4.0000	0.0000	100.00	4.0000	100.00	10.000	0.0000	370.00										
69.181	1.1000	1.0015	1.1037	907.44	1014.0	0.19930	0.20210	9.9100e+37	1.1037	1.7900e+308	1.7900e+308	0.19930	9.9100e+37	4.0000	0.0000	100.00	4.0000	100.00	10.000	0.0000	371.00										
69.463	1.1000	0.99735	1.0990	907.51	1031.8	0.19770	0.20399	9.9100e+37	1.0990	1.7900e+308	1.7900e+308	0.19770	9.9100e+37	4.0000	0.0000	100.00	4.0000	100.00	10.000	0.0000	372.00										
69.745	1.1000	1.0027	1.0990	912.37	1016.2	0.20000	0.20325	9.9100e+37	1.0990	1.7900e+308	1.7900e+308	0.20000	9.9100e+37	4.0000	0.0000	100.00	4.0000	100.00	10.000	0.0000	373.00										
70.027	1.1000	1.0009	1.0998	910.09	1024.3	0.19840	0.20322	9.9100e+37	1.0998	1.7900e+308	1.7900e+308	0.19840	9.9100e+37	4.0000	0.0000	100.00	4.0000	100.00	10.000	0.0000	374.00										
70.309	1.1000	1.0041	1.1016	911.50	1017.6	0.20100	0.20454	9.9100e+37	1.1016	1.7900e+308	1.7900e+308	0.20100	9.9100e+37	4.0000	0.0000	100.00	4.0000	100.00	10.000	0.0000	375.00										
70.591	1.1000	0.99958	1.1003	908.46	1026.5	0.19820	0.20345	9.9100e+37	1.1003	1.7900e+308	1.7900e+308	0.19820	9.9100e+37	4.0000	0.0000	100.00	4.0000	100.00	10.000	0.0000	376.00										
70.873	1.1000	1.0013	1.0995	910.65	1010.9	0.20030	0.20248	9.9100e+37	1.0995	1.7900e+308	1.7900e+308	0.20030	9.9100e+37	4.0000	0.0000	100.00	4.0000	100.00	10.000	0.0000	377.00										
71.155	1.1000	1.0016	1.0996	910.87	1000.5	0.20260	0.20271	9.9100e+37	1.0996	1.7900e+308	1.7900e+308	0.20260	9.9100e+37	4.0000	0.0000	100.00	4.0000	100.00	10.000	0.0000	378.00										
71.437	1.1000	1.0035	1.1013	911.16	1014.4	0.20070	0.20359	9.9100e+37	1.1013	1.7900e+308	1.7900e+308	0.20070	9.9100e+37	4.0000	0.0000	100.00	4.0000	100.00	10.000	0.0000	379.00										
71.719	1.1000	1.0050	1.1008	912.96	1028.2	0.19850	0.20409	9.9100e+37	1.1008	1.7900e+308	1.7900e+308	0.19850	9.9100e+37	4.0000	0.0000	100.00	4.0000	100.00	10.000	0.0000	380.00										
72.002	1.1000	1.0042	1.0992	913.53	1020.7	0.19990	0.20404	9.9100e+37	1.0992	1.7900e+308	1.7900e+308	0.19990	9.9100e+37	4.0000	0.0000	100.00	4.0000	100.00	10.000	0.0000	381.00										
72.284	1.1000	1.0111	1.0994	919.65	1022.2	0.20030	0.20474	9.9100e+37	1.0994	1.7900e+308	1.7900e+308	0.20030	9.9100e+37	4.0000	0.0000	100.00	4.0000	100.00	10.000	0.0000	382.00										
72.566	1.1000	0.99853	1.1002	907.59	1010.5	0.20180	0.20391	9.9100e+37	1.1002	1.7900e+308	1.7900e+308	0.20180	9.9100e+37	4.0000	0.0000	100.00	4.0000	100.00	10.000	0.0000	383.00										
72.848	1.1000	1.0058	1.1012	913.40	1013.6	0.20060	0.20333	9.9100e+37	1.1012	1.7900e+308	1.7900e+308	0.20060	9.9100e+37	4.0000	0.0000	100.00	4.0000	100.00	10.000	0.0000	384.00										
73.130	1.1000	1.0096	1.1024	915.81	1024.1	0.19940	0.20421	9.9100e+37	1.1024	1.7900e+308	1.7900e+308	0.19940	9.9100e+37	4.0000	0.0000	100.00	4.0000	100.00	10.000	0.0000	385.00										
73.412	1.1000	1.0103	1.1005	918.04	1019.6	0.20050	0.20442	9.9100e+37	1.1005	1.7900e+308	1.7900e+308	0.20050	9.9100e+37	4.0000	0.0000	100.00	4.0000	100.00	10.000	0.0000	386.00										
73.694	1.1000	1.0083	1.0999	916.73	1024.4	0.19980	0.20467	9.9100e+37	1.0999	1.7900e+308	1.7900e+308	0.19980	9.9100e+37	4.0000	0.0000	100.00	4.0000	100.00	10.000	0.0000	387.00										
73.977	1.1000	1.0099	1.1012	917.06	1009.7	0.20170	0.20366	9.9100e+37	1.1012	1.7900e+308	1.7900e+308	0.20170	9.9100e+37	4.0000	0.0000	100.00	4.0000	100.00	10.000	0.0000	388.00										
74.259	1.1000	1.0085	1.0986	917.94	1010.3	0.20140	0.20347	9.9100e+37	1.0986	1.7900e+308	1.7900e+308	0.20140	9.9100e+37	4.0000	0.0000	100.00	4.0000	100.00	10.000	0.0000	389.00										
74.541	1.1000	1.0095	1.0998	917.87	1019.7	0.20010	0.20405	9.9100e+37	1.0998	1.7900e+308	1.7900e+308	0.20010	9.9100e+37	4.0000	0.0000	100.00	4.0000	100.00	10.000	0.0000	390.00										
74.823	1.1000	1.0089	1.0991	917.96	1017.7	0.20060	0.20415	9.9100e+37	1.0991	1.7900e+308	1.7900e+308	0.20060	9.9100e+37	4.0000	0.0000	100.00	4.0000	100.00	10.000	0.0000	391.00										
75.105	1.1000	1.0093	1.1001	917.46	1025.3	0.19910	0.20413	9.9100e+37	1.1001	1.7900e+308	1.7900e+308	0.19910	9.9100e+37	4.0000	0.0000	100.00	4.0000	100.00	10.000	0.0000	392.00										
75.387	1.1000	1.0092	1.1008	916.76	1022.6	0.19890	0.20339	9.9100e+37	1.1008	1.7900e+308	1.7900e+308	0.19890	9.9100e+37	4.0000	0.0000	100.00	4.0000	100.00	10.000	0.0000	393.00										
75.669	1.1000	1.0090	1.0979	919.02	1026.7	0.19950	0.20483	9.9100e+37	1.0979	1.7900e+308	1.7900e+308	0.19950	9.9100e+37	4.0000	0.0000	100.00	4.0000	100.00	10.000	0.0000	394.00										
75.952	1.1000	1.0091	1.0998	917.48	1022.2	0.20060	0.20505	9.9100e+37	1.0998	1.7900e+308	1.7900e+308	0.20060	9.9100e+37	4.0000	0.0000	100.00	4.0000	100.00	10.000	0.0000	395.00										
76.234	1.1000	1.0089	1.1001	917.11	1024.7	0.20000	0.20493	9.9100e+37	1.1001	1.7900e+308	1.7900e+308	0.20000	9.9100e+37	4.0000	0.0000	100.00	4.0000	100.00	10.000	0.0000	396.00										
76.516	1.1000	1.0095	1.1001	917.65	1049.5	0.19650	0.20622	9.9100e+37	1.1001	1.7900e+308	1.7900e+308	0.19650	9.9100e+37	4.0000	0.0000	100.00	4.0000	100.00	10.000	0.0000	397.00										
76.798	1.1000	1.0091	1.0998	917.56	1037.5	0.20000	0.20750	9.9100e+37	1.0998	1.7900e+308	1.7900e+308	0.20000	9.9100e+37	4.0000	0.0000	100.00	4.0000	100.00	10.000	0.0000	398.00										
77.080	1.1000	1.0104	1.1021	916.79	1032.1	0.19990	0.20631	9.9100e+37	1.1021	1.7900e+308	1.7900e+308	0.19990	9.9100e+37	4.0000	0.0000	100.00	4.0000	100.00	10.000	0.0000	399.00										
77.362	1.1000	1.0066	1.0997	915.32	1019.8	0.19960	0.20356	9.9100e+37	1.0997	1.7900e+308	1.7900e+308	0.19960	9.9100e+37	4.0000	0.0000	100.00	4.0000	100.00	10.000	0.0000	400.00										
77.644	1.1000	1.0052	1.1022	911.99	1021.8	0.19960	0.20395	9.9100e+37	1.1022	1.7900e+308	1.7900e+308	0.19960	9.9100e+37	4.0000	0.0000	100.00	4.0000	100.00	10.000	0.0000	401.00										
77.926	1.1000	1.0002	1.0978	911.13	1006.6	0.20180	0.20314	9.9100e+37	1.0978	1.7900e+308	1.7900e+308	0.20180	9.9100e+37	4.0000	0.0000	100.00	4.0000	100.00	10.000	0.0000	402.00										
78.208	1.1000	1.0033	1.1024	910.12	1013.9	0.20110	0.20389	9.9100e+37	1.1024	1.7900e+308	1.7900e+308	0.20110	9.9100e+37	4.0000	0.0000	100.00	4.0000	100.00	10.000	0.0000	403.00										
78.490	1.1000	0.99873	1.1000	907.94	1019.1	0.19920	0.20301	9.9100e+37	1.1000	1.7900e+308	1.7900e+308	0.19920	9.9100e+37	4.0000	0.0000	100.00	4.0000	100.00	10.000	0.0000	404.00										
78.773	1.1000	1.0021	1.0993	911.58	1021.1	0.19860	0.20279	9.9100e+37	1.0993	1.7900e+308	1.7900e+308	0.19860	9.9100e+37	4.0000	0.0000	100.00	4.0000	100.00	10.000	0.0000	405.00										
79.055	1.1000	1.0058	1.0995	914.81	1027.8	0.19860	0.20412	9.9100e+37	1.0995	1.7900e+308	1.7900e+308	0.19860	9.9100e+37	4.0000	0.0000	100.00	4.0000	100.00	10.000	0.0000	406.00										
79.337	1.1000	0.99888	1.0999	908.16	1017.8	0.20040	0.20397	9.9100e+37	1.0999	1.7900e+308	1.7900e+308	0.20040	9.9100e+37	4.0000	0.0000	100.00	4.0000	100.00	10.000	0.0000	407.00										
79.619	1.1000	1.0017	1.1021	908.95	1022.0	0.19900	0.20338	9.9100e+37	1.1021	1.7900e+308	1.7900e+308	0.19900	9.9100e+37	4.0000	0.0000	100.00	4.0000	100.00	10.000	0.0000	408.00										
79.901	1.1000	1.0027	1.0983	912.92	1020.1	0.19930	0.20330	9.9100e+37	1.0983	1.7900e+308	1.7900e+308	0.19930	9.9100e+37	4.0000	0.0000	100.00	4.0000	100.00	10.000	0.0000	409.00										
80.183	1.1000	1.0078	1.0997	916.47	1017.9	0.20110	0.20469	9.9100e+37	1.0997	1.7900e+308	1.7900e+308	0.20110	9.9100e+37	4.0000	0.0000	100.00	4.0000	100.00	10.000	0.0000	410.00										
80.465	1.1000	1.0010	1.0999	910.07	1011.0	0.20210	0.20433	9.9100e+37	1.0999	1.7900e+308	1.7900e+308	0.20210	9.9100e+37	4.0000	0.0000	100.00	4.0000	100.00	10.000	0.0000	411.00										
80.747	1.1000	1.0058	1.0999	914.48	1016.6	0.20090	0.20424	9.9100e+37	1.0999	1.7900e+308	1.7900e+308	0.20090	9.9100e+37	4.0000	0.0000	100.00	4.0000	100.00	10.000	0.0000	412.00										
81.030	1.1000	1.0054	1.0987	915.12	1010.5	0.20120	0.20331	9.9100e+37	1.0987	1.7900e+308	1.7900e+308	0.20120	9.9100e+37	4.0000	0.0000	100.00	4.0000	100.00	10.000	0.0000	413.00										
81.312	1.1000	1.0073	1.1014	914.61	1009.7	0.20350	0.20547	9.9100e+37	1.1014	1.7900e+308	1.7900e+308	0.20350	9.9100e+37	4.0000	0.0000	100.00	4.0000	100.00	10.000	0.0000	414.00										
81.594	1.1000	1.0060	1.0995	914.94	1009.5	0.20240	0.20432	9.9100e+37	1.0995	1.7900e+308	1.7900e+308	0.20240	9.9100e+37	4.0000	0.0000	100.00	4.0000	100.00	10.000	0.0000	415.00										
81.876	1.1000	1.0014	1.1004	910.08	1013.9	0.20060	0.20338	9.9100e+37	1.1004	1.7900e+308	1.7900e+308	0.20060	9.9100e+37	4.0000	0.0000	100.00	4.0000	100.00	10.000	0.0000	416.00										
82.158	1.1000	1.0027	1.1001	911.45	1014.3	0.19870	0.20155	9.9100e+37	1.1001	1.7900e+308	1.7900e+308	0.19870	9.9100e+37	4.0000	0.0000	100.00	4.0000	100.00	10.000	0.0000	417.00										
82.440	1.1000	1.0033	1.1019	910.48	1002.9	0.20260	0.20319	9.9100e+37	1.1019	1.7900e+308	1.7900e+308	0.20260	9.9100e+37	4.0000	0.0000	100.00	4.0000	100.00	10.000	0.0000	418.00										
82.722	1.1000	0.99690	1.1006	905.78	1013.8	0.19940	0.20216	9.9100e+37	1.1006	1.7900e+308	1.7900e+308	0.19940	9.9100e+37	4.0000	0.0000	100.00	4.0000	100.00	10.000	0.0000	419.00										
83.004	1.1000	0.99827	1.0991	908.26	1011.7	0.20000	0.20233	9.9100e+37	1.0991	1.7900e+308	1.7900e+308	0.20000	9.9100e+37	4.0000	0.0000	100.00	4.0000	100.00	10.000	0.0000	420.00										
83.287	1.1000	1.0027	1.0990	912.39	1013.9	0.20200	0.20480	9.9100e+37	1.0990	1.7900e+308	1.7900e+308	0.20200	9.9100e+37	4.0000	0.0000	100.00	4.0000	100.00	10.000	0.0000	421.00										
83.569	1.1000	0.99965	1.0994	909.27	1003.1	0.20230	0.20293	9.9100e+37	1.0994	1.7900e+308	1.7900e+308	0.20230	9.9100e+37	4.0000	0.0000	100.00	4.0000	100.00	10.000	0.0000	422.00										
83.851	1.1000	0.99646	1.0992	906.53	1004.2	0.20200	0.20284	9.9100e+37	1.0992	1.7900e+308	1.7900e+308	0.20200	9.9100e+37	4.0000	0.0000	100.00	4.0000	100.00	10.000	0.0000	423.00										
84.133	1.1000	1.0022	1.0990	911.97	1010.7	0.19910	0.20123	9.9100e+37	1.0990	1.7900e+308	1.7900e+308	0.19910	9.9100e+37	4.0000	0.0000	100.00	4.0000	100.00	10.000	0.0000	424.00										
84.415	1.1000	1.0012	1.1015	908.96	1018.1	0.19850	0.20209	9.9100e+37	1.1015	1.7900e+308	1.7900e+308	0.19850	9.9100e+37	4.0000	0.0000	100.00	4.0000	100.00	10.000	0.0000	425.00										
84.698	1.1000	1.0020	1.0994	911.36	1022.8	0.19830	0.20283	9.9100e+37	1.0994	1.7900e+308	1.7900e+308	0.19830	9.9100e+37	4.0000	0.0000	100.00	4.0000	100.00	10.000	0.0000	426.00										
84.980	1.1000	1.0024	1.1000	911.24	1016.5	0.19910	0.20238	9.9100e+37	1.1000	1.7900e+308	1.7900e+308	0.19910	9.9100e+37	4.0000	0.0000	100.00	4.0000	100.00	10.000	0.0000	427.00										
85.262	1.1000	0.99993	1.0994	909.52	1011.3	0.19870	0.20095	9.9100e+37	1.0994	1.7900e+308	1.7900e+308	0.19870	9.9100e+37	4.0000	0.0000	100.00	4.0000	100.00	10.000	0.0000	428.00										
85.544	1.1000	1.0032	1.1015	910.77	1008.0	0.19980	0.20139	9.9100e+37	1.1015	1.7900e+308	1.7900e+308	0.19980	9.9100e+37	4.0000	0.0000	100.00	4.0000	100.00	10.000	0.0000	429.00										
85.826	1.1000	1.0038	1.1011	911.64	1007.4	0.20190	0.20340	9.9100e+37	1.1011	1.7900e+308	1.7900e+308	0.20190	9.9100e+37	4.0000	0.0000	100.00	4.0000	100.00	10.000	0.0000	430.00										
86.108	1.1000	1.0011	1.1005	909.69	1013.2	0.20020	0.20285	9.9100e+37	1.1005	1.7900e+308	1.7900e+308	0.20020	9.9100e+37	4.0000	0.0000	100.00	4.0000	100.00	10.000	0.0000	431.00										
86.390	1.1000	0.99685	1.0978	908.04	1010.8	0.19980	0.20196	9.9100e+37	1.0978	1.7900e+308	1.7900e+308	0.19980	9.9100e+37	4.0000	0.0000	100.00	4.0000	100.00	10.000	0.0000	432.00										
86.672	1.1000	0.99824	1.1011	906.58	1012.4	0.20040	0.20289	9.9100e+37	1.1011	1.7900e+308	1.7900e+308	0.20040	9.9100e+37	4.0000	0.0000	100.00	4.0000	100.00	10.000	0.0000	433.00										
86.954	1.1000	0.99685	1.0998	906.39	1028.7	0.19820	0.20389	9.9100e+37	1.0998	1.7900e+308	1.7900e+308	0.19820	9.9100e+37	4.0000	0.0000	100.00	4.0000	100.00	10.000	0.0000	434.00										
87.237	1.1000	1.0033	1.1012	911.10	1021.5	0.20090	0.20521	9.9100e+37	1.1012	1.7900e+308	1.7900e+308	0.20090	9.9100e+37	4.0000	0.0000	100.00	4.0000	100.00	10.000	0.0000	435.00										
87.519	1.1000	1.0111	1.0996	919.52	1016.2	0.20210	0.20538	9.9100e+37	1.0996	1.7900e+308	1.7900e+308	0.20210	9.9100e+37	4.0000	0.0000	100.00	4.0000	100.00	10.000	0.0000	436.00										
87.801	1.1000	1.0110	1.0982	920.56	1017.9	0.20120	0.20480	9.9100e+37	1.0982	1.7900e+308	1.7900e+308	0.20120	9.9100e+37	4.0000	0.0000	100.00	4.0000	100.00	10.000	0.0000	437.00										
88.083	1.1000	1.0101	1.0997	918.55	1032.8	0.19720	0.20366	9.9100e+37	1.0997	1.7900e+308	1.7900e+308	0.19720	9.9100e+37	4.0000	0.0000	100.00	4.0000	100.00	10.000	0.0000	438.00										
88.365	1.1000	1.0084	1.0969	919.31	1011.6	0.20130	0.20364	9.9100e+37	1.0969	1.7900e+308	1.7900e+308	0.20130	9.9100e+37	4.0000	0.0000	100.00	4.0000	100.00	10.000	0.0000	439.00										
88.647	1.1000	1.0109	1.0989	919.91	1025.6	0.19960	0.20471	9.9100e+37	1.0989	1.7900e+308	1.7900e+308	0.19960	9.9100e+37	4.0000	0.0000	100.00	4.0000	100.00	10.000	0.0000	440.00										
88.929	1.1000	1.0112	1.0990	920.13	1028.9	0.19870	0.20444	9.9100e+37	1.0990	1.7900e+308	1.7900e+308	0.19870	9.9100e+37	4.0000	0.0000	100.00	4.0000	100.00	10.000	0.0000	441.00										
89.211	1.1000	1.0108	1.0971	921.32	1015.5	0.20100	0.20412	9.9100e+37	1.0971	1.7900e+308	1.7900e+308	0.20100	9.9100e+37	4.0000	0.0000	100.00	4.0000	100.00	10.000	0.0000	442.00										
89.494	1.1000	1.0117	1.1003	919.52	1024.4	0.19870	0.20355	9.9100e+37	1.1003	1.7900e+308	1.7900e+308	0.19870	9.9100e+37	4.0000	0.0000	100.00	4.0000	100.00	10.000	0.0000	443.00										
89.776	1.1000	1.0114	1.1013	918.35	1024.3	0.19940	0.20424	9.9100e+37	1.1013	1.7900e+308	1.7900e+308	0.19940	9.9100e+37	4.0000	0.0000	100.00	4.0000	100.00	10.000	0.0000	444.00										
90.058	1.1000	1.0110	1.0984	920.47	1009.8	0.20140	0.20338	9.9100e+37	1.0984	1.7900e+308	1.7900e+308	0.20140	9.9100e+37	4.0000	0.0000	100.00	4.0000	100.00	10.000	0.0000	445.00										
90.340	1.1000	1.0073	1.0973	918.01	1013.7	0.20060	0.20335	9.9100e+37	1.0973	1.7900e+308	1.7900e+308	0.20060	9.9100e+37	4.0000	0.0000	100.00	4.0000	100.00	10.000	0.0000	446.00										
90.622	1.1000	1.0068	1.0991	915.99	1017.6	0.20030	0.20383	9.9100e+37	1.0991	1.7900e+308	1.7900e+308	0.20030	9.9100e+37	4.0000	0.0000	100.00	4.0000	100.00	10.000	0.0000	447.00										
90.904	1.1000	1.0065	1.1018	913.55	1016.4	0.20040	0.20368	9.9100e+37	1.1018	1.7900e+308	1.7900e+308	0.20040	9.9100e+37	4.0000	0.0000	100.00	4.0000	100.00	10.000	0.0000	448.00										
91.186	1.1000	1.0009	1.1006	909.39	1023.3	0.19900	0.20363	9.9100e+37	1.1006	1.7900e+308	1.7900e+308	0.19900	9.9100e+37	4.0000	0.0000	100.00	4.0000	100.00	10.000	0.0000	449.00										
91.468	1.1000	1.0037	1.0996	912.75	1020.1	0.19920	0.20320	9.9100e+37	1.0996	1.7900e+308	1.7900e+308	0.19920	9.9100e+37	4.0000	0.0000	100.00	4.0000	100.00	10.000	0.0000	450.00										
91.751	1.0000	0.92550	1.0017	923.93	1016.8	0.19970	0.20306	9.9100e+37	1.0017	1.7900e+308	1.7900e+308	0.19970	9.9100e+37	4.0000	0.0000	100.00	4.0000	100.00	10.000	0.0000	451.00										
92.033	0.90000	0.83687	0.89990	929.96	1011.3	0.20180	0.20409	9.9100e+37	0.89990	1.7900e+308	1.7900e+308	0.20180	9.9100e+37	4.0000	0.0000	100.00	4.0000	100.00	10.000	0.0000	452.00										
92.315	0.80000	0.75234	0.80150	938.66	1014.1	0.20180	0.20464	9.9100e+37	0.80150	1.7900e+308	1.7900e+308	0.20180	9.9100e+37	4.0000	0.0000	100.00	4.0000	100.00	10.000	0.0000	453.00										
92.597	0.70000	0.66625	0.69990	951.92	1031.8	0.19760	0.20388	9.9100e+37	0.69990	1.7900e+308	1.7900e+308	0.19760	9.9100e+37	4.0000	0.0000	100.00	4.0000	100.00	10.000	0.0000	454.00										
92.879	0.60000	0.57775	0.60090	961.47	1023.3	0.19910	0.20373	9.9100e+37	0.60090	1.7900e+308	1.7900e+308	0.19910	9.9100e+37	4.0000	0.0000	100.00	4.0000	100.00	10.000	0.0000	455.00										
93.161	0.50000	0.48639	0.50120	970.45	1021.1	0.19920	0.20341	9.9100e+37	0.50120	1.7900e+308	1.7900e+308	0.19920	9.9100e+37	4.0000	0.0000	100.00	4.0000	100.00	10.000	0.0000	456.00										
93.443	0.50000	0.48723	0.50250	969.61	1016.4	0.19970	0.20297	9.9100e+37	0.50250	1.7900e+308	1.7900e+308	0.19970	9.9100e+37	4.0000	0.0000	100.00	4.0000	100.00	10.000	0.0000	457.00										
93.725	0.50000	0.48699	0.50290	968.36	1021.2	0.20030	0.20454	9.9100e+37	0.50290	1.7900e+308	1.7900e+308	0.20030	9.9100e+37	4.0000	0.0000	100.00	4.0000	100.00	10.000	0.0000	458.00										
94.008	0.50000	0.48625	0.50010	972.31	1014.6	0.20130	0.20423	9.9100e+37	0.50010	1.7900e+308	1.7900e+308	0.20130	9.9100e+37	4.0000	0.0000	100.00	4.0000	100.00	10.000	0.0000	459.00										
94.290	0.50000	0.48664	0.50040	972.50	1026.5	0.19950	0.20478	9.9100e+37	0.50040	1.7900e+308	1.7900e+308	0.19950	9.9100e+37	4.0000	0.0000	100.00	4.0000	100.00	10.000	0.0000	460.00										
94.572	0.50000	0.48722	0.49980	974.83	1011.8	0.20170	0.20409	9.9100e+37	0.49980	1.7900e+308	1.7900e+308	0.20170	9.9100e+37	4.0000	0.0000	100.00	4.0000	100.00	10.000	0.0000	461.00										
94.854	0.50000	0.48619	0.49850	975.31	1010.8	0.20160	0.20377	9.9100e+37	0.49850	1.7900e+308	1.7900e+308	0.20160	9.9100e+37	4.0000	0.0000	100.00	4.0000	100.00	10.000	0.0000	462.00										
95.136	0.50000	0.48686	0.49990	973.91	1020.8	0.19990	0.20405	9.9100e+37	0.49990	1.7900e+308	1.7900e+308	0.19990	9.9100e+37	4.0000	0.0000	100.00	4.0000	100.00	10.000	0.0000	463.00										
95.418	0.50000	0.48550	0.49830	974.31	1025.9	0.19880	0.20395	9.9100e+37	0.49830	1.7900e+308	1.7900e+308	0.19880	9.9100e+37	4.0000	0.0000	100.00	4.0000	100.00	10.000	0.0000	464.00										
95.701	0.50000	0.48514	0.49840	973.39	1020.8	0.20040	0.20457	9.9100e+37	0.49840	1.7900e+308	1.7900e+308	0.20040	9.9100e+37	4.0000	0.0000	100.00	4.0000	100.00	10.000	0.0000	465.00										
95.983	0.50000	0.48718	0.50100	972.42	1036.7	0.19750	0.20474	9.9100e+37	0.50100	1.7900e+308	1.7900e+308	0.19750	9.9100e+37	4.0000	0.0000	100.00	4.0000	100.00	10.000	0.0000	466.00										
96.265	0.50000	0.48735	0.50110	972.56	1022.1	0.20020	0.20463	9.9100e+37	0.50110	1.7900e+308	1.7900e+308	0.20020	9.9100e+37	4.0000	0.0000	100.00	4.0000	100.00	10.000	0.0000	467.00										
96.547	0.50000	0.48653	0.49860	975.79	1029.6	0.19790	0.20376	9.9100e+37	0.49860	1.7900e+308	1.7900e+308	0.19790	9.9100e+37	4.0000	0.0000	100.00	4.0000	100.00	10.000	0.0000	468.00										
96.829	0.50000	0.48685	0.49740	978.79	1022.5	0.19960	0.20410	9.9100e+37	0.49740	1.7900e+308	1.7900e+308	0.19960	9.9100e+37	4.0000	0.0000	100.00	4.0000	100.00	10.000	0.0000	469.00										
97.111	0.50000	0.48749	0.50000	974.98	1036.7	0.19720	0.20444	9.9100e+37	0.50000	1.7900e+308	1.7900e+308	0.19720	9.9100e+37	4.0000	0.0000	100.00	4.0000	100.00	10.000	0.0000	470.00										
97.393	0.50000	0.48679	0.49900	975.53	1018.2	0.20090	0.20456	9.9100e+37	0.49900	1.7900e+308	1.7900e+308	0.20090	9.9100e+37	4.0000	0.0000	100.00	4.0000	100.00	10.000	0.0000	471.00										
97.675	0.50000	0.48647	0.49920	974.50	1021.7	0.19990	0.20424	9.9100e+37	0.49920	1.7900e+308	1.7900e+308	0.19990	9.9100e+37	4.0000	0.0000	100.00	4.0000	100.00	10.000	0.0000	472.00										
97.958	0.50000	0.48792	0.50070	974.48	1024.9	0.20040	0.20539	9.9100e+37	0.50070	1.7900e+308	1.7900e+308	0.20040	9.9100e+37	4.0000	0.0000	100.00	4.0000	100.00	10.000	0.0000	473.00										
98.240	0.50000	0.48787	0.50040	974.96	1027.3	0.20000	0.20546	9.9100e+37	0.50040	1.7900e+308	1.7900e+308	0.20000	9.9100e+37	4.0000	0.0000	100.00	4.0000	100.00	10.000	0.0000	474.00										
98.522	0.50000	0.48849	0.50070	975.61	1024.1	0.20080	0.20563	9.9100e+37	0.50070	1.7900e+308	1.7900e+308	0.20080	9.9100e+37	4.0000	0.0000	100.00	4.0000	100.00	10.000	0.0000	475.00										
98.804	0.35000	0.34743	0.34830	997.50	1022.0	0.20040	0.20481	9.9100e+37	0.34830	1.7900e+308	1.7900e+308	0.20040	9.9100e+37	4.0000	0.0000	100.00	4.0000	100.00	10.000	0.0000	476.00										
99.086	0.20000	0.20494	0.20100	1019.6	1025.1	0.19870	0.20369	9.9100e+37	0.20100	1.7900e+308	1.7900e+308	0.19870	9.9100e+37	4.0000	0.0000	100.00	4.0000	100.00	10.000	0.0000	477.00										
99.368	0.20000	0.20585	0.19910	1033.9	1048.9	0.19920	0.20894	9.9100e+37	0.19910	1.7900e+308	1.7900e+308	0.19920	9.9100e+37	4.0000	0.0000	100.00	4.0000	100.00	10.000	0.0000	478.00										
99.650	0.20000	0.20826	0.19860	1048.6	1035.9	0.20090	0.20812	9.9100e+37	0.19860	1.7900e+308	1.7900e+308	0.20090	9.9100e+37	4.0000	0.0000	100.00	4.0000	100.00	10.000	0.0000	479.00										
99.933	0.20000	0.20719	0.20020	1034.9	1044.7	0.19870	0.20758	9.9100e+37	0.20020	1.7900e+308	1.7900e+308	0.19870	9.9100e+37	4.0000	0.0000	100.00	4.0000	100.00	10.000	0.0000	480.00										
100.21	0.20000	0.20784	0.20010	1038.7	1033.9	0.20130	0.20812	9.9100e+37	0.20010	1.7900e+308	1.7900e+308	0.20130	9.9100e+37	4.0000	0.0000	100.00	4.0000	100.00	10.000	0.0000	481.00										
100.50	0.20000	0.20863	0.20130	1036.4	1034.1	0.20110	0.20796	9.9100e+37	0.20130	1.7900e+308	1.7900e+308	0.20110	9.9100e+37	4.0000	0.0000	100.00	4.0000	100.00	10.000	0.0000	482.00										
100.78	0.20000	0.20980	0.20210	1038.1	1037.8	0.20140	0.20902	9.9100e+37	0.20210	1.7900e+308	1.7900e+308	0.20140	9.9100e+37	4.0000	0.0000	100.00	4.0000	100.00	10.000	0.0000	483.00										
101.06	0.20000	0.20697	0.19860	1042.1	1032.4	0.20100	0.20752	9.9100e+37	0.19860	1.7900e+308	1.7900e+308	0.20100	9.9100e+37	4.0000	0.0000	100.00	4.0000	100.00	10.000	0.0000	484.00										
101.34	0.20000	0.20747	0.19780	1048.9	1029.4	0.20150	0.20742	9.9100e+37	0.19780	1.7900e+308	1.7900e+308	0.20150	9.9100e+37	4.0000	0.0000	100.00	4.0000	100.00	10.000	0.0000	485.00										
101.63	0.20000	0.20823	0.19860	1048.5	1041.6	0.19950	0.20780	9.9100e+37	0.19860	1.7900e+308	1.7900e+308	0.19950	9.9100e+37	4.0000	0.0000	100.00	4.0000	100.00	10.000	0.0000	486.00										
101.91	0.20000	0.20872	0.20030	1042.0	1055.1	0.19740	0.20827	9.9100e+37	0.20030	1.7900e+308	1.7900e+308	0.19740	9.9100e+37	4.0000	0.0000	100.00	4.0000	100.00	10.000	0.0000	487.00										
102.19	0.20000	0.20881	0.20070	1040.4	1035.3	0.20070	0.20778	9.9100e+37	0.20070	1.7900e+308	1.7900e+308	0.20070	9.9100e+37	4.0000	0.0000	100.00	4.0000	100.00	10.000	0.0000	488.00										
102.47	0.20000	0.20797	0.19980	1040.9	1034.7	0.20090	0.20788	9.9100e+37	0.19980	1.7900e+308	1.7900e+308	0.20090	9.9100e+37	4.0000	0.0000	100.00	4.0000	100.00	10.000	0.0000	489.00										
102.75	0.20000	0.20901	0.20100	1039.9	1030.8	0.20080	0.20698	9.9100e+37	0.20100	1.7900e+308	1.7900e+308	0.20080	9.9100e+37	4.0000	0.0000	100.00	4.0000	100.00	10.000	0.0000	490.00										
103.04	0.20000	0.20874	0.20160	1035.4	1034.7	0.20130	0.20828	9.9100e+37	0.20160	1.7900e+308	1.7900e+308	0.20130	9.9100e+37	4.0000	0.0000	100.00	4.0000	100.00	10.000	0.0000	491.00										
103.32	0.20000	0.20858	0.19890	1048.7	1055.5	0.19970	0.21078	9.9100e+37	0.19890	1.7900e+308	1.7900e+308	0.19970	9.9100e+37	4.0000	0.0000	100.00	4.0000	100.00	10.000	0.0000	492.00										
103.60	0.20000	0.20997	0.20020	1048.8	1053.9	0.19830	0.20898	9.9100e+37	0.20020	1.7900e+308	1.7900e+308	0.19830	9.9100e+37	4.0000	0.0000	100.00	4.0000	100.00	10.000	0.0000	493.00										
103.88	0.20000	0.20963	0.20030	1046.6	1043.9	0.20080	0.20962	9.9100e+37	0.20030	1.7900e+308	1.7900e+308	0.20080	9.9100e+37	4.0000	0.0000	100.00	4.0000	100.00	10.000	0.0000	494.00										
104.17	0.20000	0.20900	0.19870	1051.8	1042.6	0.20110	0.20967	9.9100e+37	0.19870	1.7900e+308	1.7900e+308	0.20110	9.9100e+37	4.0000	0.0000	100.00	4.0000	100.00	10.000	0.0000	495.00										
104.45	0.20000	0.20961	0.20140	1040.8	1042.7	0.20080	0.20937	9.9100e+37	0.20140	1.7900e+308	1.7900e+308	0.20080	9.9100e+37	4.0000	0.0000	100.00	4.0000	100.00	10.000	0.0000	496.00										
104.73	0.20000	0.20963	0.20140	1040.9	1037.9	0.20220	0.20986	9.9100e+37	0.20140	1.7900e+308	1.7900e+308	0.20220	9.9100e+37	4.0000	0.0000	100.00	4.0000	100.00	10.000	0.0000	497.00										
105.01	0.20000	0.20951	0.20250	1034.6	1051.0	0.19920	0.20936	9.9100e+37	0.20250	1.7900e+308	1.7900e+308	0.19920	9.9100e+37	4.0000	0.0000	100.00	4.0000	100.00	10.000	0.0000	498.00										
105.29	0.20000	0.21016	0.19840	1059.3	1037.8	0.20010	0.20766	9.9100e+37	0.19840	1.7900e+308	1.7900e+308	0.20010	9.9100e+37	4.0000	0.0000	100.00	4.0000	100.00	10.000	0.0000	499.00										
105.58	0.20000	0.20912	0.20030	1044.0	1042.3	0.20090	0.20939	9.9100e+37	0.20030	1.7900e+308	1.7900e+308	0.20090	9.9100e+37	4.0000	0.0000	100.00	4.0000	100.00	10.000	0.0000	500.00										
105.86	0.20000	0.20857	0.19760	1055.5	1047.6	0.20000	0.20951	9.9100e+37	0.19760	1.7900e+308	1.7900e+308	0.20000	9.9100e+37	4.0000	0.0000	100.00	4.0000	100.00	10.000	0.0000	501.00										
106.14	0.20000	0.20977	0.20100	1043.6	1032.1	0.20320	0.20973	9.9100e+37	0.20100	1.7900e+308	1.7900e+308	0.20320	9.9100e+37	4.0000	0.0000	100.00	4.0000	100.00	10.000	0.0000	502.00										
106.42	0.20000	0.20945	0.19880	1053.6	1057.7	0.19840	0.20984	9.9100e+37	0.19880	1.7900e+308	1.7900e+308	0.19840	9.9100e+37	4.0000	0.0000	100.00	4.0000	100.00	10.000	0.0000	503.00										
106.71	0.20000	0.20937	0.20150	1039.1	1045.3	0.20110	0.21021	9.9100e+37	0.20150	1.7900e+308	1.7900e+308	0.20110	9.9100e+37	4.0000	0.0000	100.00	4.0000	100.00	10.000	0.0000	504.00										
106.99	0.20000	0.20897	0.20000	1044.8	1047.5	0.19950	0.20898	9.9100e+37	0.20000	1.7900e+308	1.7900e+308	0.19950	9.9100e+37	4.0000	0.0000	100.00	4.0000	100.00	10.000	0.0000	505.00										
107.27	0.20000	0.20993	0.19870	1056.5	1042.4	0.20010	0.20858	9.9100e+37	0.19870	1.7900e+308	1.7900e+308	0.20010	9.9100e+37	4.0000	0.0000	100.00	4.0000	100.00	10.000	0.0000	506.00										
107.55	0.20000	0.20944	0.20060	1044.1	1049.1	0.20000	0.20981	9.9100e+37	0.20060	1.7900e+308	1.7900e+308	0.20000	9.9100e+37	4.0000	0.0000	100.00	4.0000	100.00	10.000	0.0000	507.00										
107.83	0.20000	0.20969	0.20080	1044.3	1051.6	0.19930	0.20958	9.9100e+37	0.20080	1.7900e+308	1.7900e+308	0.19930	9.9100e+37	4.0000	0.0000	100.00	4.0000	100.00	10.000	0.0000	508.00										
108.12	0.20000	0.21059	0.20320	1036.4	1050.5	0.19930	0.20937	9.9100e+37	0.20320	1.7900e+308	1.7900e+308	0.19930	9.9100e+37	4.0000	0.0000	100.00	4.0000	100.00	10.000	0.0000	509.00										
108.40	0.20000	0.20938	0.19870	1053.7	1043.5	0.19940	0.20808	9.9100e+37	0.19870	1.7900e+308	1.7900e+308	0.19940	9.9100e+37	4.0000	0.0000	100.00	4.0000	100.00	10.000	0.0000	510.00										
108.68	0.20000	0.20867	0.19810	1053.4	1052.7	0.19900	0.20948	9.9100e+37	0.19810	1.7900e+308	1.7900e+308	0.19900	9.9100e+37	4.0000	0.0000	100.00	4.0000	100.00	10.000	0.0000	511.00										
108.96	0.20000	0.21136	0.20130	1050.0	1040.9	0.20140	0.20963	9.9100e+37	0.20130	1.7900e+308	1.7900e+308	0.20140	9.9100e+37	4.0000	0.0000	100.00	4.0000	100.00	10.000	0.0000	512.00										
