39
3.64763 -1.214995 30.0
3.651 -0.9256055 40.0
3.704515 -0.757005 50.0
3.677825 -0.5708185 60.0
3.663315 -0.4691455 75.0
3.720435 -0.322451 100.0
3.65207 -0.294509 120.0
3.66503 -0.17787 150.0
3.647745 -0.1222475 200.0
3.619455 -0.0551073 250.0
3.656275 -0.03668005 300.0
3.635255 0.0325387 400.0
3.63969 0.0767322 500.0
3.63699 0.113113 600.0
3.64551 0.1730205 750.0
3.650385 0.2481655 1000.0
3.639595 0.3164325 1200.0
3.63577 0.407941 1500.0
3.63354 0.55982 2000.0
3.6313 0.7061135 2500.0
3.62808 0.848433 3000.0
3.61771 1.13221 4000.0
3.59084 1.416155 5000.0
3.569405 1.70705 6000.0
3.53643 2.12997 7500.0
3.470275 2.818355 10000.0
3.39508 3.37142 12000.0
3.25106 4.17631 15000.0
2.95052 5.523795 20000.0
2.626325 6.848645 25000.0
2.213945 8.116445 30000.0
1.18756 10.54495 40000.0
-0.0547441 12.82115 50000.0
-1.43898 14.8635 60000.0
-3.772765 17.5166 75000.0
-8.06181 20.8986 100000.0
-11.57475 22.7327 120000.0
-16.7495 24.2615 150000.0
-15.0041 24.9101 200000.0
