Tiempo (min)	T (K) 	I pulso(mA)	Vinst 1 (V)	Iinst 1 (mA)	Rinst 1(Ohm)	Rrem 1 (Ohm)	Ibias 1 (mA)	Vbias 1 (V)	Vinst 2 (V)	Iinst 2 (mA)	Rinst 2(Ohm)	Rrem 2 (Ohm)	Ibias 2 (mA)	Vbias 2 (V)	Ancho pulso (s)	Periodo (s)	Icc 1 (mA)	Vcc 1 (V)	Icc 2 (mA)	Vcc 2 (V)	2W 1?	N
1.051727E-2	1.501200E+2	-1.500000E+3	-1.499590E+0	-1.167060E+1	1.284930E+2	1.391786E+2	2.873000E-1	3.998600E-2	-3.901500E-2	-1.167060E+1	3.343016E+0	8.022973E+0	2.873000E-1	2.305000E-3	1.000000E-2	0.000000E+0	5.000000E+1	2.000000E+0	5.000000E+1	2.000000E+0	1.000000E+0	1.000000E+0
3.233518E-2	1.501200E+2	-1.450000E+3	-1.449689E+0	-1.131150E+1	1.281606E+2	1.344281E+2	2.999000E-1	4.031500E-2	-3.783500E-2	-1.131150E+1	3.344826E+0	6.758920E+0	2.999000E-1	2.027000E-3	1.000000E-2	0.000000E+0	5.000000E+1	2.000000E+0	5.000000E+1	2.000000E+0	1.000000E+0	2.000000E+0
5.485313E-2	1.501200E+2	-1.400000E+3	-1.399989E+0	-1.155320E+1	1.211776E+2	1.383212E+2	2.883000E-1	3.987800E-2	-3.900000E-2	-1.155320E+1	3.375688E+0	8.824142E+0	2.883000E-1	2.544000E-3	1.000000E-2	0.000000E+0	5.000000E+1	2.000000E+0	5.000000E+1	2.000000E+0	1.000000E+0	3.000000E+0
7.665439E-2	1.501200E+2	-1.350000E+3	-1.349825E+0	-1.056780E+1	1.277300E+2	1.480427E+2	2.667000E-1	3.948300E-2	-3.501300E-2	-1.056780E+1	3.313178E+0	6.809149E+0	2.667000E-1	1.816000E-3	1.000000E-2	0.000000E+0	5.000000E+1	2.000000E+0	5.000000E+1	2.000000E+0	1.000000E+0	4.000000E+0
9.920567E-2	1.501200E+2	-1.300000E+3	-1.300084E+0	-1.010620E+1	1.286422E+2	1.381727E+2	2.895000E-1	4.000100E-2	-3.332800E-2	-1.010620E+1	3.297778E+0	8.027634E+0	2.895000E-1	2.324000E-3	1.000000E-2	0.000000E+0	5.000000E+1	2.000000E+0	5.000000E+1	2.000000E+0	1.000000E+0	5.000000E+0
1.211069E-1	1.501200E+2	-1.250000E+3	-1.249881E+0	-9.607800E+0	1.300902E+2	1.375951E+2	2.944000E-1	4.050800E-2	-3.276900E-2	-9.607800E+0	3.410666E+0	7.306386E+0	2.944000E-1	2.151000E-3	1.000000E-2	0.000000E+0	5.000000E+1	2.000000E+0	5.000000E+1	2.000000E+0	1.000000E+0	6.000000E+0
1.437082E-1	1.501200E+2	-1.200000E+3	-1.200313E+0	-8.899300E+0	1.348772E+2	-9.312045E+3	-4.400000E-3	4.097300E-2	-2.963100E-2	-8.899300E+0	3.329588E+0	-2.204545E+2	-4.400000E-3	9.700000E-4	1.000000E-2	0.000000E+0	5.000000E+1	2.000000E+0	5.000000E+1	2.000000E+0	1.000000E+0	7.000000E+0
1.654761E-1	1.501200E+2	-1.150000E+3	-1.149912E+0	-2.600000E-2	4.422738E+4	2.688867E+4	1.500000E-3	4.033300E-2	1.074000E-3	-2.600000E-2	-4.130769E+1	6.180000E+2	1.500000E-3	9.270000E-4	1.000000E-2	0.000000E+0	5.000000E+1	2.000000E+0	5.000000E+1	2.000000E+0	1.000000E+0	8.000000E+0
1.880274E-1	1.501200E+2	-1.100000E+3	-1.099832E+0	-4.240000E-2	2.593943E+4	-2.905182E+3	-1.370000E-2	3.980100E-2	1.017000E-3	-4.240000E-2	-2.398585E+1	-1.195620E+2	-1.370000E-2	1.638000E-3	1.000000E-2	0.000000E+0	5.000000E+1	2.000000E+0	5.000000E+1	2.000000E+0	1.000000E+0	9.000000E+0
2.098787E-1	1.501200E+2	-1.050000E+3	-1.049736E+0	-1.630000E-2	6.440098E+4	-3.335785E+3	-1.210000E-2	4.036300E-2	1.533000E-3	-1.630000E-2	-9.404908E+1	-5.140496E+1	-1.210000E-2	6.220000E-4	1.000000E-2	0.000000E+0	5.000000E+1	2.000000E+0	5.000000E+1	2.000000E+0	1.000000E+0	1.000000E+1
2.324300E-1	1.501200E+2	-1.000000E+3	-9.993180E-1	-2.630000E-2	3.799688E+4	-3.118047E+3	-1.280000E-2	3.991100E-2	1.722000E-3	-2.630000E-2	-6.547529E+1	-1.085937E+2	-1.280000E-2	1.390000E-3	1.000000E-2	0.000000E+0	5.000000E+1	2.000000E+0	5.000000E+1	2.000000E+0	1.000000E+0	1.100000E+1
2.540645E-1	1.501200E+2	-9.500000E+2	-9.501230E-1	-4.140000E-2	2.294983E+4	-1.343067E+5	-3.000000E-4	4.029200E-2	6.950000E-4	-4.140000E-2	-1.678744E+1	-3.976667E+3	-3.000000E-4	1.193000E-3	1.000000E-2	0.000000E+0	5.000000E+1	2.000000E+0	5.000000E+1	2.000000E+0	1.000000E+0	1.200000E+1
2.765658E-1	1.501200E+2	-9.000000E+2	-9.001980E-1	-7.700000E-3	1.169088E+5	-1.272290E+4	-3.100000E-3	3.944100E-2	9.140000E-4	-7.700000E-3	-1.187013E+2	-1.729032E+2	-3.100000E-3	5.360000E-4	1.000000E-2	0.000000E+0	5.000000E+1	2.000000E+0	5.000000E+1	2.000000E+0	1.000000E+0	1.300000E+1
2.983004E-1	1.501200E+2	-8.500000E+2	-8.494310E-1	-3.580000E-2	2.372712E+4	-2.326488E+3	-1.680000E-2	3.908500E-2	1.258000E-3	-3.580000E-2	-3.513966E+1	-3.976190E+1	-1.680000E-2	6.680000E-4	1.000000E-2	0.000000E+0	5.000000E+1	2.000000E+0	5.000000E+1	2.000000E+0	1.000000E+0	1.400000E+1
3.208350E-1	1.501200E+2	-8.000000E+2	-8.004170E-1	-1.810000E-2	4.422193E+4	-4.302796E+3	-9.300000E-3	4.001600E-2	1.107000E-3	-1.810000E-2	-6.116022E+1	-1.026882E+2	-9.300000E-3	9.550000E-4	1.000000E-2	0.000000E+0	5.000000E+1	2.000000E+0	5.000000E+1	2.000000E+0	1.000000E+0	1.500000E+1
3.425529E-1	1.501200E+2	-7.500000E+2	-7.500070E-1	-1.990000E-2	3.768879E+4	-7.161091E+3	-5.500000E-3	3.938600E-2	1.012000E-3	-1.990000E-2	-5.085427E+1	-1.534545E+2	-5.500000E-3	8.440000E-4	1.000000E-2	0.000000E+0	5.000000E+1	2.000000E+0	5.000000E+1	2.000000E+0	1.000000E+0	1.600000E+1
3.649875E-1	1.501200E+2	-7.000000E+2	-6.993840E-1	-2.200000E-2	3.179018E+4	-2.906449E+3	-1.380000E-2	4.010900E-2	6.530000E-4	-2.200000E-2	-2.968182E+1	-7.144928E+1	-1.380000E-2	9.860000E-4	1.000000E-2	0.000000E+0	5.000000E+1	2.000000E+0	5.000000E+1	2.000000E+0	1.000000E+0	1.700000E+1
3.867221E-1	1.501200E+2	-6.500000E+2	-6.506580E-1	-2.230000E-2	2.917749E+4	-5.391216E+3	-7.400000E-3	3.989500E-2	8.750000E-4	-2.230000E-2	-3.923767E+1	-1.401351E+2	-7.400000E-3	1.037000E-3	1.000000E-2	0.000000E+0	5.000000E+1	2.000000E+0	5.000000E+1	2.000000E+0	1.000000E+0	1.800000E+1
4.091901E-1	1.501200E+2	-6.000000E+2	-5.998740E-1	-1.840000E-2	3.260185E+4	8.085200E+4	5.000000E-4	4.042600E-2	1.297000E-3	-1.840000E-2	-7.048913E+1	2.862000E+3	5.000000E-4	1.431000E-3	1.000000E-2	0.000000E+0	5.000000E+1	2.000000E+0	5.000000E+1	2.000000E+0	1.000000E+0	1.900000E+1
4.309080E-1	1.501200E+2	-5.500000E+2	-5.494840E-1	-8.700000E-3	6.315908E+4	-1.327233E+3	-3.000000E-2	3.981700E-2	1.206000E-3	-8.700000E-3	-1.386207E+2	-5.890000E+1	-3.000000E-2	1.767000E-3	1.000000E-2	0.000000E+0	5.000000E+1	2.000000E+0	5.000000E+1	2.000000E+0	1.000000E+0	2.000000E+1
4.533926E-1	1.501200E+2	-5.000000E+2	-5.006440E-1	-2.800000E-2	1.788014E+4	-1.718000E+3	-2.300000E-2	3.951400E-2	8.600000E-4	-2.800000E-2	-3.071429E+1	-6.578261E+1	-2.300000E-2	1.513000E-3	1.000000E-2	0.000000E+0	5.000000E+1	2.000000E+0	5.000000E+1	2.000000E+0	1.000000E+0	2.100000E+1
4.750438E-1	1.501200E+2	-4.500000E+2	-4.499960E-1	-2.620000E-2	1.717542E+4	-2.596711E+3	-1.520000E-2	3.947000E-2	1.357000E-3	-2.620000E-2	-5.179389E+1	-7.782895E+1	-1.520000E-2	1.183000E-3	1.000000E-2	0.000000E+0	5.000000E+1	2.000000E+0	5.000000E+1	2.000000E+0	1.000000E+0	2.200000E+1
4.974951E-1	1.501200E+2	-4.000000E+2	-3.995230E-1	-1.140000E-2	3.504588E+4	-4.160729E+3	-9.600000E-3	3.994300E-2	9.640000E-4	-1.140000E-2	-8.456140E+1	-7.635417E+1	-9.600000E-3	7.330000E-4	1.000000E-2	0.000000E+0	5.000000E+1	2.000000E+0	5.000000E+1	2.000000E+0	1.000000E+0	2.300000E+1
5.191797E-1	1.501200E+2	-3.500000E+2	-3.500370E-1	-1.370000E-2	2.555015E+4	-2.725442E+3	-1.470000E-2	4.006400E-2	9.580000E-4	-1.370000E-2	-6.992701E+1	-5.217687E+1	-1.470000E-2	7.670000E-4	1.000000E-2	0.000000E+0	5.000000E+1	2.000000E+0	5.000000E+1	2.000000E+0	1.000000E+0	2.400000E+1
5.417643E-1	1.501200E+2	-3.000000E+2	-3.006730E-1	-6.700000E-3	4.487657E+4	-3.804231E+3	-1.040000E-2	3.956400E-2	1.588000E-3	-6.700000E-3	-2.370149E+2	-1.023077E+2	-1.040000E-2	1.064000E-3	1.000000E-2	0.000000E+0	5.000000E+1	2.000000E+0	5.000000E+1	2.000000E+0	1.000000E+0	2.500000E+1
5.635989E-1	1.501200E+2	-2.500000E+2	-2.501540E-1	-2.490000E-2	1.004635E+4	-2.783724E+3	-1.450000E-2	4.036400E-2	1.164000E-3	-2.490000E-2	-4.674699E+1	-9.393103E+1	-1.450000E-2	1.362000E-3	1.000000E-2	0.000000E+0	5.000000E+1	2.000000E+0	5.000000E+1	2.000000E+0	1.000000E+0	2.600000E+1
5.853835E-1	1.501200E+2	-2.000000E+2	-1.997080E-1	-6.700000E-3	2.980716E+4	-5.026049E+3	-8.100000E-3	4.071100E-2	1.480000E-3	-6.700000E-3	-2.208955E+2	-1.761728E+2	-8.100000E-3	1.427000E-3	1.000000E-2	0.000000E+0	5.000000E+1	2.000000E+0	5.000000E+1	2.000000E+0	1.000000E+0	2.700000E+1
6.071681E-1	1.501200E+2	-1.500000E+2	-1.498890E-1	-1.130000E-2	1.326451E+4	-5.172857E+3	-7.700000E-3	3.983100E-2	6.620000E-4	-1.130000E-2	-5.858407E+1	-1.622078E+2	-7.700000E-3	1.249000E-3	1.000000E-2	0.000000E+0	5.000000E+1	2.000000E+0	5.000000E+1	2.000000E+0	1.000000E+0	2.800000E+1
6.288860E-1	1.501200E+2	-1.004950E+2	-1.006500E-1	-2.260000E-2	4.453540E+3	-2.074439E+3	-1.960000E-2	4.065900E-2	1.546000E-3	-2.260000E-2	-6.840708E+1	-3.974490E+1	-1.960000E-2	7.790000E-4	1.000000E-2	0.000000E+0	5.000000E+1	2.000000E+0	5.000000E+1	2.000000E+0	1.000000E+0	2.900000E+1
6.513039E-1	1.501200E+2	-5.099502E+1	-5.030300E-2	-1.380000E-2	3.645145E+3	-1.850411E+3	-2.190000E-2	4.052400E-2	8.540000E-4	-1.380000E-2	-6.188406E+1	-5.689498E+1	-2.190000E-2	1.246000E-3	1.000000E-2	0.000000E+0	5.000000E+1	2.000000E+0	5.000000E+1	2.000000E+0	1.000000E+0	3.000000E+1
6.727052E-1	1.501200E+2	-1.495000E+0	-1.371000E-3	-1.730000E-2	7.924855E+1	-2.924519E+3	-1.350000E-2	3.948100E-2	1.024000E-3	-1.730000E-2	-5.919075E+1	-8.207407E+1	-1.350000E-2	1.108000E-3	1.000000E-2	0.000000E+0	5.000000E+1	2.000000E+0	5.000000E+1	2.000000E+0	1.000000E+0	3.100000E+1
6.945564E-1	1.501200E+2	4.950002E+1	4.946300E-2	-2.710000E-2	-1.825203E+3	-2.280571E+3	-1.750000E-2	3.991000E-2	7.130000E-4	-2.710000E-2	-2.630996E+1	-8.474286E+1	-1.750000E-2	1.483000E-3	1.000000E-2	0.000000E+0	5.000000E+1	2.000000E+0	5.000000E+1	2.000000E+0	1.000000E+0	3.200000E+1
7.163243E-1	1.501200E+2	9.900005E+1	9.957000E-2	-3.320000E-2	-2.999096E+3	-1.238656E+4	-3.200000E-3	3.963700E-2	1.422000E-3	-3.320000E-2	-4.283133E+1	-1.428125E+2	-3.200000E-3	4.570000E-4	1.000000E-2	0.000000E+0	5.000000E+1	2.000000E+0	5.000000E+1	2.000000E+0	1.000000E+0	3.300000E+1
7.378589E-1	1.501200E+2	1.485001E+2	1.483260E-1	-2.200000E-2	-6.742091E+3	-1.687468E+3	-2.370000E-2	3.999300E-2	8.220000E-4	-2.200000E-2	-3.736364E+1	-4.270042E+1	-2.370000E-2	1.012000E-3	1.000000E-2	0.000000E+0	5.000000E+1	2.000000E+0	5.000000E+1	2.000000E+0	1.000000E+0	3.400000E+1
7.596101E-1	1.501200E+2	1.984951E+2	1.982850E-1	-1.570000E-2	-1.262962E+4	-1.192353E+4	-3.400000E-3	4.054000E-2	9.370000E-4	-1.570000E-2	-5.968153E+1	-3.605882E+2	-3.400000E-3	1.226000E-3	1.000000E-2	0.000000E+0	5.000000E+1	2.000000E+0	5.000000E+1	2.000000E+0	1.000000E+0	3.500000E+1
7.815114E-1	1.501200E+2	2.484951E+2	2.486650E-1	-2.360000E-2	-1.053665E+4	-2.638333E+3	-1.500000E-2	3.957500E-2	1.181000E-3	-2.360000E-2	-5.004237E+1	-6.313333E+1	-1.500000E-2	9.470000E-4	1.000000E-2	0.000000E+0	5.000000E+1	2.000000E+0	5.000000E+1	2.000000E+0	1.000000E+0	3.600000E+1
8.033793E-1	1.501200E+2	2.984951E+2	2.990020E-1	-1.080000E-2	-2.768537E+4	-2.220722E+3	-1.800000E-2	3.997300E-2	4.370000E-4	-1.080000E-2	-4.046296E+1	-5.072222E+1	-1.800000E-2	9.130000E-4	1.000000E-2	0.000000E+0	5.000000E+1	2.000000E+0	5.000000E+1	2.000000E+0	1.000000E+0	3.700000E+1
8.259139E-1	1.501200E+2	3.484951E+2	3.487040E-1	-1.170000E-2	-2.980376E+4	-2.610588E+3	-1.530000E-2	3.994200E-2	1.366000E-3	-1.170000E-2	-1.167521E+2	-7.627451E+1	-1.530000E-2	1.167000E-3	1.000000E-2	0.000000E+0	5.000000E+1	2.000000E+0	5.000000E+1	2.000000E+0	1.000000E+0	3.800000E+1
8.475652E-1	1.501200E+2	3.984951E+2	3.983190E-1	-2.280000E-2	-1.747013E+4	-7.041579E+3	-5.700000E-3	4.013700E-2	1.497000E-3	-2.280000E-2	-6.565789E+1	-2.352632E+2	-5.700000E-3	1.341000E-3	1.000000E-2	0.000000E+0	5.000000E+1	2.000000E+0	5.000000E+1	2.000000E+0	1.000000E+0	3.900000E+1
8.692664E-1	1.501200E+2	4.484951E+2	4.487700E-1	1.000000E-4	4.487700E+6	-3.423644E+3	-1.180000E-2	4.039900E-2	8.360000E-4	1.000000E-4	8.360000E+3	-1.214407E+2	-1.180000E-2	1.433000E-3	1.000000E-2	0.000000E+0	5.000000E+1	2.000000E+0	5.000000E+1	2.000000E+0	1.000000E+0	4.000000E+1
8.909843E-1	1.501200E+2	4.984951E+2	4.985120E-1	-8.700000E-3	-5.730023E+4	1.058132E+4	3.800000E-3	4.020900E-2	1.204000E-3	-8.700000E-3	-1.383908E+2	3.113158E+2	3.800000E-3	1.183000E-3	1.000000E-2	0.000000E+0	5.000000E+1	2.000000E+0	5.000000E+1	2.000000E+0	1.000000E+0	4.100000E+1
9.134856E-1	1.501200E+2	5.484951E+2	5.489960E-1	-5.800000E-3	-9.465448E+4	-2.697919E+3	-1.490000E-2	4.019900E-2	1.108000E-3	-5.800000E-3	-1.910345E+2	-6.214765E+1	-1.490000E-2	9.260000E-4	1.000000E-2	0.000000E+0	5.000000E+1	2.000000E+0	5.000000E+1	2.000000E+0	1.000000E+0	4.200000E+1
9.351535E-1	1.501200E+2	5.984951E+2	5.988660E-1	-1.290000E-2	-4.642372E+4	-1.764629E+3	-2.290000E-2	4.041000E-2	1.267000E-3	-1.290000E-2	-9.821705E+1	-6.882096E+1	-2.290000E-2	1.576000E-3	1.000000E-2	0.000000E+0	5.000000E+1	2.000000E+0	5.000000E+1	2.000000E+0	1.000000E+0	4.300000E+1
9.576881E-1	1.501200E+2	6.484951E+2	6.484610E-1	-3.000000E-4	-2.161537E+6	-5.925882E+3	-6.800000E-3	4.029600E-2	1.754000E-3	-3.000000E-4	-5.846667E+3	-1.673529E+2	-6.800000E-3	1.138000E-3	1.000000E-2	0.000000E+0	5.000000E+1	2.000000E+0	5.000000E+1	2.000000E+0	1.000000E+0	4.400000E+1
9.793727E-1	1.501200E+2	6.984951E+2	6.978430E-1	1.700000E-3	4.104959E+5	-2.228895E+3	-1.810000E-2	4.034300E-2	1.013000E-3	1.700000E-3	5.958824E+2	-5.906077E+1	-1.810000E-2	1.069000E-3	1.000000E-2	0.000000E+0	5.000000E+1	2.000000E+0	5.000000E+1	2.000000E+0	1.000000E+0	4.500000E+1
1.001841E+0	1.501200E+2	7.484951E+2	7.474630E-1	-9.500000E-3	-7.868032E+4	-2.555806E+3	-1.550000E-2	3.961500E-2	9.920000E-4	-9.500000E-3	-1.044211E+2	-6.580645E+1	-1.550000E-2	1.020000E-3	1.000000E-2	0.000000E+0	5.000000E+1	2.000000E+0	5.000000E+1	2.000000E+0	1.000000E+0	4.600000E+1
1.023525E+0	1.501200E+2	7.984951E+2	7.986310E-1	-7.100000E-3	-1.124832E+5	-3.279672E+3	-1.220000E-2	4.001200E-2	9.630000E-4	-7.100000E-3	-1.356338E+2	-7.196721E+1	-1.220000E-2	8.780000E-4	1.000000E-2	0.000000E+0	5.000000E+1	2.000000E+0	5.000000E+1	2.000000E+0	1.000000E+0	4.700000E+1
1.046110E+0	1.501200E+2	8.484951E+2	8.486340E-1	-1.170000E-2	-7.253282E+4	-1.796844E+3	-2.250000E-2	4.042900E-2	1.019000E-3	-1.170000E-2	-8.709402E+1	-6.844444E+1	-2.250000E-2	1.540000E-3	1.000000E-2	0.000000E+0	5.000000E+1	2.000000E+0	5.000000E+1	2.000000E+0	1.000000E+0	4.800000E+1
1.067844E+0	1.501200E+2	8.984951E+2	8.980300E-1	-2.000000E-4	-4.490150E+6	-1.283794E+3	-3.110000E-2	3.992600E-2	1.953000E-3	-2.000000E-4	-9.765000E+3	-3.311897E+1	-3.110000E-2	1.030000E-3	1.000000E-2	0.000000E+0	5.000000E+1	2.000000E+0	5.000000E+1	2.000000E+0	1.000000E+0	4.900000E+1
1.090346E+0	1.501200E+2	9.484951E+2	9.482350E-1	7.000000E-4	1.354621E+6	-2.907574E+3	-1.360000E-2	3.954300E-2	8.610000E-4	7.000000E-4	1.230000E+3	-5.661765E+1	-1.360000E-2	7.700000E-4	1.000000E-2	0.000000E+0	5.000000E+1	2.000000E+0	5.000000E+1	2.000000E+0	1.000000E+0	5.000000E+1
1.112014E+0	1.501200E+2	9.984951E+2	9.988430E-1	2.800000E-3	3.567296E+5	-9.299535E+3	-4.300000E-3	3.998800E-2	1.702000E-3	2.800000E-3	6.078571E+2	-1.627907E+2	-4.300000E-3	7.000000E-4	1.000000E-2	0.000000E+0	5.000000E+1	2.000000E+0	5.000000E+1	2.000000E+0	1.000000E+0	5.100000E+1
1.133715E+0	1.501200E+2	1.048495E+3	1.048659E+0	1.440000E-2	7.282354E+4	-1.563569E+3	-2.550000E-2	3.987100E-2	1.178000E-3	1.440000E-2	8.180556E+1	-4.356863E+1	-2.550000E-2	1.111000E-3	1.000000E-2	0.000000E+0	5.000000E+1	2.000000E+0	5.000000E+1	2.000000E+0	1.000000E+0	5.200000E+1
1.155433E+0	1.501200E+2	1.098495E+3	1.098288E+0	-9.700000E-3	-1.132256E+5	-2.845683E+3	-1.390000E-2	3.955500E-2	9.530000E-4	-9.700000E-3	-9.824742E+1	-6.769784E+1	-1.390000E-2	9.410000E-4	1.000000E-2	0.000000E+0	5.000000E+1	2.000000E+0	5.000000E+1	2.000000E+0	1.000000E+0	5.300000E+1
1.177917E+0	1.501200E+2	1.148495E+3	1.148845E+0	1.810000E-2	6.347210E+4	-1.017775E+4	-4.000000E-3	4.071100E-2	1.124000E-3	1.810000E-2	6.209945E+1	-3.397500E+2	-4.000000E-3	1.359000E-3	1.000000E-2	0.000000E+0	5.000000E+1	2.000000E+0	5.000000E+1	2.000000E+0	1.000000E+0	5.400000E+1
1.199569E+0	1.501200E+2	1.198495E+3	1.198125E+0	1.510000E-2	7.934603E+4	-7.232321E+3	-5.600000E-3	4.050100E-2	1.160000E-3	1.510000E-2	7.682119E+1	-2.762500E+2	-5.600000E-3	1.547000E-3	1.000000E-2	0.000000E+0	5.000000E+1	2.000000E+0	5.000000E+1	2.000000E+0	1.000000E+0	5.500000E+1
1.221370E+0	1.501200E+2	1.248495E+3	1.248258E+0	1.600000E-2	7.801613E+4	-2.005250E+4	-2.000000E-3	4.010500E-2	6.710000E-4	1.600000E-2	4.193750E+1	-7.065000E+2	-2.000000E-3	1.413000E-3	1.000000E-2	0.000000E+0	5.000000E+1	2.000000E+0	5.000000E+1	2.000000E+0	1.000000E+0	5.600000E+1
1.242904E+0	1.501200E+2	1.298495E+3	1.298709E+0	2.520000E-2	5.153607E+4	-2.903453E+3	-1.390000E-2	4.035800E-2	1.071000E-3	2.520000E-2	4.250000E+1	-7.517986E+1	-1.390000E-2	1.045000E-3	1.000000E-2	0.000000E+0	5.000000E+1	2.000000E+0	5.000000E+1	2.000000E+0	1.000000E+0	5.700000E+1
1.265472E+0	1.501200E+2	1.348495E+3	1.348807E+0	1.860000E-2	7.251651E+4	-2.010600E+3	-2.000000E-2	4.021200E-2	1.190000E-3	1.860000E-2	6.397849E+1	-7.530000E+1	-2.000000E-2	1.506000E-3	1.000000E-2	0.000000E+0	5.000000E+1	2.000000E+0	5.000000E+1	2.000000E+0	1.000000E+0	5.800000E+1
1.287274E+0	1.501200E+2	1.398495E+3	1.397932E+0	2.290000E-2	6.104507E+4	-2.097526E+3	-1.940000E-2	4.069200E-2	9.070000E-4	2.290000E-2	3.960699E+1	-6.278351E+1	-1.940000E-2	1.218000E-3	1.000000E-2	0.000000E+0	5.000000E+1	2.000000E+0	5.000000E+1	2.000000E+0	1.000000E+0	5.900000E+1
1.309925E+0	1.501200E+2	1.448495E+3	1.448339E+0	2.810000E-2	5.154231E+4	-3.371765E+3	-1.190000E-2	4.012400E-2	1.410000E-3	2.810000E-2	5.017794E+1	-1.148739E+2	-1.190000E-2	1.367000E-3	1.000000E-2	0.000000E+0	5.000000E+1	2.000000E+0	5.000000E+1	2.000000E+0	1.000000E+0	6.000000E+1
1.331843E+0	1.501200E+2	1.498495E+3	1.498950E+0	2.640000E-2	5.677841E+4	-7.385000E+3	-5.400000E-3	3.987900E-2	1.182000E-3	2.640000E-2	4.477273E+1	-2.496296E+2	-5.400000E-3	1.348000E-3	1.000000E-2	0.000000E+0	5.000000E+1	2.000000E+0	5.000000E+1	2.000000E+0	1.000000E+0	6.100000E+1
1.353361E+0	1.501200E+2	1.500000E+3	1.499931E+0	1.860000E-2	8.064145E+4	-2.370828E+3	-1.690000E-2	4.006700E-2	9.080000E-4	1.860000E-2	4.881720E+1	-8.461538E+1	-1.690000E-2	1.430000E-3	1.000000E-2	0.000000E+0	5.000000E+1	2.000000E+0	5.000000E+1	2.000000E+0	1.000000E+0	6.200000E+1
1.375079E+0	1.501200E+2	1.450000E+3	1.449765E+0	2.850000E-2	5.086895E+4	-2.898333E+3	-1.380000E-2	3.999700E-2	1.464000E-3	2.850000E-2	5.136842E+1	-6.775362E+1	-1.380000E-2	9.350000E-4	1.000000E-2	0.000000E+0	5.000000E+1	2.000000E+0	5.000000E+1	2.000000E+0	1.000000E+0	6.300000E+1
1.396747E+0	1.501200E+2	1.400000E+3	1.400372E+0	2.010000E-2	6.967025E+4	-1.745758E+3	-2.310000E-2	4.032700E-2	1.262000E-3	2.010000E-2	6.278607E+1	-6.593074E+1	-2.310000E-2	1.523000E-3	1.000000E-2	0.000000E+0	5.000000E+1	2.000000E+0	5.000000E+1	2.000000E+0	1.000000E+0	6.400000E+1
1.418531E+0	1.501200E+2	1.350000E+3	1.350022E+0	1.960000E-2	6.887867E+4	-3.653333E+3	-1.080000E-2	3.945600E-2	6.140000E-4	1.960000E-2	3.132653E+1	-1.307407E+2	-1.080000E-2	1.412000E-3	1.000000E-2	0.000000E+0	5.000000E+1	2.000000E+0	5.000000E+1	2.000000E+0	1.000000E+0	6.500000E+1
1.440299E+0	1.501200E+2	1.300000E+3	1.299162E+0	1.830000E-2	7.099246E+4	-1.669083E+3	-2.400000E-2	4.005800E-2	8.950000E-4	1.830000E-2	4.890710E+1	-5.429167E+1	-2.400000E-2	1.303000E-3	1.000000E-2	0.000000E+0	5.000000E+1	2.000000E+0	5.000000E+1	2.000000E+0	1.000000E+0	6.600000E+1
1.461817E+0	1.501200E+2	1.250000E+3	1.250152E+0	-5.200000E-3	-2.404138E+5	-3.889709E+3	-1.030000E-2	4.006400E-2	1.739000E-3	-5.200000E-3	-3.344231E+2	-7.951456E+1	-1.030000E-2	8.190000E-4	1.000000E-2	0.000000E+0	5.000000E+1	2.000000E+0	5.000000E+1	2.000000E+0	1.000000E+0	6.700000E+1
1.483485E+0	1.501200E+2	1.200000E+3	1.200240E+0	1.460000E-2	8.220822E+4	-4.489551E+3	-8.900000E-3	3.995700E-2	1.141000E-3	1.460000E-2	7.815068E+1	-1.812360E+2	-8.900000E-3	1.613000E-3	1.000000E-2	0.000000E+0	5.000000E+1	2.000000E+0	5.000000E+1	2.000000E+0	1.000000E+0	6.800000E+1
1.505119E+0	1.501200E+2	1.150000E+3	1.150068E+0	-1.900000E-3	-6.052989E+5	-1.585200E+4	-2.500000E-3	3.963000E-2	6.380000E-4	-1.900000E-3	-3.357895E+2	-7.612000E+2	-2.500000E-3	1.903000E-3	1.000000E-2	0.000000E+0	5.000000E+1	2.000000E+0	5.000000E+1	2.000000E+0	1.000000E+0	6.900000E+1
1.526821E+0	1.501200E+2	1.100000E+3	1.100224E+0	1.100000E-2	1.000204E+5	-3.711009E+3	-1.090000E-2	4.045000E-2	1.676000E-3	1.100000E-2	1.523636E+2	-1.165138E+2	-1.090000E-2	1.270000E-3	1.000000E-2	0.000000E+0	5.000000E+1	2.000000E+0	5.000000E+1	2.000000E+0	1.000000E+0	7.000000E+1
1.549305E+0	1.501200E+2	1.050000E+3	1.050156E+0	1.660000E-2	6.326241E+4	-2.258621E+3	-1.740000E-2	3.930000E-2	5.380000E-4	1.660000E-2	3.240964E+1	-6.775862E+1	-1.740000E-2	1.179000E-3	1.000000E-2	0.000000E+0	5.000000E+1	2.000000E+0	5.000000E+1	2.000000E+0	1.000000E+0	7.100000E+1
1.570957E+0	1.501200E+2	1.000000E+3	1.000558E+0	1.590000E-2	6.292818E+4	-1.715322E+3	-2.330000E-2	3.996700E-2	1.316000E-3	1.590000E-2	8.276730E+1	-6.686695E+1	-2.330000E-2	1.558000E-3	1.000000E-2	0.000000E+0	5.000000E+1	2.000000E+0	5.000000E+1	2.000000E+0	1.000000E+0	7.200000E+1
1.593374E+0	1.501200E+2	9.500000E+2	9.500230E-1	-4.400000E-3	-2.159143E+5	-2.105238E+3	-1.890000E-2	3.978900E-2	1.314000E-3	-4.400000E-3	-2.986364E+2	-3.640212E+1	-1.890000E-2	6.880000E-4	1.000000E-2	0.000000E+0	5.000000E+1	2.000000E+0	5.000000E+1	2.000000E+0	1.000000E+0	7.300000E+1
1.614909E+0	1.501200E+2	9.000000E+2	9.001160E-1	3.400000E-3	2.647400E+5	-3.274298E+3	-1.210000E-2	3.961900E-2	1.109000E-3	3.400000E-3	3.261765E+2	-8.644628E+1	-1.210000E-2	1.046000E-3	1.000000E-2	0.000000E+0	5.000000E+1	2.000000E+0	5.000000E+1	2.000000E+0	1.000000E+0	7.400000E+1
1.637460E+0	1.501200E+2	8.500000E+2	8.499200E-1	-1.650000E-2	-5.151030E+4	-1.444496E+3	-2.780000E-2	4.015700E-2	1.372000E-3	-1.650000E-2	-8.315152E+1	-3.338129E+1	-2.780000E-2	9.280000E-4	1.000000E-2	0.000000E+0	5.000000E+1	2.000000E+0	5.000000E+1	2.000000E+0	1.000000E+0	7.500000E+1
1.659145E+0	1.501200E+2	8.000000E+2	8.003690E-1	-1.650000E-2	-4.850721E+4	-1.907571E+4	-2.100000E-3	4.005900E-2	1.232000E-3	-1.650000E-2	-7.466667E+1	-6.538095E+2	-2.100000E-3	1.373000E-3	1.000000E-2	0.000000E+0	5.000000E+1	2.000000E+0	5.000000E+1	2.000000E+0	1.000000E+0	7.600000E+1
1.681646E+0	1.501200E+2	7.500000E+2	7.498660E-1	2.500000E-3	2.999464E+5	-6.498033E+3	-6.100000E-3	3.963800E-2	1.012000E-3	2.500000E-3	4.048000E+2	-9.475410E+1	-6.100000E-3	5.780000E-4	1.000000E-2	0.000000E+0	5.000000E+1	2.000000E+0	5.000000E+1	2.000000E+0	1.000000E+0	7.700000E+1
1.703447E+0	1.501200E+2	7.000000E+2	7.000010E-1	-1.040000E-2	-6.730779E+4	-2.603399E+3	-1.530000E-2	3.983200E-2	8.100000E-4	-1.040000E-2	-7.788462E+1	-6.196078E+1	-1.530000E-2	9.480000E-4	1.000000E-2	0.000000E+0	5.000000E+1	2.000000E+0	5.000000E+1	2.000000E+0	1.000000E+0	7.800000E+1
1.725399E+0	1.501200E+2	6.500000E+2	6.500880E-1	-1.150000E-2	-5.652939E+4	-2.533248E+3	-1.570000E-2	3.977200E-2	1.025000E-3	-1.150000E-2	-8.913043E+1	-4.407643E+1	-1.570000E-2	6.920000E-4	1.000000E-2	0.000000E+0	5.000000E+1	2.000000E+0	5.000000E+1	2.000000E+0	1.000000E+0	7.900000E+1
1.747183E+0	1.501200E+2	6.000000E+2	5.997760E-1	2.000000E-4	2.998880E+6	-7.086964E+3	-5.600000E-3	3.968700E-2	1.074000E-3	2.000000E-4	5.370000E+3	-2.030357E+2	-5.600000E-3	1.137000E-3	1.000000E-2	0.000000E+0	5.000000E+1	2.000000E+0	5.000000E+1	2.000000E+0	1.000000E+0	8.000000E+1
1.769601E+0	1.501200E+2	5.500000E+2	5.499440E-1	-8.400000E-3	-6.546952E+4	-4.638721E+3	-8.600000E-3	3.989300E-2	1.046000E-3	-8.400000E-3	-1.245238E+2	-1.240698E+2	-8.600000E-3	1.067000E-3	1.000000E-2	0.000000E+0	5.000000E+1	2.000000E+0	5.000000E+1	2.000000E+0	1.000000E+0	8.100000E+1
1.791369E+0	1.501200E+2	5.000000E+2	5.001400E-1	-2.300000E-2	-2.174522E+4	-1.594637E+3	-2.480000E-2	3.954700E-2	1.131000E-3	-2.300000E-2	-4.917391E+1	-6.774194E+1	-2.480000E-2	1.680000E-3	1.000000E-2	0.000000E+0	5.000000E+1	2.000000E+0	5.000000E+1	2.000000E+0	1.000000E+0	8.200000E+1
1.813504E+0	1.501200E+2	4.500000E+2	4.498700E-1	-2.500000E-2	-1.799480E+4	-1.456022E+3	-2.740000E-2	3.989500E-2	1.574000E-3	-2.500000E-2	-6.296000E+1	-4.748175E+1	-2.740000E-2	1.301000E-3	1.000000E-2	0.000000E+0	5.000000E+1	2.000000E+0	5.000000E+1	2.000000E+0	1.000000E+0	8.300000E+1
1.835088E+0	1.501200E+2	4.000000E+2	4.003970E-1	-1.640000E-2	-2.441445E+4	-2.466481E+3	-1.620000E-2	3.995700E-2	1.143000E-3	-1.640000E-2	-6.969512E+1	-4.660494E+1	-1.620000E-2	7.550000E-4	1.000000E-2	0.000000E+0	5.000000E+1	2.000000E+0	5.000000E+1	2.000000E+0	1.000000E+0	8.400000E+1
1.857723E+0	1.501200E+2	3.500000E+2	3.506320E-1	7.000000E-4	5.009029E+5	1.381207E+4	2.900000E-3	4.005500E-2	1.377000E-3	7.000000E-4	1.967143E+3	3.034483E+2	2.900000E-3	8.800000E-4	1.000000E-2	0.000000E+0	5.000000E+1	2.000000E+0	5.000000E+1	2.000000E+0	1.000000E+0	8.500000E+1
1.879491E+0	1.501200E+2	3.000000E+2	2.992100E-1	-1.420000E-2	-2.107113E+4	-1.673771E+3	-2.360000E-2	3.950100E-2	1.146000E-3	-1.420000E-2	-8.070423E+1	-4.652542E+1	-2.360000E-2	1.098000E-3	1.000000E-2	0.000000E+0	5.000000E+1	2.000000E+0	5.000000E+1	2.000000E+0	1.000000E+0	8.600000E+1
1.902009E+0	1.501200E+2	2.500000E+2	2.501140E-1	-1.150000E-2	-2.174904E+4	-3.352667E+3	-1.200000E-2	4.023200E-2	1.090000E-3	-1.150000E-2	-9.478261E+1	-1.020000E+2	-1.200000E-2	1.224000E-3	1.000000E-2	0.000000E+0	5.000000E+1	2.000000E+0	5.000000E+1	2.000000E+0	1.000000E+0	8.700000E+1
1.923593E+0	1.501200E+2	2.000000E+2	2.003760E-1	-5.000000E-3	-4.007520E+4	-4.972840E+3	-8.100000E-3	4.028000E-2	1.310000E-3	-5.000000E-3	-2.620000E+2	-1.159259E+2	-8.100000E-3	9.390000E-4	1.000000E-2	0.000000E+0	5.000000E+1	2.000000E+0	5.000000E+1	2.000000E+0	1.000000E+0	8.800000E+1
1.945378E+0	1.501200E+2	1.500000E+2	1.499430E-1	-6.600000E-3	-2.271864E+4	-4.178511E+3	-9.400000E-3	3.927800E-2	1.529000E-3	-6.600000E-3	-2.316667E+2	-1.522340E+2	-9.400000E-3	1.431000E-3	1.000000E-2	0.000000E+0	5.000000E+1	2.000000E+0	5.000000E+1	2.000000E+0	1.000000E+0	8.900000E+1
1.967029E+0	1.501200E+2	1.004950E+2	1.005620E-1	-1.270000E-2	-7.918268E+3	-1.607560E+4	-2.500000E-3	4.018900E-2	1.043000E-3	-1.270000E-2	-8.212598E+1	-4.132000E+2	-2.500000E-3	1.033000E-3	1.000000E-2	0.000000E+0	5.000000E+1	2.000000E+0	5.000000E+1	2.000000E+0	1.000000E+0	9.000000E+1
1.988747E+0	1.501200E+2	5.099502E+1	5.082700E-2	2.100000E-3	2.420333E+4	-3.355508E+3	-1.180000E-2	3.959500E-2	1.357000E-3	2.100000E-3	6.461905E+2	-9.788136E+1	-1.180000E-2	1.155000E-3	1.000000E-2	0.000000E+0	5.000000E+1	2.000000E+0	5.000000E+1	2.000000E+0	1.000000E+0	9.100000E+1
2.010448E+0	1.501200E+2	1.495000E+0	1.825000E-3	-1.000000E-2	-1.825000E+2	-2.502919E+3	-1.610000E-2	4.029700E-2	1.149000E-3	-1.000000E-2	-1.149000E+2	-7.354037E+1	-1.610000E-2	1.184000E-3	1.000000E-2	0.000000E+0	5.000000E+1	2.000000E+0	5.000000E+1	2.000000E+0	1.000000E+0	9.200000E+1
2.032950E+0	1.501200E+2	-4.950002E+1	-4.906700E-2	-2.500000E-2	1.962680E+3	-1.720730E+3	-2.330000E-2	4.009300E-2	1.021000E-3	-2.500000E-2	-4.084000E+1	-4.193133E+1	-2.330000E-2	9.770000E-4	1.000000E-2	0.000000E+0	5.000000E+1	2.000000E+0	5.000000E+1	2.000000E+0	1.000000E+0	9.300000E+1
2.054834E+0	1.501200E+2	-9.900005E+1	-9.892300E-2	-2.140000E-2	4.622570E+3	-2.512547E+3	-1.610000E-2	4.045200E-2	1.352000E-3	-2.140000E-2	-6.317757E+1	-6.217391E+1	-1.610000E-2	1.001000E-3	1.000000E-2	0.000000E+0	5.000000E+1	2.000000E+0	5.000000E+1	2.000000E+0	1.000000E+0	9.400000E+1
2.077402E+0	1.501200E+2	-1.485001E+2	-1.484220E-1	-4.600000E-3	3.226565E+4	-1.097694E+4	-3.600000E-3	3.951700E-2	1.186000E-3	-4.600000E-3	-2.578261E+2	-2.702778E+2	-3.600000E-3	9.730000E-4	1.000000E-2	0.000000E+0	5.000000E+1	2.000000E+0	5.000000E+1	2.000000E+0	1.000000E+0	9.500000E+1
2.099087E+0	1.501200E+2	-1.984951E+2	-1.986950E-1	-1.600000E-3	1.241844E+5	-1.632379E+3	-2.480000E-2	4.048300E-2	6.830000E-4	-1.600000E-3	-4.268750E+2	-5.842742E+1	-2.480000E-2	1.449000E-3	1.000000E-2	0.000000E+0	5.000000E+1	2.000000E+0	5.000000E+1	2.000000E+0	1.000000E+0	9.600000E+1
2.121521E+0	1.501200E+2	-2.484951E+2	-2.484250E-1	-1.910000E-2	1.300654E+4	-2.496335E+3	-1.610000E-2	4.019100E-2	9.510000E-4	-1.910000E-2	-4.979058E+1	-6.000000E+1	-1.610000E-2	9.660000E-4	1.000000E-2	0.000000E+0	5.000000E+1	2.000000E+0	5.000000E+1	2.000000E+0	1.000000E+0	9.700000E+1
2.143189E+0	1.501200E+2	-2.984951E+2	-2.978140E-1	-1.820000E-2	1.636341E+4	-1.370790E+3	-2.910000E-2	3.989000E-2	1.278000E-3	-1.820000E-2	-7.021978E+1	-4.831615E+1	-2.910000E-2	1.406000E-3	1.000000E-2	0.000000E+0	5.000000E+1	2.000000E+0	5.000000E+1	2.000000E+0	1.000000E+0	9.800000E+1
2.166024E+0	1.501200E+2	-3.484951E+2	-3.492090E-1	-1.990000E-2	1.754819E+4	-2.558903E+3	-1.550000E-2	3.966300E-2	1.325000E-3	-1.990000E-2	-6.658291E+1	-8.729032E+1	-1.550000E-2	1.353000E-3	1.000000E-2	0.000000E+0	5.000000E+1	2.000000E+0	5.000000E+1	2.000000E+0	1.000000E+0	9.900000E+1
2.187775E+0	1.501200E+2	-3.984951E+2	-3.982010E-1	-2.540000E-2	1.567720E+4	-2.353743E+3	-1.710000E-2	4.024900E-2	1.256000E-3	-2.540000E-2	-4.944882E+1	-7.725146E+1	-1.710000E-2	1.321000E-3	1.000000E-2	0.000000E+0	5.000000E+1	2.000000E+0	5.000000E+1	2.000000E+0	1.000000E+0	1.000000E+2
2.209610E+0	1.501200E+2	-4.484951E+2	-4.490590E-1	-9.600000E-3	4.677698E+4	-4.949625E+3	-8.000000E-3	3.959700E-2	1.216000E-3	-9.600000E-3	-1.266667E+2	-1.120000E+2	-8.000000E-3	8.960000E-4	1.000000E-2	0.000000E+0	5.000000E+1	2.000000E+0	5.000000E+1	2.000000E+0	1.000000E+0	1.010000E+2
2.231428E+0	1.501200E+2	-4.984951E+2	-4.984270E-1	-3.090000E-2	1.613032E+4	-2.188696E+3	-1.840000E-2	4.027200E-2	1.169000E-3	-3.090000E-2	-3.783172E+1	-3.472826E+1	-1.840000E-2	6.390000E-4	1.000000E-2	0.000000E+0	5.000000E+1	2.000000E+0	5.000000E+1	2.000000E+0	1.000000E+0	1.020000E+2
2.253229E+0	1.501200E+2	-5.484951E+2	-5.482830E-1	-2.240000E-2	2.447692E+4	-7.274727E+3	-5.500000E-3	4.001100E-2	1.375000E-3	-2.240000E-2	-6.138393E+1	-1.641818E+2	-5.500000E-3	9.030000E-4	1.000000E-2	0.000000E+0	5.000000E+1	2.000000E+0	5.000000E+1	2.000000E+0	1.000000E+0	1.030000E+2
2.276064E+0	1.501200E+2	-5.984951E+2	-5.984110E-1	-1.140000E-2	5.249219E+4	-3.048846E+3	-1.300000E-2	3.963500E-2	1.429000E-3	-1.140000E-2	-1.253509E+2	-9.715385E+1	-1.300000E-2	1.263000E-3	1.000000E-2	0.000000E+0	5.000000E+1	2.000000E+0	5.000000E+1	2.000000E+0	1.000000E+0	1.040000E+2
2.297631E+0	1.501200E+2	-6.484951E+2	-6.489510E-1	-2.470000E-2	2.627332E+4	-1.866930E+3	-2.150000E-2	4.013900E-2	1.500000E-3	-2.470000E-2	-6.072874E+1	-8.813953E+1	-2.150000E-2	1.895000E-3	1.000000E-2	0.000000E+0	5.000000E+1	2.000000E+0	5.000000E+1	2.000000E+0	1.000000E+0	1.050000E+2
2.319366E+0	1.501200E+2	-6.984951E+2	-6.985390E-1	-1.250000E-2	5.588312E+4	-1.960144E+3	-2.080000E-2	4.077100E-2	6.020000E-4	-1.250000E-2	-4.816000E+1	-6.557692E+1	-2.080000E-2	1.364000E-3	1.000000E-2	0.000000E+0	5.000000E+1	2.000000E+0	5.000000E+1	2.000000E+0	1.000000E+0	1.060000E+2
2.341117E+0	1.501200E+2	-7.484951E+2	-7.487090E-1	-3.320000E-2	2.255148E+4	-2.289429E+3	-1.750000E-2	4.006500E-2	1.254000E-3	-3.320000E-2	-3.777108E+1	-4.942857E+1	-1.750000E-2	8.650000E-4	1.000000E-2	0.000000E+0	5.000000E+1	2.000000E+0	5.000000E+1	2.000000E+0	1.000000E+0	1.070000E+2
2.363669E+0	1.501200E+2	-7.984951E+2	-7.982160E-1	-1.880000E-2	4.245830E+4	-1.777399E+3	-2.230000E-2	3.963600E-2	1.405000E-3	-1.880000E-2	-7.473404E+1	-2.224215E+1	-2.230000E-2	4.960000E-4	1.000000E-2	0.000000E+0	5.000000E+1	2.000000E+0	5.000000E+1	2.000000E+0	1.000000E+0	1.080000E+2
2.385020E+0	1.501200E+2	-8.484951E+2	-8.484560E-1	-1.420000E-2	5.975042E+4	-1.554314E+3	-2.550000E-2	3.963500E-2	1.166000E-3	-1.420000E-2	-8.211268E+1	-5.200000E+1	-2.550000E-2	1.326000E-3	1.000000E-2	0.000000E+0	5.000000E+1	2.000000E+0	5.000000E+1	2.000000E+0	1.000000E+0	1.090000E+2
2.407804E+0	1.501200E+2	-8.984951E+2	-8.986410E-1	-2.830000E-2	3.175410E+4	-2.202568E+3	-1.830000E-2	4.030700E-2	1.347000E-3	-2.830000E-2	-4.759717E+1	-1.004372E+2	-1.830000E-2	1.838000E-3	1.000000E-2	0.000000E+0	5.000000E+1	2.000000E+0	5.000000E+1	2.000000E+0	1.000000E+0	1.100000E+2
2.429222E+0	1.501200E+2	-9.484951E+2	-9.484740E-1	-3.300000E-2	2.874164E+4	-3.344959E+3	-1.210000E-2	4.047400E-2	1.318000E-3	-3.300000E-2	-3.993939E+1	-5.198347E+1	-1.210000E-2	6.290000E-4	1.000000E-2	0.000000E+0	5.000000E+1	2.000000E+0	5.000000E+1	2.000000E+0	1.000000E+0	1.110000E+2
2.451057E+0	1.501200E+2	-9.984951E+2	-9.989190E-1	-2.340000E-2	4.268885E+4	-1.629109E+3	-2.470000E-2	4.023900E-2	8.550000E-4	-2.340000E-2	-3.653846E+1	-4.336032E+1	-2.470000E-2	1.071000E-3	1.000000E-2	0.000000E+0	5.000000E+1	2.000000E+0	5.000000E+1	2.000000E+0	1.000000E+0	1.120000E+2
2.472825E+0	1.501200E+2	-1.048495E+3	-1.048515E+0	-3.080000E-2	3.404269E+4	-1.530543E+3	-2.580000E-2	3.948800E-2	1.427000E-3	-3.080000E-2	-4.633117E+1	-6.019380E+1	-2.580000E-2	1.553000E-3	1.000000E-2	0.000000E+0	5.000000E+1	2.000000E+0	5.000000E+1	2.000000E+0	1.000000E+0	1.130000E+2
2.494409E+0	1.501200E+2	-1.098495E+3	-1.098689E+0	-2.180000E-2	5.039858E+4	-1.701116E+3	-2.330000E-2	3.963600E-2	9.370000E-4	-2.180000E-2	-4.298165E+1	-1.755365E+1	-2.330000E-2	4.090000E-4	1.000000E-2	0.000000E+0	5.000000E+1	2.000000E+0	5.000000E+1	2.000000E+0	1.000000E+0	1.140000E+2
2.516244E+0	1.501200E+2	-1.148495E+3	-1.148123E+0	-4.420000E-2	2.597563E+4	-3.575766E+3	-1.110000E-2	3.969100E-2	1.398000E-3	-4.420000E-2	-3.162896E+1	-1.460360E+2	-1.110000E-2	1.621000E-3	1.000000E-2	0.000000E+0	5.000000E+1	2.000000E+0	5.000000E+1	2.000000E+0	1.000000E+0	1.150000E+2
2.538729E+0	1.501200E+2	-1.198495E+3	-1.198302E+0	-3.110000E-2	3.853061E+4	-3.410513E+3	-1.170000E-2	3.990300E-2	1.204000E-3	-3.110000E-2	-3.871383E+1	-8.555556E+1	-1.170000E-2	1.001000E-3	1.000000E-2	0.000000E+0	5.000000E+1	2.000000E+0	5.000000E+1	2.000000E+0	1.000000E+0	1.160000E+2
2.560480E+0	1.501200E+2	-1.248495E+3	-1.248398E+0	-5.110000E-2	2.443049E+4	-2.310000E+3	-1.720000E-2	3.973200E-2	6.810000E-4	-5.110000E-2	-1.332681E+1	-7.901163E+1	-1.720000E-2	1.359000E-3	1.000000E-2	0.000000E+0	5.000000E+1	2.000000E+0	5.000000E+1	2.000000E+0	1.000000E+0	1.170000E+2
2.582898E+0	1.501200E+2	-1.298495E+3	-1.298657E+0	-4.320000E-2	3.006150E+4	-1.791384E+3	-2.240000E-2	4.012700E-2	1.584000E-3	-4.320000E-2	-3.666667E+1	-8.236607E+1	-2.240000E-2	1.845000E-3	1.000000E-2	0.000000E+0	5.000000E+1	2.000000E+0	5.000000E+1	2.000000E+0	1.000000E+0	1.180000E+2
2.604716E+0	1.501200E+2	-1.348495E+3	-1.347899E+0	-3.580000E-2	3.765081E+4	-4.133125E+3	-9.600000E-3	3.967800E-2	1.476000E-3	-3.580000E-2	-4.122905E+1	-1.044792E+2	-9.600000E-3	1.003000E-3	1.000000E-2	0.000000E+0	5.000000E+1	2.000000E+0	5.000000E+1	2.000000E+0	1.000000E+0	1.190000E+2
2.627334E+0	1.501200E+2	-1.398495E+3	-1.398564E+0	-5.080000E-2	2.753079E+4	-2.771233E+3	-1.460000E-2	4.046000E-2	1.374000E-3	-5.080000E-2	-2.704724E+1	-7.458904E+1	-1.460000E-2	1.089000E-3	1.000000E-2	0.000000E+0	5.000000E+1	2.000000E+0	5.000000E+1	2.000000E+0	1.000000E+0	1.200000E+2
2.649118E+0	1.501200E+2	-1.448495E+3	-1.448703E+0	-3.930000E-2	3.686267E+4	-1.994100E+4	-2.000000E-3	3.988200E-2	9.370000E-4	-3.930000E-2	-2.384224E+1	-4.115000E+2	-2.000000E-3	8.230000E-4	1.000000E-2	0.000000E+0	5.000000E+1	2.000000E+0	5.000000E+1	2.000000E+0	1.000000E+0	1.210000E+2
2.671569E+0	1.501200E+2	-1.498495E+3	-1.498343E+0	-5.950000E-2	2.518224E+4	-1.801667E+3	-2.220000E-2	3.999700E-2	1.493000E-3	-5.950000E-2	-2.509244E+1	-5.265766E+1	-2.220000E-2	1.169000E-3	1.000000E-2	0.000000E+0	5.000000E+1	2.000000E+0	5.000000E+1	2.000000E+0	1.000000E+0	1.220000E+2
2.693254E+0	1.501200E+2	-1.500000E+3	-1.499762E+0	-5.260000E-2	2.851259E+4	-2.272571E+3	-1.750000E-2	3.977000E-2	8.260000E-4	-5.260000E-2	-1.570342E+1	-4.417143E+1	-1.750000E-2	7.730000E-4	1.000000E-2	0.000000E+0	5.000000E+1	2.000000E+0	5.000000E+1	2.000000E+0	1.000000E+0	1.230000E+2
2.715789E+0	1.501200E+2	-1.450000E+3	-1.450507E+0	-4.510000E-2	3.216202E+4	-3.374083E+3	-1.200000E-2	4.048900E-2	1.203000E-3	-4.510000E-2	-2.667406E+1	-1.364167E+2	-1.200000E-2	1.637000E-3	1.000000E-2	0.000000E+0	5.000000E+1	2.000000E+0	5.000000E+1	2.000000E+0	1.000000E+0	1.240000E+2
