Tiempo (min)	T (K) 	I pulso(mA)	Vinst 1 (V)	Iinst 1 (mA)	Rinst 1(Ohm)	Rrem 1 (Ohm)	Ibias 1 (mA)	Vbias 1 (V)	Vinst 2 (V)	Iinst 2 (mA)	Rinst 2(Ohm)	Rrem 2 (Ohm)	Ibias 2 (mA)	Vbias 2 (V)	Ancho pulso (s)	Periodo (s)	Icc 1 (mA)	Vcc 1 (V)	Icc 2 (mA)	Vcc 2 (V)	2W 1?	N
1.048394E-2	1.701600E+2	-1.500000E+3	-1.499805E+0	-4.979000E-1	3.012261E+3	-1.632358E+3	-2.460000E-2	4.015600E-2	-1.304000E-3	-4.979000E-1	2.619000E+0	-1.967480E+1	-2.460000E-2	4.840000E-4	1.000000E-2	0.000000E+0	5.000000E+1	2.000000E+0	5.000000E+1	2.000000E+0	1.000000E+0	1.000000E+0
3.268520E-2	1.701600E+2	-1.450000E+3	-1.450020E+0	-2.876000E-1	5.041794E+3	-2.108730E+3	-1.890000E-2	3.985500E-2	-2.040000E-4	-2.876000E-1	7.093185E-1	-3.428571E+1	-1.890000E-2	6.480000E-4	1.000000E-2	0.000000E+0	5.000000E+1	2.000000E+0	5.000000E+1	2.000000E+0	1.000000E+0	2.000000E+0
5.443645E-2	1.701600E+2	-1.400000E+3	-1.400020E+0	-2.498000E-1	5.604564E+3	-4.397556E+3	-9.000000E-3	3.957800E-2	6.800000E-5	-2.498000E-1	-2.722178E-1	-9.044444E+1	-9.000000E-3	8.140000E-4	1.000000E-2	0.000000E+0	5.000000E+1	2.000000E+0	5.000000E+1	2.000000E+0	1.000000E+0	3.000000E+0
7.640436E-2	1.701600E+2	-1.350000E+3	-1.350404E+0	-2.121000E-1	6.366827E+3	-2.271429E+3	-1.750000E-2	3.975000E-2	3.160000E-4	-2.121000E-1	-1.489863E+0	-5.017143E+1	-1.750000E-2	8.780000E-4	1.000000E-2	0.000000E+0	5.000000E+1	2.000000E+0	5.000000E+1	2.000000E+0	1.000000E+0	4.000000E+0
9.783892E-2	1.701600E+2	-1.300000E+3	-1.300123E+0	-1.817000E-1	7.155327E+3	-3.275285E+3	-1.230000E-2	4.028600E-2	4.880000E-4	-1.817000E-1	-2.685746E+0	-3.975610E+1	-1.230000E-2	4.890000E-4	1.000000E-2	0.000000E+0	5.000000E+1	2.000000E+0	5.000000E+1	2.000000E+0	1.000000E+0	5.000000E+0
1.199569E-1	1.701600E+2	-1.250000E+3	-1.249677E+0	-1.557000E-1	8.026185E+3	-1.483086E+3	-2.690000E-2	3.989500E-2	2.750000E-4	-1.557000E-1	-1.766217E+0	-1.475836E+1	-2.690000E-2	3.970000E-4	1.000000E-2	0.000000E+0	5.000000E+1	2.000000E+0	5.000000E+1	2.000000E+0	1.000000E+0	6.000000E+0
1.416581E-1	1.701600E+2	-1.200000E+3	-1.199943E+0	-1.525000E-1	7.868479E+3	-3.075923E+3	-1.300000E-2	3.998700E-2	1.700000E-5	-1.525000E-1	-1.114754E-1	-5.892308E+1	-1.300000E-2	7.660000E-4	1.000000E-2	0.000000E+0	5.000000E+1	2.000000E+0	5.000000E+1	2.000000E+0	1.000000E+0	7.000000E+0
1.636094E-1	1.701600E+2	-1.150000E+3	-1.149769E+0	-1.182000E-1	9.727318E+3	2.670200E+4	1.500000E-3	4.005300E-2	-3.420000E-4	-1.182000E-1	2.893401E+0	5.560000E+2	1.500000E-3	8.340000E-4	1.000000E-2	0.000000E+0	5.000000E+1	2.000000E+0	5.000000E+1	2.000000E+0	1.000000E+0	8.000000E+0
1.854439E-1	1.701600E+2	-1.100000E+3	-1.100239E+0	-1.138000E-1	9.668181E+3	-9.309302E+3	-4.300000E-3	4.003000E-2	6.410000E-4	-1.138000E-1	-5.632689E+0	-1.802326E+2	-4.300000E-3	7.750000E-4	1.000000E-2	0.000000E+0	5.000000E+1	2.000000E+0	5.000000E+1	2.000000E+0	1.000000E+0	9.000000E+0
2.079952E-1	1.701600E+2	-1.050000E+3	-1.050295E+0	-1.060000E-1	9.908443E+3	-2.374854E+3	-1.710000E-2	4.061000E-2	7.320000E-4	-1.060000E-1	-6.905660E+0	-4.684211E+1	-1.710000E-2	8.010000E-4	1.000000E-2	0.000000E+0	5.000000E+1	2.000000E+0	5.000000E+1	2.000000E+0	1.000000E+0	1.000000E+1
2.297465E-1	1.701600E+2	-1.000000E+3	-9.995410E-1	-8.510000E-2	1.174549E+4	-1.523846E+3	-2.600000E-2	3.962000E-2	4.820000E-4	-8.510000E-2	-5.663925E+0	-3.584615E+1	-2.600000E-2	9.320000E-4	1.000000E-2	0.000000E+0	5.000000E+1	2.000000E+0	5.000000E+1	2.000000E+0	1.000000E+0	1.100000E+1
2.521644E-1	1.701600E+2	-9.500000E+2	-9.503380E-1	-6.430000E-2	1.477975E+4	-7.611887E+3	-5.300000E-3	4.034300E-2	5.790000E-4	-6.430000E-2	-9.004666E+0	-5.830189E+1	-5.300000E-3	3.090000E-4	1.000000E-2	0.000000E+0	5.000000E+1	2.000000E+0	5.000000E+1	2.000000E+0	1.000000E+0	1.200000E+1
2.741323E-1	1.701600E+2	-9.000000E+2	-9.001050E-1	-7.600000E-2	1.184349E+4	-6.202969E+3	-6.400000E-3	3.969900E-2	8.620000E-4	-7.600000E-2	-1.134211E+1	-1.348437E+2	-6.400000E-3	8.630000E-4	1.000000E-2	0.000000E+0	5.000000E+1	2.000000E+0	5.000000E+1	2.000000E+0	1.000000E+0	1.300000E+1
2.966836E-1	1.701600E+2	-8.500000E+2	-8.503860E-1	-6.100000E-2	1.394075E+4	-1.879116E+3	-2.150000E-2	4.040100E-2	1.020000E-3	-6.100000E-2	-1.672131E+1	-1.925581E+1	-2.150000E-2	4.140000E-4	1.000000E-2	0.000000E+0	5.000000E+1	2.000000E+0	5.000000E+1	2.000000E+0	1.000000E+0	1.400000E+1
3.184849E-1	1.701600E+2	-8.000000E+2	-7.998500E-1	-4.060000E-2	1.970074E+4	-3.256210E+3	-1.240000E-2	4.037700E-2	7.060000E-4	-4.060000E-2	-1.738916E+1	-7.943548E+1	-1.240000E-2	9.850000E-4	1.000000E-2	0.000000E+0	5.000000E+1	2.000000E+0	5.000000E+1	2.000000E+0	1.000000E+0	1.500000E+1
3.410862E-1	1.701600E+2	-7.500000E+2	-7.499080E-1	-4.680000E-2	1.602368E+4	-1.613710E+3	-2.480000E-2	4.002000E-2	6.300000E-4	-4.680000E-2	-1.346154E+1	-3.072581E+1	-2.480000E-2	7.620000E-4	1.000000E-2	0.000000E+0	5.000000E+1	2.000000E+0	5.000000E+1	2.000000E+0	1.000000E+0	1.600000E+1
3.627541E-1	1.701600E+2	-7.000000E+2	-6.998900E-1	-4.220000E-2	1.658507E+4	-1.625766E+3	-2.480000E-2	4.031900E-2	5.870000E-4	-4.220000E-2	-1.390995E+1	-3.697581E+1	-2.480000E-2	9.170000E-4	1.000000E-2	0.000000E+0	5.000000E+1	2.000000E+0	5.000000E+1	2.000000E+0	1.000000E+0	1.700000E+1
3.852387E-1	1.701600E+2	-6.500000E+2	-6.505400E-1	-2.840000E-2	2.290634E+4	-2.490375E+4	-1.600000E-3	3.984600E-2	5.800000E-4	-2.840000E-2	-2.042254E+1	-7.756250E+2	-1.600000E-3	1.241000E-3	1.000000E-2	0.000000E+0	5.000000E+1	2.000000E+0	5.000000E+1	2.000000E+0	1.000000E+0	1.800000E+1
4.068733E-1	1.701600E+2	-6.000000E+2	-5.992530E-1	-2.530000E-2	2.368589E+4	-5.081026E+3	-7.800000E-3	3.963200E-2	7.260000E-4	-2.530000E-2	-2.869565E+1	-1.279487E+2	-7.800000E-3	9.980000E-4	1.000000E-2	0.000000E+0	5.000000E+1	2.000000E+0	5.000000E+1	2.000000E+0	1.000000E+0	1.900000E+1
4.293412E-1	1.701600E+2	-5.500000E+2	-5.500840E-1	-2.940000E-2	1.871034E+4	-2.085937E+3	-1.920000E-2	4.005000E-2	2.600000E-4	-2.940000E-2	-8.843537E+0	-7.203125E+1	-1.920000E-2	1.383000E-3	1.000000E-2	0.000000E+0	5.000000E+1	2.000000E+0	5.000000E+1	2.000000E+0	1.000000E+0	2.000000E+1
4.510258E-1	1.701600E+2	-5.000000E+2	-5.000210E-1	-3.050000E-2	1.639413E+4	-2.175027E+3	-1.830000E-2	3.980300E-2	1.138000E-3	-3.050000E-2	-3.731148E+1	-2.240437E+1	-1.830000E-2	4.100000E-4	1.000000E-2	0.000000E+0	5.000000E+1	2.000000E+0	5.000000E+1	2.000000E+0	1.000000E+0	2.100000E+1
4.734937E-1	1.701600E+2	-4.500000E+2	-4.491070E-1	-1.270000E-2	3.536276E+4	-9.404884E+3	-4.300000E-3	4.044100E-2	4.230000E-4	-1.270000E-2	-3.330709E+1	-2.139535E+2	-4.300000E-3	9.200000E-4	1.000000E-2	0.000000E+0	5.000000E+1	2.000000E+0	5.000000E+1	2.000000E+0	1.000000E+0	2.200000E+1
4.951783E-1	1.701600E+2	-4.000000E+2	-3.995020E-1	-1.020000E-2	3.916686E+4	-4.382667E+3	-9.000000E-3	3.944400E-2	4.130000E-4	-1.020000E-2	-4.049020E+1	-8.055556E+1	-9.000000E-3	7.250000E-4	1.000000E-2	0.000000E+0	5.000000E+1	2.000000E+0	5.000000E+1	2.000000E+0	1.000000E+0	2.300000E+1
5.176963E-1	1.701600E+2	-3.500000E+2	-3.497370E-1	-2.980000E-2	1.173614E+4	-3.064154E+3	-1.300000E-2	3.983400E-2	7.820000E-4	-2.980000E-2	-2.624161E+1	-8.207692E+1	-1.300000E-2	1.067000E-3	1.000000E-2	0.000000E+0	5.000000E+1	2.000000E+0	5.000000E+1	2.000000E+0	1.000000E+0	2.400000E+1
5.393475E-1	1.701600E+2	-3.000000E+2	-3.000500E-1	-2.090000E-2	1.435646E+4	-1.469219E+3	-2.690000E-2	3.952200E-2	6.950000E-4	-2.090000E-2	-3.325359E+1	-1.096654E+1	-2.690000E-2	2.950000E-4	1.000000E-2	0.000000E+0	5.000000E+1	2.000000E+0	5.000000E+1	2.000000E+0	1.000000E+0	2.500000E+1
5.618488E-1	1.701600E+2	-2.500000E+2	-2.499220E-1	-7.500000E-3	3.332293E+4	-5.703000E+4	-7.000000E-4	3.992100E-2	1.233000E-3	-7.500000E-3	-1.644000E+2	-4.914286E+2	-7.000000E-4	3.440000E-4	1.000000E-2	0.000000E+0	5.000000E+1	2.000000E+0	5.000000E+1	2.000000E+0	1.000000E+0	2.600000E+1
5.835000E-1	1.701600E+2	-2.000000E+2	-2.003970E-1	-1.130000E-2	1.773425E+4	-4.114021E+3	-9.700000E-3	3.990600E-2	1.404000E-3	-1.130000E-2	-1.242478E+2	-8.896907E+1	-9.700000E-3	8.630000E-4	1.000000E-2	0.000000E+0	5.000000E+1	2.000000E+0	5.000000E+1	2.000000E+0	1.000000E+0	2.700000E+1
6.059513E-1	1.701600E+2	-1.500000E+2	-1.497440E-1	-2.350000E-2	6.372085E+3	-2.046633E+3	-1.990000E-2	4.072800E-2	2.280000E-4	-2.350000E-2	-9.702128E+0	-4.437186E+1	-1.990000E-2	8.830000E-4	1.000000E-2	0.000000E+0	5.000000E+1	2.000000E+0	5.000000E+1	2.000000E+0	1.000000E+0	2.800000E+1
6.276859E-1	1.701600E+2	-1.004950E+2	-1.006350E-1	-1.740000E-2	5.783621E+3	-2.042564E+3	-1.950000E-2	3.983000E-2	5.920000E-4	-1.740000E-2	-3.402299E+1	-4.841026E+1	-1.950000E-2	9.440000E-4	1.000000E-2	0.000000E+0	5.000000E+1	2.000000E+0	5.000000E+1	2.000000E+0	1.000000E+0	2.900000E+1
6.501539E-1	1.701600E+2	-5.099502E+1	-5.099800E-2	-4.000000E-3	1.274950E+4	-5.981791E+3	-6.700000E-3	4.007800E-2	4.530000E-4	-4.000000E-3	-1.132500E+2	-1.671642E+1	-6.700000E-3	1.120000E-4	1.000000E-2	0.000000E+0	5.000000E+1	2.000000E+0	5.000000E+1	2.000000E+0	1.000000E+0	3.000000E+1
6.718218E-1	1.701600E+2	-1.495000E+0	-8.220000E-4	-7.700000E-3	1.067532E+2	-4.209053E+3	-9.500000E-3	3.998600E-2	6.020000E-4	-7.700000E-3	-7.818182E+1	-2.336842E+1	-9.500000E-3	2.220000E-4	1.000000E-2	0.000000E+0	5.000000E+1	2.000000E+0	5.000000E+1	2.000000E+0	1.000000E+0	3.100000E+1
6.943397E-1	1.701600E+2	4.950002E+1	4.990600E-2	-1.840000E-2	-2.712283E+3	-2.370833E+3	-1.680000E-2	3.983000E-2	6.290000E-4	-1.840000E-2	-3.418478E+1	-5.226190E+1	-1.680000E-2	8.780000E-4	1.000000E-2	0.000000E+0	5.000000E+1	2.000000E+0	5.000000E+1	2.000000E+0	1.000000E+0	3.200000E+1
7.160076E-1	1.701600E+2	9.900005E+1	9.914000E-2	-1.890000E-2	-5.245503E+3	-1.635820E+3	-2.440000E-2	3.991400E-2	1.115000E-3	-1.890000E-2	-5.899471E+1	-3.508197E+1	-2.440000E-2	8.560000E-4	1.000000E-2	0.000000E+0	5.000000E+1	2.000000E+0	5.000000E+1	2.000000E+0	1.000000E+0	3.300000E+1
7.384756E-1	1.701600E+2	1.485001E+2	1.485620E-1	-6.400000E-3	-2.321281E+4	-4.688353E+3	-8.500000E-3	3.985100E-2	1.370000E-4	-6.400000E-3	-2.140625E+1	-1.718824E+2	-8.500000E-3	1.461000E-3	1.000000E-2	0.000000E+0	5.000000E+1	2.000000E+0	5.000000E+1	2.000000E+0	1.000000E+0	3.400000E+1
7.604935E-1	1.701600E+2	1.984951E+2	1.990160E-1	-5.500000E-3	-3.618473E+4	-1.003275E+4	-4.000000E-3	4.013100E-2	5.050000E-4	-5.500000E-3	-9.181818E+1	-1.617500E+2	-4.000000E-3	6.470000E-4	1.000000E-2	0.000000E+0	5.000000E+1	2.000000E+0	5.000000E+1	2.000000E+0	1.000000E+0	3.500000E+1
7.821947E-1	1.701600E+2	2.484951E+2	2.486680E-1	-8.200000E-3	-3.032537E+4	-4.701882E+3	-8.500000E-3	3.996600E-2	5.370000E-4	-8.200000E-3	-6.548780E+1	-1.287059E+2	-8.500000E-3	1.094000E-3	1.000000E-2	0.000000E+0	5.000000E+1	2.000000E+0	5.000000E+1	2.000000E+0	1.000000E+0	3.600000E+1
8.039960E-1	1.701600E+2	2.984951E+2	2.981830E-1	-1.530000E-2	-1.948908E+4	-1.622419E+3	-2.480000E-2	4.023600E-2	1.042000E-3	-1.530000E-2	-6.810458E+1	-3.145161E+1	-2.480000E-2	7.800000E-4	1.000000E-2	0.000000E+0	5.000000E+1	2.000000E+0	5.000000E+1	2.000000E+0	1.000000E+0	3.700000E+1
8.258639E-1	1.701600E+2	3.484951E+2	3.480690E-1	-2.400000E-3	-1.450288E+5	-2.212402E+3	-1.790000E-2	3.960200E-2	6.500000E-4	-2.400000E-3	-2.708333E+2	-3.005587E+1	-1.790000E-2	5.380000E-4	1.000000E-2	0.000000E+0	5.000000E+1	2.000000E+0	5.000000E+1	2.000000E+0	1.000000E+0	3.800000E+1
8.479152E-1	1.701600E+2	3.984951E+2	3.985280E-1	-1.910000E-2	-2.086534E+4	-1.527462E+3	-2.640000E-2	4.032500E-2	9.730000E-4	-1.910000E-2	-5.094241E+1	-2.803030E+1	-2.640000E-2	7.400000E-4	1.000000E-2	0.000000E+0	5.000000E+1	2.000000E+0	5.000000E+1	2.000000E+0	1.000000E+0	3.900000E+1
8.694164E-1	1.701600E+2	4.484951E+2	4.490980E-1	-2.180000E-2	-2.060083E+4	-3.797048E+3	-1.050000E-2	3.986900E-2	8.410000E-4	-2.180000E-2	-3.857798E+1	-6.047619E+1	-1.050000E-2	6.350000E-4	1.000000E-2	0.000000E+0	5.000000E+1	2.000000E+0	5.000000E+1	2.000000E+0	1.000000E+0	4.000000E+1
8.912343E-1	1.701600E+2	4.984951E+2	4.989980E-1	-7.500000E-3	-6.653307E+4	-1.678613E+3	-2.380000E-2	3.995100E-2	6.820000E-4	-7.500000E-3	-9.093333E+1	-4.407563E+1	-2.380000E-2	1.049000E-3	1.000000E-2	0.000000E+0	5.000000E+1	2.000000E+0	5.000000E+1	2.000000E+0	1.000000E+0	4.100000E+1
9.130355E-1	1.701600E+2	5.484951E+2	5.487190E-1	-1.710000E-2	-3.208883E+4	-5.922388E+3	-6.700000E-3	3.968000E-2	1.127000E-3	-1.710000E-2	-6.590643E+1	-1.301493E+2	-6.700000E-3	8.720000E-4	1.000000E-2	0.000000E+0	5.000000E+1	2.000000E+0	5.000000E+1	2.000000E+0	1.000000E+0	4.200000E+1
9.347368E-1	1.701600E+2	5.984951E+2	5.982000E-1	-3.900000E-3	-1.533846E+5	-1.085054E+4	-3.700000E-3	4.014700E-2	6.260000E-4	-3.900000E-3	-1.605128E+2	-7.810811E+1	-3.700000E-3	2.890000E-4	1.000000E-2	0.000000E+0	5.000000E+1	2.000000E+0	5.000000E+1	2.000000E+0	1.000000E+0	4.300000E+1
9.565547E-1	1.701600E+2	6.484951E+2	6.484100E-1	1.220000E-2	5.314836E+4	-1.782423E+3	-2.270000E-2	4.046100E-2	7.980000E-4	1.220000E-2	6.540984E+1	-2.863436E+1	-2.270000E-2	6.500000E-4	1.000000E-2	0.000000E+0	5.000000E+1	2.000000E+0	5.000000E+1	2.000000E+0	1.000000E+0	4.400000E+1
9.791393E-1	1.701600E+2	6.984951E+2	6.981510E-1	9.200000E-3	7.588598E+4	-5.083750E+3	-8.000000E-3	4.067000E-2	1.058000E-3	9.200000E-3	1.150000E+2	-9.612500E+1	-8.000000E-3	7.690000E-4	1.000000E-2	0.000000E+0	5.000000E+1	2.000000E+0	5.000000E+1	2.000000E+0	1.000000E+0	4.500000E+1
1.000907E+0	1.701600E+2	7.484951E+2	7.482470E-1	9.200000E-3	8.133120E+4	-2.126203E+3	-1.870000E-2	3.976000E-2	6.720000E-4	9.200000E-3	7.304348E+1	-2.395722E+1	-1.870000E-2	4.480000E-4	1.000000E-2	0.000000E+0	5.000000E+1	2.000000E+0	5.000000E+1	2.000000E+0	1.000000E+0	4.600000E+1
1.023475E+0	1.701600E+2	7.984951E+2	7.988530E-1	2.060000E-2	3.877927E+4	-6.701833E+3	-6.000000E-3	4.021100E-2	3.000000E-4	2.060000E-2	1.456311E+1	-1.140000E+2	-6.000000E-3	6.840000E-4	1.000000E-2	0.000000E+0	5.000000E+1	2.000000E+0	5.000000E+1	2.000000E+0	1.000000E+0	4.700000E+1
1.045410E+0	1.701600E+2	8.484951E+2	8.486070E-1	4.030000E-2	2.105725E+4	-3.577321E+3	-1.120000E-2	4.006600E-2	7.900000E-4	4.030000E-2	1.960298E+1	-1.257143E+2	-1.120000E-2	1.408000E-3	1.000000E-2	0.000000E+0	5.000000E+1	2.000000E+0	5.000000E+1	2.000000E+0	1.000000E+0	4.800000E+1
1.067111E+0	1.701600E+2	8.984951E+2	8.986690E-1	3.800000E-2	2.364918E+4	-6.263437E+3	-6.400000E-3	4.008600E-2	9.700000E-4	3.800000E-2	2.552632E+1	-5.718750E+1	-6.400000E-3	3.660000E-4	1.000000E-2	0.000000E+0	5.000000E+1	2.000000E+0	5.000000E+1	2.000000E+0	1.000000E+0	4.900000E+1
1.088829E+0	1.701600E+2	9.484951E+2	9.488260E-1	6.220000E-2	1.525444E+4	-1.899434E+3	-2.120000E-2	4.026800E-2	6.970000E-4	6.220000E-2	1.120579E+1	-2.056604E+1	-2.120000E-2	4.360000E-4	1.000000E-2	0.000000E+0	5.000000E+1	2.000000E+0	5.000000E+1	2.000000E+0	1.000000E+0	5.000000E+1
1.110647E+0	1.701600E+2	9.984951E+2	9.985920E-1	6.070000E-2	1.645127E+4	-4.143750E+3	-9.600000E-3	3.978000E-2	1.309000E-3	6.070000E-2	2.156507E+1	-1.465625E+2	-9.600000E-3	1.407000E-3	1.000000E-2	0.000000E+0	5.000000E+1	2.000000E+0	5.000000E+1	2.000000E+0	1.000000E+0	5.100000E+1
1.132998E+0	1.701600E+2	1.048495E+3	1.048846E+0	8.850000E-2	1.185137E+4	-9.400000E+3	-4.200000E-3	3.948000E-2	1.489000E-3	8.850000E-2	1.682486E+1	-2.290476E+2	-4.200000E-3	9.620000E-4	1.000000E-2	0.000000E+0	5.000000E+1	2.000000E+0	5.000000E+1	2.000000E+0	1.000000E+0	5.200000E+1
1.154466E+0	1.701600E+2	1.098495E+3	1.097862E+0	1.069000E-1	1.026999E+4	-2.377083E+3	-1.680000E-2	3.993500E-2	9.270000E-4	1.069000E-1	8.671656E+0	-6.250000E+1	-1.680000E-2	1.050000E-3	1.000000E-2	0.000000E+0	5.000000E+1	2.000000E+0	5.000000E+1	2.000000E+0	1.000000E+0	5.300000E+1
1.176284E+0	1.701600E+2	1.148495E+3	1.147932E+0	1.089000E-1	1.054116E+4	-2.985833E+3	-1.320000E-2	3.941300E-2	1.182000E-3	1.089000E-1	1.085399E+1	-6.840909E+1	-1.320000E-2	9.030000E-4	1.000000E-2	0.000000E+0	5.000000E+1	2.000000E+0	5.000000E+1	2.000000E+0	1.000000E+0	5.400000E+1
1.198102E+0	1.701600E+2	1.198495E+3	1.198952E+0	1.311000E-1	9.145324E+3	-2.233051E+3	-1.770000E-2	3.952500E-2	1.376000E-3	1.311000E-1	1.049580E+1	-2.016949E+1	-1.770000E-2	3.570000E-4	1.000000E-2	0.000000E+0	5.000000E+1	2.000000E+0	5.000000E+1	2.000000E+0	1.000000E+0	5.500000E+1
1.219570E+0	1.701600E+2	1.248495E+3	1.248655E+0	1.637000E-1	7.627703E+3	-3.412542E+3	-1.180000E-2	4.026800E-2	1.430000E-3	1.637000E-1	8.735492E+0	-4.389831E+1	-1.180000E-2	5.180000E-4	1.000000E-2	0.000000E+0	5.000000E+1	2.000000E+0	5.000000E+1	2.000000E+0	1.000000E+0	5.600000E+1
1.241971E+0	1.701600E+2	1.298495E+3	1.298624E+0	1.871000E-1	6.940802E+3	-2.363631E+3	-1.680000E-2	3.970900E-2	7.600000E-4	1.871000E-1	4.061999E+0	-5.196429E+1	-1.680000E-2	8.730000E-4	1.000000E-2	0.000000E+0	5.000000E+1	2.000000E+0	5.000000E+1	2.000000E+0	1.000000E+0	5.700000E+1
1.263772E+0	1.701600E+2	1.348495E+3	1.347938E+0	2.041000E-1	6.604302E+3	-1.493657E+3	-2.680000E-2	4.003000E-2	1.635000E-3	2.041000E-1	8.010779E+0	-2.477612E+1	-2.680000E-2	6.640000E-4	1.000000E-2	0.000000E+0	5.000000E+1	2.000000E+0	5.000000E+1	2.000000E+0	1.000000E+0	5.800000E+1
1.285557E+0	1.701600E+2	1.398495E+3	1.398417E+0	2.382000E-1	5.870768E+3	-1.003075E+5	-4.000000E-4	4.012300E-2	1.873000E-3	2.382000E-1	7.863140E+0	-2.712500E+3	-4.000000E-4	1.085000E-3	1.000000E-2	0.000000E+0	5.000000E+1	2.000000E+0	5.000000E+1	2.000000E+0	1.000000E+0	5.900000E+1
1.307275E+0	1.701600E+2	1.448495E+3	1.448538E+0	2.707000E-1	5.351082E+3	-3.051061E+3	-1.320000E-2	4.027400E-2	1.764000E-3	2.707000E-1	6.516439E+0	-5.340909E+1	-1.320000E-2	7.050000E-4	1.000000E-2	0.000000E+0	5.000000E+1	2.000000E+0	5.000000E+1	2.000000E+0	1.000000E+0	6.000000E+1
1.330076E+0	1.701600E+2	1.498495E+3	1.499486E+0	2.009980E+1	7.460204E+1	8.244421E+1	4.840000E-1	3.990300E-2	6.766700E-2	2.009980E+1	3.366551E+0	4.834711E+0	4.840000E-1	2.340000E-3	1.000000E-2	0.000000E+0	5.000000E+1	2.000000E+0	5.000000E+1	2.000000E+0	1.000000E+0	6.100000E+1
1.351477E+0	1.701600E+2	1.500000E+3	1.500096E+0	2.104380E+1	7.128446E+1	8.118386E+1	4.857000E-1	3.943100E-2	7.097400E-2	2.104380E+1	3.372680E+0	4.251596E+0	4.857000E-1	2.065000E-3	1.000000E-2	0.000000E+0	5.000000E+1	2.000000E+0	5.000000E+1	2.000000E+0	1.000000E+0	6.200000E+1
1.373295E+0	1.701600E+2	1.450000E+3	1.449920E+0	2.016260E+1	7.191136E+1	8.386565E+1	4.734000E-1	3.970200E-2	6.753900E-2	2.016260E+1	3.349717E+0	4.904943E+0	4.734000E-1	2.322000E-3	1.000000E-2	0.000000E+0	5.000000E+1	2.000000E+0	5.000000E+1	2.000000E+0	1.000000E+0	6.300000E+1
1.394863E+0	1.701600E+2	1.400000E+3	1.400388E+0	1.931770E+1	7.249248E+1	8.244624E+1	4.836000E-1	3.987100E-2	6.454500E-2	1.931770E+1	3.341236E+0	5.167494E+0	4.836000E-1	2.499000E-3	1.000000E-2	0.000000E+0	5.000000E+1	2.000000E+0	5.000000E+1	2.000000E+0	1.000000E+0	6.400000E+1
1.416564E+0	1.701600E+2	1.350000E+3	1.349911E+0	1.866510E+1	7.232273E+1	8.474098E+1	4.710000E-1	3.991300E-2	6.257700E-2	1.866510E+1	3.352621E+0	4.074310E+0	4.710000E-1	1.919000E-3	1.000000E-2	0.000000E+0	5.000000E+1	2.000000E+0	5.000000E+1	2.000000E+0	1.000000E+0	6.500000E+1
1.438432E+0	1.701600E+2	1.300000E+3	1.300294E+0	1.776100E+1	7.321063E+1	8.172081E+1	4.864000E-1	3.974900E-2	5.998600E-2	1.776100E+1	3.377400E+0	4.763569E+0	4.864000E-1	2.317000E-3	1.000000E-2	0.000000E+0	5.000000E+1	2.000000E+0	5.000000E+1	2.000000E+0	1.000000E+0	6.600000E+1
1.461017E+0	1.701600E+2	1.250000E+3	1.250735E+0	1.691540E+1	7.394061E+1	8.534982E+1	4.731000E-1	4.037900E-2	5.755000E-2	1.691540E+1	3.402225E+0	4.552949E+0	4.731000E-1	2.154000E-3	1.000000E-2	0.000000E+0	5.000000E+1	2.000000E+0	5.000000E+1	2.000000E+0	1.000000E+0	6.700000E+1
1.482418E+0	1.701600E+2	1.200000E+3	1.199729E+0	1.626900E+1	7.374325E+1	8.207150E+1	4.895000E-1	4.017400E-2	5.385500E-2	1.626900E+1	3.310283E+0	3.654750E+0	4.895000E-1	1.789000E-3	1.000000E-2	0.000000E+0	5.000000E+1	2.000000E+0	5.000000E+1	2.000000E+0	1.000000E+0	6.800000E+1
1.504136E+0	1.701600E+2	1.150000E+3	1.149705E+0	1.515050E+1	7.588561E+1	9.553477E+1	4.170000E-1	3.983800E-2	4.996700E-2	1.515050E+1	3.298043E+0	4.438849E+0	4.170000E-1	1.851000E-3	1.000000E-2	0.000000E+0	5.000000E+1	2.000000E+0	5.000000E+1	2.000000E+0	1.000000E+0	6.900000E+1
1.525787E+0	1.701600E+2	1.100000E+3	1.100168E+0	1.404280E+1	7.834392E+1	-2.991259E+3	-1.350000E-2	4.038200E-2	4.734400E-2	1.404280E+1	3.371407E+0	-3.362963E+1	-1.350000E-2	4.540000E-4	1.000000E-2	0.000000E+0	5.000000E+1	2.000000E+0	5.000000E+1	2.000000E+0	1.000000E+0	7.000000E+1
1.547505E+0	1.701600E+2	1.050000E+3	1.049777E+0	1.450000E-2	7.239841E+4	-2.504063E+4	-1.600000E-3	4.006500E-2	8.280000E-4	1.450000E-2	5.710345E+1	-4.806250E+2	-1.600000E-3	7.690000E-4	1.000000E-2	0.000000E+0	5.000000E+1	2.000000E+0	5.000000E+1	2.000000E+0	1.000000E+0	7.100000E+1
1.569256E+0	1.701600E+2	1.000000E+3	9.998310E-1	1.400000E-2	7.141650E+4	-2.523526E+3	-1.560000E-2	3.936700E-2	1.337000E-3	1.400000E-2	9.550000E+1	-7.596154E+1	-1.560000E-2	1.185000E-3	1.000000E-2	0.000000E+0	5.000000E+1	2.000000E+0	5.000000E+1	2.000000E+0	1.000000E+0	7.200000E+1
1.590741E+0	1.701600E+2	9.500000E+2	9.502200E-1	1.790000E-2	5.308492E+4	-9.462857E+3	-4.200000E-3	3.974400E-2	4.430000E-4	1.790000E-2	2.474860E+1	-2.807143E+2	-4.200000E-3	1.179000E-3	1.000000E-2	0.000000E+0	5.000000E+1	2.000000E+0	5.000000E+1	2.000000E+0	1.000000E+0	7.300000E+1
1.612492E+0	1.701600E+2	9.000000E+2	8.995320E-1	8.700000E-3	1.033945E+5	-3.629818E+4	-1.100000E-3	3.992800E-2	1.448000E-3	8.700000E-3	1.664368E+2	-7.109091E+2	-1.100000E-3	7.820000E-4	1.000000E-2	0.000000E+0	5.000000E+1	2.000000E+0	5.000000E+1	2.000000E+0	1.000000E+0	7.400000E+1
1.634177E+0	1.701600E+2	8.500000E+2	8.493420E-1	8.200000E-3	1.035783E+5	-1.124750E+4	-3.600000E-3	4.049100E-2	1.240000E-3	8.200000E-3	1.512195E+2	-1.358333E+2	-3.600000E-3	4.890000E-4	1.000000E-2	0.000000E+0	5.000000E+1	2.000000E+0	5.000000E+1	2.000000E+0	1.000000E+0	7.500000E+1
1.655945E+0	1.701600E+2	8.000000E+2	7.998420E-1	-4.500000E-3	-1.777427E+5	-2.352959E+3	-1.690000E-2	3.976500E-2	1.152000E-3	-4.500000E-3	-2.560000E+2	-3.491124E+1	-1.690000E-2	5.900000E-4	1.000000E-2	0.000000E+0	5.000000E+1	2.000000E+0	5.000000E+1	2.000000E+0	1.000000E+0	7.600000E+1
1.678379E+0	1.701600E+2	7.500000E+2	7.499840E-1	3.600000E-3	2.083289E+5	-5.347568E+3	-7.400000E-3	3.957200E-2	4.680000E-4	3.600000E-3	1.300000E+2	-1.116216E+2	-7.400000E-3	8.260000E-4	1.000000E-2	0.000000E+0	5.000000E+1	2.000000E+0	5.000000E+1	2.000000E+0	1.000000E+0	7.700000E+1
1.699997E+0	1.701600E+2	7.000000E+2	7.000230E-1	-1.450000E-2	-4.827745E+4	2.864071E+4	1.400000E-3	4.009700E-2	7.940000E-4	-1.450000E-2	-5.475862E+1	6.092857E+2	1.400000E-3	8.530000E-4	1.000000E-2	0.000000E+0	5.000000E+1	2.000000E+0	5.000000E+1	2.000000E+0	1.000000E+0	7.800000E+1
1.722115E+0	1.701600E+2	6.500000E+2	6.499000E-1	-4.900000E-3	-1.326327E+5	-5.166104E+3	-7.700000E-3	3.977900E-2	7.650000E-4	-4.900000E-3	-1.561224E+2	-1.002597E+2	-7.700000E-3	7.720000E-4	1.000000E-2	0.000000E+0	5.000000E+1	2.000000E+0	5.000000E+1	2.000000E+0	1.000000E+0	7.900000E+1
1.743733E+0	1.701600E+2	6.000000E+2	6.002970E-1	5.000000E-4	1.200594E+6	-4.456333E+4	-9.000000E-4	4.010700E-2	2.590000E-4	5.000000E-4	5.180000E+2	-7.311111E+2	-9.000000E-4	6.580000E-4	1.000000E-2	0.000000E+0	5.000000E+1	2.000000E+0	5.000000E+1	2.000000E+0	1.000000E+0	8.000000E+1
1.766218E+0	1.701600E+2	5.500000E+2	5.503810E-1	-8.100000E-3	-6.794827E+4	-2.052462E+3	-1.950000E-2	4.002300E-2	5.600000E-4	-8.100000E-3	-6.913580E+1	-3.251282E+1	-1.950000E-2	6.340000E-4	1.000000E-2	0.000000E+0	5.000000E+1	2.000000E+0	5.000000E+1	2.000000E+0	1.000000E+0	8.100000E+1
1.787986E+0	1.701600E+2	5.000000E+2	4.997190E-1	-2.290000E-2	-2.182179E+4	-1.371483E+4	-2.900000E-3	3.977300E-2	4.800000E-4	-2.290000E-2	-2.096070E+1	-3.982759E+2	-2.900000E-3	1.155000E-3	1.000000E-2	0.000000E+0	5.000000E+1	2.000000E+0	5.000000E+1	2.000000E+0	1.000000E+0	8.200000E+1
1.810420E+0	1.701600E+2	4.500000E+2	4.497320E-1	-7.400000E-3	-6.077459E+4	-3.835534E+3	-1.030000E-2	3.950600E-2	9.820000E-4	-7.400000E-3	-1.327027E+2	-9.902913E+1	-1.030000E-2	1.020000E-3	1.000000E-2	0.000000E+0	5.000000E+1	2.000000E+0	5.000000E+1	2.000000E+0	1.000000E+0	8.300000E+1
1.832205E+0	1.701600E+2	4.000000E+2	3.997390E-1	-8.800000E-3	-4.542489E+4	-2.349588E+3	-1.700000E-2	3.994300E-2	5.120000E-4	-8.800000E-3	-5.818182E+1	-3.517647E+1	-1.700000E-2	5.980000E-4	1.000000E-2	0.000000E+0	5.000000E+1	2.000000E+0	5.000000E+1	2.000000E+0	1.000000E+0	8.400000E+1
1.854256E+0	1.701600E+2	3.500000E+2	3.502190E-1	-1.960000E-2	-1.786832E+4	-2.237667E+3	-1.800000E-2	4.027800E-2	7.470000E-4	-1.960000E-2	-3.811224E+1	-5.288889E+1	-1.800000E-2	9.520000E-4	1.000000E-2	0.000000E+0	5.000000E+1	2.000000E+0	5.000000E+1	2.000000E+0	1.000000E+0	8.500000E+1
1.875991E+0	1.701600E+2	3.000000E+2	3.003360E-1	-8.700000E-3	-3.452138E+4	-3.535965E+3	-1.140000E-2	4.031000E-2	1.113000E-3	-8.700000E-3	-1.279310E+2	-6.421053E+1	-1.140000E-2	7.320000E-4	1.000000E-2	0.000000E+0	5.000000E+1	2.000000E+0	5.000000E+1	2.000000E+0	1.000000E+0	8.600000E+1
1.898475E+0	1.701600E+2	2.500000E+2	2.498040E-1	-4.800000E-3	-5.204250E+4	-3.043712E+3	-1.320000E-2	4.017700E-2	1.050000E-4	-4.800000E-3	-2.187500E+1	-4.106061E+1	-1.320000E-2	5.420000E-4	1.000000E-2	0.000000E+0	5.000000E+1	2.000000E+0	5.000000E+1	2.000000E+0	1.000000E+0	8.700000E+1
1.920243E+0	1.701600E+2	2.000000E+2	1.997220E-1	-1.370000E-2	-1.457825E+4	-1.572745E+3	-2.550000E-2	4.010500E-2	-3.500000E-5	-1.370000E-2	2.554745E+0	-2.121569E+1	-2.550000E-2	5.410000E-4	1.000000E-2	0.000000E+0	5.000000E+1	2.000000E+0	5.000000E+1	2.000000E+0	1.000000E+0	8.800000E+1
1.942728E+0	1.701600E+2	1.500000E+2	1.501460E-1	-9.900000E-3	-1.516626E+4	-2.222944E+4	-1.800000E-3	4.001300E-2	4.520000E-4	-9.900000E-3	-4.565657E+1	-4.688889E+2	-1.800000E-3	8.440000E-4	1.000000E-2	0.000000E+0	5.000000E+1	2.000000E+0	5.000000E+1	2.000000E+0	1.000000E+0	8.900000E+1
1.964412E+0	1.701600E+2	1.004950E+2	1.005140E-1	-7.600000E-3	-1.322553E+4	-1.808818E+3	-2.200000E-2	3.979400E-2	6.520000E-4	-7.600000E-3	-8.578947E+1	-4.659091E+1	-2.200000E-2	1.025000E-3	1.000000E-2	0.000000E+0	5.000000E+1	2.000000E+0	5.000000E+1	2.000000E+0	1.000000E+0	9.000000E+1
1.986880E+0	1.701600E+2	5.099502E+1	5.120900E-2	-2.250000E-2	-2.275956E+3	-1.231788E+3	-3.300000E-2	4.064900E-2	9.990000E-4	-2.250000E-2	-4.440000E+1	-2.075758E+1	-3.300000E-2	6.850000E-4	1.000000E-2	0.000000E+0	5.000000E+1	2.000000E+0	5.000000E+1	2.000000E+0	1.000000E+0	9.100000E+1
2.008665E+0	1.701600E+2	1.495000E+0	2.091000E-3	-8.000000E-3	-2.613750E+2	-2.778403E+3	-1.440000E-2	4.000900E-2	1.406000E-3	-8.000000E-3	-1.757500E+2	-4.138889E+1	-1.440000E-2	5.960000E-4	1.000000E-2	0.000000E+0	5.000000E+1	2.000000E+0	5.000000E+1	2.000000E+0	1.000000E+0	9.200000E+1
2.031250E+0	1.701600E+2	-4.950002E+1	-4.958900E-2	-2.370000E-2	2.092363E+3	-2.211148E+3	-1.830000E-2	4.046400E-2	7.990000E-4	-2.370000E-2	-3.371308E+1	-1.202186E+1	-1.830000E-2	2.200000E-4	1.000000E-2	0.000000E+0	5.000000E+1	2.000000E+0	5.000000E+1	2.000000E+0	1.000000E+0	9.300000E+1
2.053184E+0	1.701600E+2	-9.900005E+1	-9.878500E-2	-1.960000E-2	5.040051E+3	-1.478593E+3	-2.700000E-2	3.992200E-2	4.060000E-4	-1.960000E-2	-2.071429E+1	-2.040741E+1	-2.700000E-2	5.510000E-4	1.000000E-2	0.000000E+0	5.000000E+1	2.000000E+0	5.000000E+1	2.000000E+0	1.000000E+0	9.400000E+1
2.075885E+0	1.701600E+2	-1.485001E+2	-1.485140E-1	-2.300000E-2	6.457130E+3	-9.990500E+3	-4.000000E-3	3.996200E-2	8.840000E-4	-2.300000E-2	-3.843478E+1	-2.000000E+2	-4.000000E-3	8.000000E-4	1.000000E-2	0.000000E+0	5.000000E+1	2.000000E+0	5.000000E+1	2.000000E+0	1.000000E+0	9.500000E+1
2.097687E+0	1.701600E+2	-1.984951E+2	-1.981830E-1	-1.450000E-2	1.366779E+4	-3.039398E+3	-1.330000E-2	4.042400E-2	5.780000E-4	-1.450000E-2	-3.986207E+1	-7.789474E+1	-1.330000E-2	1.036000E-3	1.000000E-2	0.000000E+0	5.000000E+1	2.000000E+0	5.000000E+1	2.000000E+0	1.000000E+0	9.600000E+1
2.120038E+0	1.701600E+2	-2.484951E+2	-2.481240E-1	-4.800000E-3	5.169250E+4	-3.803868E+3	-1.060000E-2	4.032100E-2	5.940000E-4	-4.800000E-3	-1.237500E+2	-6.424528E+1	-1.060000E-2	6.810000E-4	1.000000E-2	0.000000E+0	5.000000E+1	2.000000E+0	5.000000E+1	2.000000E+0	1.000000E+0	9.700000E+1
2.141689E+0	1.701600E+2	-2.984951E+2	-2.982560E-1	-7.300000E-3	4.085699E+4	-3.292951E+3	-1.220000E-2	4.017400E-2	1.073000E-3	-7.300000E-3	-1.469863E+2	-2.393443E+1	-1.220000E-2	2.920000E-4	1.000000E-2	0.000000E+0	5.000000E+1	2.000000E+0	5.000000E+1	2.000000E+0	1.000000E+0	9.800000E+1
2.163807E+0	1.701600E+2	-3.484951E+2	-3.483340E-1	-2.010000E-2	1.733005E+4	-2.053557E+3	-1.940000E-2	3.983900E-2	7.910000E-4	-2.010000E-2	-3.935323E+1	-4.819588E+1	-1.940000E-2	9.350000E-4	1.000000E-2	0.000000E+0	5.000000E+1	2.000000E+0	5.000000E+1	2.000000E+0	1.000000E+0	9.900000E+1
2.185475E+0	1.701600E+2	-3.984951E+2	-3.982550E-1	-2.060000E-2	1.933277E+4	-1.609636E+3	-2.470000E-2	3.975800E-2	6.470000E-4	-2.060000E-2	-3.140777E+1	-4.554656E+1	-2.470000E-2	1.125000E-3	1.000000E-2	0.000000E+0	5.000000E+1	2.000000E+0	5.000000E+1	2.000000E+0	1.000000E+0	1.000000E+2
2.208043E+0	1.701600E+2	-4.484951E+2	-4.481840E-1	-8.400000E-3	5.335524E+4	-2.816099E+3	-1.410000E-2	3.970700E-2	9.230000E-4	-8.400000E-3	-1.098810E+2	-3.290780E+1	-1.410000E-2	4.640000E-4	1.000000E-2	0.000000E+0	5.000000E+1	2.000000E+0	5.000000E+1	2.000000E+0	1.000000E+0	1.010000E+2
2.229928E+0	1.701600E+2	-4.984951E+2	-4.991260E-1	-1.010000E-2	4.941842E+4	-4.948395E+3	-8.100000E-3	4.008200E-2	6.160000E-4	-1.010000E-2	-6.099010E+1	-1.285185E+2	-8.100000E-3	1.041000E-3	1.000000E-2	0.000000E+0	5.000000E+1	2.000000E+0	5.000000E+1	2.000000E+0	1.000000E+0	1.020000E+2
2.251612E+0	1.701600E+2	-5.484951E+2	-5.484880E-1	-1.580000E-2	3.471443E+4	-4.097010E+3	-9.700000E-3	3.974100E-2	5.650000E-4	-1.580000E-2	-3.575949E+1	-1.228866E+2	-9.700000E-3	1.192000E-3	1.000000E-2	0.000000E+0	5.000000E+1	2.000000E+0	5.000000E+1	2.000000E+0	1.000000E+0	1.030000E+2
2.273263E+0	1.701600E+2	-5.984951E+2	-5.984900E-1	-2.260000E-2	2.648186E+4	-1.023897E+4	-3.900000E-3	3.993200E-2	8.370000E-4	-2.260000E-2	-3.703540E+1	-1.176923E+2	-3.900000E-3	4.590000E-4	1.000000E-2	0.000000E+0	5.000000E+1	2.000000E+0	5.000000E+1	2.000000E+0	1.000000E+0	1.040000E+2
2.295065E+0	1.701600E+2	-6.484951E+2	-6.484040E-1	-5.700000E-3	1.137551E+5	-1.533577E+3	-2.600000E-2	3.987300E-2	8.940000E-4	-5.700000E-3	-1.568421E+2	-3.850000E+1	-2.600000E-2	1.001000E-3	1.000000E-2	0.000000E+0	5.000000E+1	2.000000E+0	5.000000E+1	2.000000E+0	1.000000E+0	1.050000E+2
2.317083E+0	1.701600E+2	-6.984951E+2	-6.981840E-1	-2.920000E-2	2.391041E+4	-2.050660E+3	-1.970000E-2	4.039800E-2	1.028000E-3	-2.920000E-2	-3.520548E+1	-1.888325E+1	-1.970000E-2	3.720000E-4	1.000000E-2	0.000000E+0	5.000000E+1	2.000000E+0	5.000000E+1	2.000000E+0	1.000000E+0	1.060000E+2
2.338400E+0	1.701600E+2	-7.484951E+2	-7.482820E-1	-8.700000E-3	8.600943E+4	-2.137340E+3	-1.880000E-2	4.018200E-2	1.289000E-3	-8.700000E-3	-1.481609E+2	-6.079787E+1	-1.880000E-2	1.143000E-3	1.000000E-2	0.000000E+0	5.000000E+1	2.000000E+0	5.000000E+1	2.000000E+0	1.000000E+0	1.070000E+2
2.361118E+0	1.701600E+2	-7.984951E+2	-7.984120E-1	-1.680000E-2	4.752452E+4	-2.329766E+3	-1.710000E-2	3.983900E-2	4.180000E-4	-1.680000E-2	-2.488095E+1	-2.000000E+1	-1.710000E-2	3.420000E-4	1.000000E-2	0.000000E+0	5.000000E+1	2.000000E+0	5.000000E+1	2.000000E+0	1.000000E+0	1.080000E+2
2.382520E+0	1.701600E+2	-8.484951E+2	-8.475090E-1	-3.360000E-2	2.522348E+4	-2.847214E+4	-1.400000E-3	3.986100E-2	5.850000E-4	-3.360000E-2	-1.741071E+1	-6.035714E+2	-1.400000E-3	8.450000E-4	1.000000E-2	0.000000E+0	5.000000E+1	2.000000E+0	5.000000E+1	2.000000E+0	1.000000E+0	1.090000E+2
2.404288E+0	1.701600E+2	-8.984951E+2	-8.985610E-1	-2.200000E-2	4.084368E+4	-6.781864E+3	-5.900000E-3	4.001300E-2	4.870000E-4	-2.200000E-2	-2.213636E+1	-7.322034E+1	-5.900000E-3	4.320000E-4	1.000000E-2	0.000000E+0	5.000000E+1	2.000000E+0	5.000000E+1	2.000000E+0	1.000000E+0	1.100000E+2
2.425972E+0	1.701600E+2	-9.484951E+2	-9.488470E-1	-2.300000E-2	4.125422E+4	-3.808476E+3	-1.050000E-2	3.998900E-2	7.000000E-4	-2.300000E-2	-3.043478E+1	-7.304762E+1	-1.050000E-2	7.670000E-4	1.000000E-2	0.000000E+0	5.000000E+1	2.000000E+0	5.000000E+1	2.000000E+0	1.000000E+0	1.110000E+2
2.447707E+0	1.701600E+2	-9.984951E+2	-9.983450E-1	-3.180000E-2	3.139450E+4	-3.873689E+3	-1.030000E-2	3.989900E-2	4.420000E-4	-3.180000E-2	-1.389937E+1	-8.029126E+1	-1.030000E-2	8.270000E-4	1.000000E-2	0.000000E+0	5.000000E+1	2.000000E+0	5.000000E+1	2.000000E+0	1.000000E+0	1.120000E+2
2.469541E+0	1.701600E+2	-1.048495E+3	-1.048492E+0	-3.870000E-2	2.709282E+4	-1.295325E+3	-3.080000E-2	3.989600E-2	6.300000E-4	-3.870000E-2	-1.627907E+1	-2.704545E+1	-3.080000E-2	8.330000E-4	1.000000E-2	0.000000E+0	5.000000E+1	2.000000E+0	5.000000E+1	2.000000E+0	1.000000E+0	1.130000E+2
2.491026E+0	1.701600E+2	-1.098495E+3	-1.098886E+0	-4.240000E-2	2.591712E+4	-1.049500E+4	-3.800000E-3	3.988100E-2	3.480000E-4	-4.240000E-2	-8.207547E+0	-1.568421E+2	-3.800000E-3	5.960000E-4	1.000000E-2	0.000000E+0	5.000000E+1	2.000000E+0	5.000000E+1	2.000000E+0	1.000000E+0	1.140000E+2
2.512827E+0	1.701600E+2	-1.148495E+3	-1.148347E+0	-5.220000E-2	2.199898E+4	-2.211878E+3	-1.810000E-2	4.003500E-2	1.026000E-3	-5.220000E-2	-1.965517E+1	-5.994475E+1	-1.810000E-2	1.085000E-3	1.000000E-2	0.000000E+0	5.000000E+1	2.000000E+0	5.000000E+1	2.000000E+0	1.000000E+0	1.150000E+2
2.535312E+0	1.701600E+2	-1.198495E+3	-1.198804E+0	-4.600000E-2	2.606096E+4	-6.053385E+3	-6.500000E-3	3.934700E-2	3.400000E-4	-4.600000E-2	-7.391304E+0	-9.015385E+1	-6.500000E-3	5.860000E-4	1.000000E-2	0.000000E+0	5.000000E+1	2.000000E+0	5.000000E+1	2.000000E+0	1.000000E+0	1.160000E+2
2.557046E+0	1.701600E+2	-1.248495E+3	-1.248192E+0	-6.000000E-2	2.080320E+4	-3.331833E+4	-1.200000E-3	3.998200E-2	3.410000E-4	-6.000000E-2	-5.683333E+0	-5.866667E+2	-1.200000E-3	7.040000E-4	1.000000E-2	0.000000E+0	5.000000E+1	2.000000E+0	5.000000E+1	2.000000E+0	1.000000E+0	1.170000E+2
2.579514E+0	1.701600E+2	-1.298495E+3	-1.298980E+0	-7.180000E-2	1.809164E+4	-2.601667E+3	-1.560000E-2	4.058600E-2	5.350000E-4	-7.180000E-2	-7.451253E+0	-4.352564E+1	-1.560000E-2	6.790000E-4	1.000000E-2	0.000000E+0	5.000000E+1	2.000000E+0	5.000000E+1	2.000000E+0	1.000000E+0	1.180000E+2
2.601149E+0	1.701600E+2	-1.348495E+3	-1.348827E+0	-8.030000E-2	1.679735E+4	-2.007363E+3	-2.010000E-2	4.034800E-2	1.047000E-3	-8.030000E-2	-1.303861E+1	-4.641791E+1	-2.010000E-2	9.330000E-4	1.000000E-2	0.000000E+0	5.000000E+1	2.000000E+0	5.000000E+1	2.000000E+0	1.000000E+0	1.190000E+2
2.622867E+0	1.701600E+2	-1.398495E+3	-1.398435E+0	-8.850000E-2	1.580153E+4	-2.664902E+3	-1.530000E-2	4.077300E-2	7.610000E-4	-8.850000E-2	-8.598870E+0	-4.849673E+1	-1.530000E-2	7.420000E-4	1.000000E-2	0.000000E+0	5.000000E+1	2.000000E+0	5.000000E+1	2.000000E+0	1.000000E+0	1.200000E+2
2.644668E+0	1.701600E+2	-1.448495E+3	-1.449206E+0	-9.300000E-2	1.558286E+4	-4.194947E+3	-9.500000E-3	3.985200E-2	6.510000E-4	-9.300000E-2	-7.000000E+0	-2.621053E+1	-9.500000E-3	2.490000E-4	1.000000E-2	0.000000E+0	5.000000E+1	2.000000E+0	5.000000E+1	2.000000E+0	1.000000E+0	1.210000E+2
2.667169E+0	1.701600E+2	-1.498495E+3	-1.498489E+0	-1.075000E-1	1.393943E+4	-2.925662E+3	-1.360000E-2	3.978900E-2	3.610000E-4	-1.075000E-1	-3.358140E+0	-8.360294E+1	-1.360000E-2	1.137000E-3	1.000000E-2	0.000000E+0	5.000000E+1	2.000000E+0	5.000000E+1	2.000000E+0	1.000000E+0	1.220000E+2
2.688920E+0	1.701600E+2	-1.500000E+3	-1.499427E+0	-1.438580E+1	1.042297E+2	1.051112E+2	3.778000E-1	3.971100E-2	-4.720500E-2	-1.438580E+1	3.281361E+0	4.685019E+0	3.778000E-1	1.770000E-3	1.000000E-2	0.000000E+0	5.000000E+1	2.000000E+0	5.000000E+1	2.000000E+0	1.000000E+0	1.230000E+2
2.711405E+0	1.701600E+2	-1.450000E+3	-1.449872E+0	-1.371350E+1	1.057259E+2	1.090832E+2	3.643000E-1	3.973900E-2	-4.443200E-2	-1.371350E+1	3.240019E+0	5.742520E+0	3.643000E-1	2.092000E-3	1.000000E-2	0.000000E+0	5.000000E+1	2.000000E+0	5.000000E+1	2.000000E+0	1.000000E+0	1.240000E+2
