Tiempo (min)	T (K) 	I pulso(mA)	Vinst 1 (V)	Iinst 1 (mA)	Rinst 1(Ohm)	Rrem 1 (Ohm)	Ibias 1 (mA)	Vbias 1 (V)	Vinst 2 (V)	Iinst 2 (mA)	Rinst 2(Ohm)	Rrem 2 (Ohm)	Ibias 2 (mA)	Vbias 2 (V)	Ancho pulso (s)	Periodo (s)	Icc 1 (mA)	Vcc 1 (V)	Icc 2 (mA)	Vcc 2 (V)	2W 1?	N
1.045059E-2	1.902900E+2	-1.500000E+3	-1.499975E+0	-2.312710E+1	6.485789E+1	6.862039E+1	5.777000E-1	3.964200E-2	-6.982000E-2	-2.312710E+1	3.018969E+0	3.725117E+0	5.777000E-1	2.152000E-3	1.000000E-2	0.000000E+0	5.000000E+1	2.000000E+0	5.000000E+1	2.000000E+0	1.000000E+0	1.000000E+0
3.205183E-2	1.902900E+2	-1.450000E+3	-1.450259E+0	-2.183030E+1	6.643331E+1	7.021481E+1	5.726000E-1	4.020500E-2	-6.571500E-2	-2.183030E+1	3.010266E+0	3.035278E+0	5.726000E-1	1.738000E-3	1.000000E-2	0.000000E+0	5.000000E+1	2.000000E+0	5.000000E+1	2.000000E+0	1.000000E+0	2.000000E+0
5.441978E-2	1.902900E+2	-1.400000E+3	-1.400039E+0	-1.887720E+1	7.416561E+1	8.037985E+1	4.923000E-1	3.957100E-2	-5.608700E-2	-1.887720E+1	2.971150E+0	3.239894E+0	4.923000E-1	1.595000E-3	1.000000E-2	0.000000E+0	5.000000E+1	2.000000E+0	5.000000E+1	2.000000E+0	1.000000E+0	3.000000E+0
7.592101E-2	1.902900E+2	-1.350000E+3	-1.350344E+0	-1.520290E+1	8.882147E+1	1.016455E+2	3.944000E-1	4.008900E-2	-4.766200E-2	-1.520290E+1	3.135060E+0	4.401623E+0	3.944000E-1	1.736000E-3	1.000000E-2	0.000000E+0	5.000000E+1	2.000000E+0	5.000000E+1	2.000000E+0	1.000000E+0	4.000000E+0
9.738890E-2	1.902900E+2	-1.300000E+3	-1.299115E+0	-1.275200E+1	1.018754E+2	9.382684E+1	4.262000E-1	3.998900E-2	-3.820600E-2	-1.275200E+1	2.996079E+0	4.192867E+0	4.262000E-1	1.787000E-3	1.000000E-2	0.000000E+0	5.000000E+1	2.000000E+0	5.000000E+1	2.000000E+0	1.000000E+0	5.000000E+0
1.189068E-1	1.902900E+2	-1.250000E+3	-1.250061E+0	-1.063650E+1	1.175256E+2	9.700218E+1	4.123000E-1	3.999400E-2	-3.057500E-2	-1.063650E+1	2.874536E+0	4.780500E+0	4.123000E-1	1.971000E-3	1.000000E-2	0.000000E+0	5.000000E+1	2.000000E+0	5.000000E+1	2.000000E+0	1.000000E+0	6.000000E+0
1.403414E-1	1.902900E+2	-1.200000E+3	-1.198877E+0	-1.063910E+1	1.126859E+2	8.482291E+1	4.715000E-1	3.999400E-2	-3.145400E-2	-1.063910E+1	2.956453E+0	3.395546E+0	4.715000E-1	1.601000E-3	1.000000E-2	0.000000E+0	5.000000E+1	2.000000E+0	5.000000E+1	2.000000E+0	1.000000E+0	7.000000E+0
1.618426E-1	1.902900E+2	-1.150000E+3	-1.149655E+0	-1.553510E+1	7.400371E+1	7.028983E+1	5.693000E-1	4.001600E-2	-4.665500E-2	-1.553510E+1	3.003199E+0	3.065168E+0	5.693000E-1	1.745000E-3	1.000000E-2	0.000000E+0	5.000000E+1	2.000000E+0	5.000000E+1	2.000000E+0	1.000000E+0	8.000000E+0
1.836938E-1	1.902900E+2	-1.100000E+3	-1.100184E+0	-8.850000E-2	1.243146E+4	-2.721633E+3	-1.470000E-2	4.000800E-2	1.310000E-4	-8.850000E-2	-1.480226E+0	-6.054422E+0	-1.470000E-2	8.900000E-5	1.000000E-2	0.000000E+0	5.000000E+1	2.000000E+0	5.000000E+1	2.000000E+0	1.000000E+0	9.000000E+0
2.052117E-1	1.902900E+2	-1.050000E+3	-1.050831E+0	-8.400000E-2	1.250989E+4	-1.680726E+3	-2.340000E-2	3.932900E-2	3.430000E-4	-8.400000E-2	-4.083333E+0	-1.833333E+1	-2.340000E-2	4.290000E-4	1.000000E-2	0.000000E+0	5.000000E+1	2.000000E+0	5.000000E+1	2.000000E+0	1.000000E+0	1.000000E+1
2.266630E-1	1.902900E+2	-1.000000E+3	-9.998190E-1	-6.320000E-2	1.581992E+4	-4.396196E+3	-9.200000E-3	4.044500E-2	2.320000E-4	-6.320000E-2	-3.670886E+0	-4.771739E+1	-9.200000E-3	4.390000E-4	1.000000E-2	0.000000E+0	5.000000E+1	2.000000E+0	5.000000E+1	2.000000E+0	1.000000E+0	1.100000E+1
2.482142E-1	1.902900E+2	-9.500000E+2	-9.502080E-1	-7.080000E-2	1.342102E+4	-5.500274E+3	-7.300000E-3	4.015200E-2	1.890000E-4	-7.080000E-2	-2.669492E+0	-2.493151E+1	-7.300000E-3	1.820000E-4	1.000000E-2	0.000000E+0	5.000000E+1	2.000000E+0	5.000000E+1	2.000000E+0	1.000000E+0	1.200000E+1
2.700988E-1	1.902900E+2	-9.000000E+2	-9.002650E-1	-6.010000E-2	1.497945E+4	-1.812009E+3	-2.190000E-2	3.968300E-2	8.280000E-4	-6.010000E-2	-1.377704E+1	-1.223744E+1	-2.190000E-2	2.680000E-4	1.000000E-2	0.000000E+0	5.000000E+1	2.000000E+0	5.000000E+1	2.000000E+0	1.000000E+0	1.300000E+1
2.916000E-1	1.902900E+2	-8.500000E+2	-8.502310E-1	-3.380000E-2	2.515476E+4	-3.861748E+3	-1.030000E-2	3.977600E-2	6.510000E-4	-3.380000E-2	-1.926036E+1	-4.873786E+1	-1.030000E-2	5.020000E-4	1.000000E-2	0.000000E+0	5.000000E+1	2.000000E+0	5.000000E+1	2.000000E+0	1.000000E+0	1.400000E+1
3.139513E-1	1.902900E+2	-8.000000E+2	-7.997130E-1	-3.850000E-2	2.077177E+4	-4.508876E+3	-8.900000E-3	4.012900E-2	9.650000E-4	-3.850000E-2	-2.506494E+1	-9.516854E+1	-8.900000E-3	8.470000E-4	1.000000E-2	0.000000E+0	5.000000E+1	2.000000E+0	5.000000E+1	2.000000E+0	1.000000E+0	1.500000E+1
3.354859E-1	1.902900E+2	-7.500000E+2	-7.502450E-1	-3.520000E-2	2.131378E+4	-2.694733E+3	-1.500000E-2	4.042100E-2	5.790000E-4	-3.520000E-2	-1.644886E+1	-6.040000E+1	-1.500000E-2	9.060000E-4	1.000000E-2	0.000000E+0	5.000000E+1	2.000000E+0	5.000000E+1	2.000000E+0	1.000000E+0	1.600000E+1
3.573538E-1	1.902900E+2	-7.000000E+2	-6.999970E-1	-1.860000E-2	3.763425E+4	-1.664792E+4	-2.400000E-3	3.995500E-2	5.790000E-4	-1.860000E-2	-3.112903E+1	1.666667E+0	-2.400000E-3	-4.000000E-6	1.000000E-2	0.000000E+0	5.000000E+1	2.000000E+0	5.000000E+1	2.000000E+0	1.000000E+0	1.700000E+1
3.791884E-1	1.902900E+2	-6.500000E+2	-6.499990E-1	-3.770000E-2	1.724135E+4	-5.212237E+3	-7.600000E-3	3.961300E-2	6.250000E-4	-3.770000E-2	-1.657825E+1	-5.486842E+1	-7.600000E-3	4.170000E-4	1.000000E-2	0.000000E+0	5.000000E+1	2.000000E+0	5.000000E+1	2.000000E+0	1.000000E+0	1.800000E+1
4.010729E-1	1.902900E+2	-6.000000E+2	-5.999070E-1	-3.240000E-2	1.851565E+4	-1.679492E+3	-2.360000E-2	3.963600E-2	6.300000E-4	-3.240000E-2	-1.944444E+1	-2.830508E+1	-2.360000E-2	6.680000E-4	1.000000E-2	0.000000E+0	5.000000E+1	2.000000E+0	5.000000E+1	2.000000E+0	1.000000E+0	1.900000E+1
4.226075E-1	1.902900E+2	-5.500000E+2	-5.492770E-1	-2.350000E-2	2.337349E+4	-4.780120E+3	-8.300000E-3	3.967500E-2	-2.300000E-5	-2.350000E-2	9.787234E-1	-2.686747E+1	-8.300000E-3	2.230000E-4	1.000000E-2	0.000000E+0	5.000000E+1	2.000000E+0	5.000000E+1	2.000000E+0	1.000000E+0	2.000000E+1
4.452255E-1	1.902900E+2	-5.000000E+2	-5.007430E-1	-1.000000E-2	5.007430E+4	-8.885556E+3	-4.500000E-3	3.998500E-2	-4.400000E-5	-1.000000E-2	4.400000E+0	-7.777778E+1	-4.500000E-3	3.500000E-4	1.000000E-2	0.000000E+0	5.000000E+1	2.000000E+0	5.000000E+1	2.000000E+0	1.000000E+0	2.100000E+1
4.668100E-1	1.902900E+2	-4.500000E+2	-4.499330E-1	-3.500000E-2	1.285523E+4	-2.711722E+3	-1.510000E-2	4.094700E-2	4.080000E-4	-3.500000E-2	-1.165714E+1	-2.761589E+1	-1.510000E-2	4.170000E-4	1.000000E-2	0.000000E+0	5.000000E+1	2.000000E+0	5.000000E+1	2.000000E+0	1.000000E+0	2.200000E+1
4.883779E-1	1.902900E+2	-4.000000E+2	-3.996410E-1	-2.720000E-2	1.469268E+4	-2.348647E+3	-1.700000E-2	3.992700E-2	5.170000E-4	-2.720000E-2	-1.900735E+1	-6.417647E+1	-1.700000E-2	1.091000E-3	1.000000E-2	0.000000E+0	5.000000E+1	2.000000E+0	5.000000E+1	2.000000E+0	1.000000E+0	2.300000E+1
5.099292E-1	1.902900E+2	-3.500000E+2	-3.498530E-1	-1.450000E-2	2.412779E+4	-1.286839E+4	-3.100000E-3	3.989200E-2	8.430000E-4	-1.450000E-2	-5.813793E+1	-1.358065E+2	-3.100000E-3	4.210000E-4	1.000000E-2	0.000000E+0	5.000000E+1	2.000000E+0	5.000000E+1	2.000000E+0	1.000000E+0	2.400000E+1
5.322471E-1	1.902900E+2	-3.000000E+2	-2.989960E-1	-1.330000E-2	2.248090E+4	-3.398235E+3	-1.190000E-2	4.043900E-2	7.470000E-4	-1.330000E-2	-5.616541E+1	2.605042E+0	-1.190000E-2	-3.100000E-5	1.000000E-2	0.000000E+0	5.000000E+1	2.000000E+0	5.000000E+1	2.000000E+0	1.000000E+0	2.500000E+1
5.538317E-1	1.902900E+2	-2.500000E+2	-2.506490E-1	-9.900000E-3	2.531808E+4	-3.980000E+3	-1.010000E-2	4.019800E-2	6.480000E-4	-9.900000E-3	-6.545455E+1	-6.455446E+1	-1.010000E-2	6.520000E-4	1.000000E-2	0.000000E+0	5.000000E+1	2.000000E+0	5.000000E+1	2.000000E+0	1.000000E+0	2.600000E+1
5.752996E-1	1.902900E+2	-2.000000E+2	-1.997960E-1	-2.400000E-2	8.324833E+3	-1.587708E+3	-2.530000E-2	4.016900E-2	3.680000E-4	-2.400000E-2	-1.533333E+1	-2.150198E+1	-2.530000E-2	5.440000E-4	1.000000E-2	0.000000E+0	5.000000E+1	2.000000E+0	5.000000E+1	2.000000E+0	1.000000E+0	2.700000E+1
5.969175E-1	1.902900E+2	-1.500000E+2	-1.498970E-1	-1.700000E-2	8.817471E+3	-1.578902E+3	-2.550000E-2	4.026200E-2	6.300000E-4	-1.700000E-2	-3.705882E+1	-2.721569E+1	-2.550000E-2	6.940000E-4	1.000000E-2	0.000000E+0	5.000000E+1	2.000000E+0	5.000000E+1	2.000000E+0	1.000000E+0	2.800000E+1
6.187521E-1	1.902900E+2	-1.004950E+2	-1.007680E-1	-5.800000E-3	1.737379E+4	-9.914500E+3	-4.000000E-3	3.965800E-2	5.780000E-4	-5.800000E-3	-9.965517E+1	-1.425000E+2	-4.000000E-3	5.700000E-4	1.000000E-2	0.000000E+0	5.000000E+1	2.000000E+0	5.000000E+1	2.000000E+0	1.000000E+0	2.900000E+1
6.403033E-1	1.902900E+2	-5.099502E+1	-5.114500E-2	-1.830000E-2	2.794809E+3	-2.224078E+3	-1.790000E-2	3.981100E-2	5.170000E-4	-1.830000E-2	-2.825137E+1	-2.363128E+1	-1.790000E-2	4.230000E-4	1.000000E-2	0.000000E+0	5.000000E+1	2.000000E+0	5.000000E+1	2.000000E+0	1.000000E+0	3.000000E+1
6.617712E-1	1.902900E+2	-1.495000E+0	-1.144000E-3	-9.300000E-3	1.230108E+2	-4.637931E+3	-8.700000E-3	4.035000E-2	1.530000E-4	-9.300000E-3	-1.645161E+1	-7.689655E+1	-8.700000E-3	6.690000E-4	1.000000E-2	0.000000E+0	5.000000E+1	2.000000E+0	5.000000E+1	2.000000E+0	1.000000E+0	3.100000E+1
6.834224E-1	1.902900E+2	4.950002E+1	4.935700E-2	-1.070000E-2	-4.612804E+3	-2.983233E+3	-1.330000E-2	3.967700E-2	4.870000E-4	-1.070000E-2	-4.551402E+1	-3.233083E+1	-1.330000E-2	4.300000E-4	1.000000E-2	0.000000E+0	5.000000E+1	2.000000E+0	5.000000E+1	2.000000E+0	1.000000E+0	3.200000E+1
7.057404E-1	1.902900E+2	9.900005E+1	9.891400E-2	-1.280000E-2	-7.727656E+3	-3.438547E+3	-1.170000E-2	4.023100E-2	1.810000E-4	-1.280000E-2	-1.414063E+1	-9.444444E+1	-1.170000E-2	1.105000E-3	1.000000E-2	0.000000E+0	5.000000E+1	2.000000E+0	5.000000E+1	2.000000E+0	1.000000E+0	3.300000E+1
7.273083E-1	1.902900E+2	1.485001E+2	1.483760E-1	-2.500000E-2	-5.935040E+3	-8.636087E+3	-4.600000E-3	3.972600E-2	2.690000E-4	-2.500000E-2	-1.076000E+1	-4.695652E+1	-4.600000E-3	2.160000E-4	1.000000E-2	0.000000E+0	5.000000E+1	2.000000E+0	5.000000E+1	2.000000E+0	1.000000E+0	3.400000E+1
7.497429E-1	1.902900E+2	1.984951E+2	1.995560E-1	-8.900000E-3	-2.242202E+4	-1.411357E+4	-2.800000E-3	3.951800E-2	7.420000E-4	-8.900000E-3	-8.337079E+1	-3.539286E+2	-2.800000E-3	9.910000E-4	1.000000E-2	0.000000E+0	5.000000E+1	2.000000E+0	5.000000E+1	2.000000E+0	1.000000E+0	3.500000E+1
7.713941E-1	1.902900E+2	2.484951E+2	2.485720E-1	-6.900000E-3	-3.602493E+4	2.695067E+4	1.500000E-3	4.042600E-2	1.230000E-4	-6.900000E-3	-1.782609E+1	3.820000E+2	1.500000E-3	5.730000E-4	1.000000E-2	0.000000E+0	5.000000E+1	2.000000E+0	5.000000E+1	2.000000E+0	1.000000E+0	3.600000E+1
7.938621E-1	1.902900E+2	2.984951E+2	2.985560E-1	-1.130000E-2	-2.642088E+4	-2.162432E+3	-1.850000E-2	4.000500E-2	3.140000E-4	-1.130000E-2	-2.778761E+1	-4.086486E+1	-1.850000E-2	7.560000E-4	1.000000E-2	0.000000E+0	5.000000E+1	2.000000E+0	5.000000E+1	2.000000E+0	1.000000E+0	3.700000E+1
8.153466E-1	1.902900E+2	3.484951E+2	3.484030E-1	-6.000000E-3	-5.806717E+4	-4.135876E+3	-9.700000E-3	4.011800E-2	5.310000E-4	-6.000000E-3	-8.850000E+1	-2.319588E+1	-9.700000E-3	2.250000E-4	1.000000E-2	0.000000E+0	5.000000E+1	2.000000E+0	5.000000E+1	2.000000E+0	1.000000E+0	3.800000E+1
8.369145E-1	1.902900E+2	3.984951E+2	3.986480E-1	-2.590000E-2	-1.539181E+4	-1.931117E+3	-2.060000E-2	3.978100E-2	2.810000E-4	-2.590000E-2	-1.084942E+1	-3.708738E+1	-2.060000E-2	7.640000E-4	1.000000E-2	0.000000E+0	5.000000E+1	2.000000E+0	5.000000E+1	2.000000E+0	1.000000E+0	3.900000E+1
8.584158E-1	1.902900E+2	4.484951E+2	4.476790E-1	-1.480000E-2	-3.024858E+4	-1.517663E+3	-2.610000E-2	3.961100E-2	8.900000E-4	-1.480000E-2	-6.013514E+1	-2.130268E+1	-2.610000E-2	5.560000E-4	1.000000E-2	0.000000E+0	5.000000E+1	2.000000E+0	5.000000E+1	2.000000E+0	1.000000E+0	4.000000E+1
8.800337E-1	1.902900E+2	4.984951E+2	4.988780E-1	-6.100000E-3	-8.178328E+4	-2.922628E+3	-1.370000E-2	4.004000E-2	6.620000E-4	-6.100000E-3	-1.085246E+2	-4.905109E+1	-1.370000E-2	6.720000E-4	1.000000E-2	0.000000E+0	5.000000E+1	2.000000E+0	5.000000E+1	2.000000E+0	1.000000E+0	4.100000E+1
9.015016E-1	1.902900E+2	5.484951E+2	5.485470E-1	-6.600000E-3	-8.311318E+4	-2.444788E+3	-1.650000E-2	4.033900E-2	5.000000E-4	-6.600000E-3	-7.575758E+1	-1.642424E+1	-1.650000E-2	2.710000E-4	1.000000E-2	0.000000E+0	5.000000E+1	2.000000E+0	5.000000E+1	2.000000E+0	1.000000E+0	4.200000E+1
9.229861E-1	1.902900E+2	5.984951E+2	5.990250E-1	-7.500000E-3	-7.987000E+4	-3.017557E+3	-1.310000E-2	3.953000E-2	5.710000E-4	-7.500000E-3	-7.613333E+1	-5.854962E+1	-1.310000E-2	7.670000E-4	1.000000E-2	0.000000E+0	5.000000E+1	2.000000E+0	5.000000E+1	2.000000E+0	1.000000E+0	4.300000E+1
9.446540E-1	1.902900E+2	6.484951E+2	6.483460E-1	-2.100000E-3	-3.087362E+5	-7.789608E+3	-5.100000E-3	3.972700E-2	2.410000E-4	-2.100000E-3	-1.147619E+2	-7.509804E+1	-5.100000E-3	3.830000E-4	1.000000E-2	0.000000E+0	5.000000E+1	2.000000E+0	5.000000E+1	2.000000E+0	1.000000E+0	4.400000E+1
9.673220E-1	1.902900E+2	6.984951E+2	6.988080E-1	6.800000E-3	1.027659E+5	-4.465444E+3	-9.000000E-3	4.018900E-2	4.740000E-4	6.800000E-3	6.970588E+1	-1.093333E+2	-9.000000E-3	9.840000E-4	1.000000E-2	0.000000E+0	5.000000E+1	2.000000E+0	5.000000E+1	2.000000E+0	1.000000E+0	4.500000E+1
9.888399E-1	1.902900E+2	7.484951E+2	7.485310E-1	-2.200000E-3	-3.402414E+5	-4.349670E+3	-9.100000E-3	3.958200E-2	9.570000E-4	-2.200000E-3	-4.350000E+2	-1.087912E+1	-9.100000E-3	9.900000E-5	1.000000E-2	0.000000E+0	5.000000E+1	2.000000E+0	5.000000E+1	2.000000E+0	1.000000E+0	4.600000E+1
1.011308E+0	1.902900E+2	7.984951E+2	7.980740E-1	2.120000E-2	3.764500E+4	-3.860286E+3	-1.050000E-2	4.053300E-2	8.200000E-5	2.120000E-2	3.867925E+0	-4.809524E+1	-1.050000E-2	5.050000E-4	1.000000E-2	0.000000E+0	5.000000E+1	2.000000E+0	5.000000E+1	2.000000E+0	1.000000E+0	4.700000E+1
1.032876E+0	1.902900E+2	8.484951E+2	8.479920E-1	2.960000E-2	2.864838E+4	-3.244435E+3	-1.240000E-2	4.023100E-2	-3.700000E-5	2.960000E-2	-1.250000E+0	-3.983871E+1	-1.240000E-2	4.940000E-4	1.000000E-2	0.000000E+0	5.000000E+1	2.000000E+0	5.000000E+1	2.000000E+0	1.000000E+0	4.800000E+1
1.055260E+0	1.902900E+2	8.984951E+2	8.983960E-1	3.570000E-2	2.516515E+4	-1.536038E+4	-2.600000E-3	3.993700E-2	6.020000E-4	3.570000E-2	1.686275E+1	-2.826923E+2	-2.600000E-3	7.350000E-4	1.000000E-2	0.000000E+0	5.000000E+1	2.000000E+0	5.000000E+1	2.000000E+0	1.000000E+0	4.900000E+1
1.076912E+0	1.902900E+2	9.484951E+2	9.485020E-1	5.120000E-2	1.852543E+4	-4.882805E+3	-8.200000E-3	4.003900E-2	1.550000E-4	5.120000E-2	3.027344E+0	-1.037805E+2	-8.200000E-3	8.510000E-4	1.000000E-2	0.000000E+0	5.000000E+1	2.000000E+0	5.000000E+1	2.000000E+0	1.000000E+0	5.000000E+1
1.099280E+0	1.902900E+2	9.984951E+2	9.988960E-1	6.360000E-2	1.570591E+4	-3.453478E+3	-1.150000E-2	3.971500E-2	4.820000E-4	6.360000E-2	7.578616E+0	-4.208696E+1	-1.150000E-2	4.840000E-4	1.000000E-2	0.000000E+0	5.000000E+1	2.000000E+0	5.000000E+1	2.000000E+0	1.000000E+0	5.100000E+1
1.120831E+0	1.902900E+2	1.048495E+3	1.048549E+0	7.710000E-2	1.359986E+4	-3.707339E+3	-1.090000E-2	4.041000E-2	5.540000E-4	7.710000E-2	7.185473E+0	6.605505E+0	-1.090000E-2	-7.200000E-5	1.000000E-2	0.000000E+0	5.000000E+1	2.000000E+0	5.000000E+1	2.000000E+0	1.000000E+0	5.200000E+1
1.142315E+0	1.902900E+2	1.098495E+3	1.098936E+0	8.530000E-2	1.288319E+4	-1.719221E+3	-2.310000E-2	3.971400E-2	7.660000E-4	8.530000E-2	8.980070E+0	-1.476190E+1	-2.310000E-2	3.410000E-4	1.000000E-2	0.000000E+0	5.000000E+1	2.000000E+0	5.000000E+1	2.000000E+0	1.000000E+0	5.300000E+1
1.163817E+0	1.902900E+2	1.148495E+3	1.148431E+0	1.155000E-1	9.943126E+3	-3.542609E+3	-1.150000E-2	4.074000E-2	7.960000E-4	1.155000E-1	6.891775E+0	-2.695652E+0	-1.150000E-2	3.100000E-5	1.000000E-2	0.000000E+0	5.000000E+1	2.000000E+0	5.000000E+1	2.000000E+0	1.000000E+0	5.400000E+1
1.185651E+0	1.902900E+2	1.198495E+3	1.198012E+0	1.344000E-1	8.913780E+3	-1.819596E+3	-2.230000E-2	4.057700E-2	7.250000E-4	1.344000E-1	5.394345E+0	-2.381166E+1	-2.230000E-2	5.310000E-4	1.000000E-2	0.000000E+0	5.000000E+1	2.000000E+0	5.000000E+1	2.000000E+0	1.000000E+0	5.500000E+1
1.207219E+0	1.902900E+2	1.248495E+3	1.248320E+0	1.561000E-1	7.996925E+3	-1.678870E+3	-2.390000E-2	4.012500E-2	3.000000E-4	1.561000E-1	1.921845E+0	-7.531381E+0	-2.390000E-2	1.800000E-4	1.000000E-2	0.000000E+0	5.000000E+1	2.000000E+0	5.000000E+1	2.000000E+0	1.000000E+0	5.600000E+1
1.229304E+0	1.902900E+2	1.298495E+3	1.298603E+0	1.950000E-1	6.659503E+3	-2.202692E+3	-1.820000E-2	4.008900E-2	1.132000E-3	1.950000E-1	5.805128E+0	-2.346154E+1	-1.820000E-2	4.270000E-4	1.000000E-2	0.000000E+0	5.000000E+1	2.000000E+0	5.000000E+1	2.000000E+0	1.000000E+0	5.700000E+1
1.250988E+0	1.902900E+2	1.348495E+3	1.348967E+0	2.109000E-1	6.396240E+3	-7.579811E+3	-5.300000E-3	4.017300E-2	1.258000E-3	2.109000E-1	5.964912E+0	-2.035849E+2	-5.300000E-3	1.079000E-3	1.000000E-2	0.000000E+0	5.000000E+1	2.000000E+0	5.000000E+1	2.000000E+0	1.000000E+0	5.800000E+1
1.272989E+0	1.902900E+2	1.398495E+3	1.398025E+0	2.426000E-1	5.762675E+3	-2.158495E+3	-1.860000E-2	4.014800E-2	1.823000E-3	2.426000E-1	7.514427E+0	-1.451613E+0	-1.860000E-2	2.700000E-5	1.000000E-2	0.000000E+0	5.000000E+1	2.000000E+0	5.000000E+1	2.000000E+0	1.000000E+0	5.900000E+1
1.294524E+0	1.902900E+2	1.448495E+3	1.448757E+0	2.721000E-1	5.324355E+3	-2.287184E+3	-1.740000E-2	3.979700E-2	1.193000E-3	2.721000E-1	4.384417E+0	-1.931034E+1	-1.740000E-2	3.360000E-4	1.000000E-2	0.000000E+0	5.000000E+1	2.000000E+0	5.000000E+1	2.000000E+0	1.000000E+0	6.000000E+1
1.316842E+0	1.902900E+2	1.498495E+3	1.498335E+0	2.915000E-1	5.140086E+3	-1.932967E+3	-2.090000E-2	4.039900E-2	1.221000E-3	2.915000E-1	4.188679E+0	-1.339713E+1	-2.090000E-2	2.800000E-4	1.000000E-2	0.000000E+0	5.000000E+1	2.000000E+0	5.000000E+1	2.000000E+0	1.000000E+0	6.100000E+1
1.338393E+0	1.902900E+2	1.500000E+3	1.499411E+0	3.020000E-1	4.964937E+3	-8.013000E+3	-5.000000E-3	4.006500E-2	1.344000E-3	3.020000E-1	4.450331E+0	-2.900000E+1	-5.000000E-3	1.450000E-4	1.000000E-2	0.000000E+0	5.000000E+1	2.000000E+0	5.000000E+1	2.000000E+0	1.000000E+0	6.200000E+1
1.360761E+0	1.902900E+2	1.450000E+3	1.449744E+0	2.760000E-1	5.252696E+3	-2.677973E+3	-1.480000E-2	3.963400E-2	1.161000E-3	2.760000E-1	4.206522E+0	-2.891892E+1	-1.480000E-2	4.280000E-4	1.000000E-2	0.000000E+0	5.000000E+1	2.000000E+0	5.000000E+1	2.000000E+0	1.000000E+0	6.300000E+1
1.382312E+0	1.902900E+2	1.400000E+3	1.400114E+0	2.373000E-1	5.900185E+3	-3.827692E+3	-1.040000E-2	3.980800E-2	1.002000E-3	2.373000E-1	4.222503E+0	-2.923077E+1	-1.040000E-2	3.040000E-4	1.000000E-2	0.000000E+0	5.000000E+1	2.000000E+0	5.000000E+1	2.000000E+0	1.000000E+0	6.400000E+1
1.404680E+0	1.902900E+2	1.350000E+3	1.350342E+0	1.964000E-1	6.875468E+3	-3.156190E+3	-1.260000E-2	3.976800E-2	1.331000E-3	1.964000E-1	6.776986E+0	-5.277778E+1	-1.260000E-2	6.650000E-4	1.000000E-2	0.000000E+0	5.000000E+1	2.000000E+0	5.000000E+1	2.000000E+0	1.000000E+0	6.500000E+1
1.426232E+0	1.902900E+2	1.300000E+3	1.299900E+0	1.580000E-1	8.227215E+3	-4.139278E+3	-9.700000E-3	4.015100E-2	9.440000E-4	1.580000E-1	5.974684E+0	-9.072165E+0	-9.700000E-3	8.800000E-5	1.000000E-2	0.000000E+0	5.000000E+1	2.000000E+0	5.000000E+1	2.000000E+0	1.000000E+0	6.600000E+1
1.448633E+0	1.902900E+2	1.250000E+3	1.250223E+0	1.423000E-1	8.785826E+3	-5.226579E+3	-7.600000E-3	3.972200E-2	1.024000E-3	1.423000E-1	7.196065E+0	-8.065789E+1	-7.600000E-3	6.130000E-4	1.000000E-2	0.000000E+0	5.000000E+1	2.000000E+0	5.000000E+1	2.000000E+0	1.000000E+0	6.700000E+1
1.470151E+0	1.902900E+2	1.200000E+3	1.199896E+0	1.157000E-1	1.037075E+4	-2.395120E+3	-1.660000E-2	3.975900E-2	9.970000E-4	1.157000E-1	8.617113E+0	-1.481928E+1	-1.660000E-2	2.460000E-4	1.000000E-2	0.000000E+0	5.000000E+1	2.000000E+0	5.000000E+1	2.000000E+0	1.000000E+0	6.800000E+1
1.491652E+0	1.902900E+2	1.150000E+3	1.150268E+0	9.880000E-2	1.164239E+4	-2.810839E+3	-1.430000E-2	4.019500E-2	4.340000E-4	9.880000E-2	4.392713E+0	-5.076923E+1	-1.430000E-2	7.260000E-4	1.000000E-2	0.000000E+0	5.000000E+1	2.000000E+0	5.000000E+1	2.000000E+0	1.000000E+0	6.900000E+1
1.513287E+0	1.902900E+2	1.100000E+3	1.100492E+0	8.440000E-2	1.303900E+4	-2.813310E+3	-1.420000E-2	3.994900E-2	6.700000E-4	8.440000E-2	7.938389E+0	-5.866197E+1	-1.420000E-2	8.330000E-4	1.000000E-2	0.000000E+0	5.000000E+1	2.000000E+0	5.000000E+1	2.000000E+0	1.000000E+0	7.000000E+1
1.534888E+0	1.902900E+2	1.050000E+3	1.049977E+0	7.240000E-2	1.450244E+4	-6.908448E+3	-5.800000E-3	4.006900E-2	5.900000E-4	7.240000E-2	8.149171E+0	4.448276E+1	-5.800000E-3	-2.580000E-4	1.000000E-2	0.000000E+0	5.000000E+1	2.000000E+0	5.000000E+1	2.000000E+0	1.000000E+0	7.100000E+1
1.556439E+0	1.902900E+2	1.000000E+3	9.999080E-1	4.940000E-2	2.024105E+4	-1.919463E+3	-2.050000E-2	3.934900E-2	7.950000E-4	4.940000E-2	1.609312E+1	-4.682927E+0	-2.050000E-2	9.600000E-5	1.000000E-2	0.000000E+0	5.000000E+1	2.000000E+0	5.000000E+1	2.000000E+0	1.000000E+0	7.200000E+1
1.578874E+0	1.902900E+2	9.500000E+2	9.498700E-1	4.620000E-2	2.055996E+4	-3.372034E+3	-1.180000E-2	3.979000E-2	1.020000E-3	4.620000E-2	2.207792E+1	1.398305E+1	-1.180000E-2	-1.650000E-4	1.000000E-2	0.000000E+0	5.000000E+1	2.000000E+0	5.000000E+1	2.000000E+0	1.000000E+0	7.300000E+1
1.600458E+0	1.902900E+2	9.000000E+2	8.994580E-1	2.880000E-2	3.123118E+4	-1.649221E+3	-2.440000E-2	4.024100E-2	1.006000E-3	2.880000E-2	3.493056E+1	-4.217213E+1	-2.440000E-2	1.029000E-3	1.000000E-2	0.000000E+0	5.000000E+1	2.000000E+0	5.000000E+1	2.000000E+0	1.000000E+0	7.400000E+1
1.621976E+0	1.902900E+2	8.500000E+2	8.499520E-1	2.380000E-2	3.571227E+4	-1.862864E+3	-2.130000E-2	3.967900E-2	5.460000E-4	2.380000E-2	2.294118E+1	-4.032864E+1	-2.130000E-2	8.590000E-4	1.000000E-2	0.000000E+0	5.000000E+1	2.000000E+0	5.000000E+1	2.000000E+0	1.000000E+0	7.500000E+1
1.643544E+0	1.902900E+2	8.000000E+2	7.997060E-1	1.900000E-2	4.208979E+4	-7.282000E+3	-5.500000E-3	4.005100E-2	5.490000E-4	1.900000E-2	2.889474E+1	-1.110909E+2	-5.500000E-3	6.110000E-4	1.000000E-2	0.000000E+0	5.000000E+1	2.000000E+0	5.000000E+1	2.000000E+0	1.000000E+0	7.600000E+1
1.665129E+0	1.902900E+2	7.500000E+2	7.503880E-1	2.080000E-2	3.607635E+4	-3.825238E+3	-1.050000E-2	4.016500E-2	2.650000E-4	2.080000E-2	1.274038E+1	-3.238095E+1	-1.050000E-2	3.400000E-4	1.000000E-2	0.000000E+0	5.000000E+1	2.000000E+0	5.000000E+1	2.000000E+0	1.000000E+0	7.700000E+1
1.686746E+0	1.902900E+2	7.000000E+2	6.995650E-1	-9.700000E-3	-7.212010E+4	-3.177143E+3	-1.260000E-2	4.003200E-2	4.140000E-4	-9.700000E-3	-4.268041E+1	-3.222222E+1	-1.260000E-2	4.060000E-4	1.000000E-2	0.000000E+0	5.000000E+1	2.000000E+0	5.000000E+1	2.000000E+0	1.000000E+0	7.800000E+1
1.709214E+0	1.902900E+2	6.500000E+2	6.495520E-1	8.900000E-3	7.298337E+4	-2.666645E+3	-1.520000E-2	4.053300E-2	7.190000E-4	8.900000E-3	8.078652E+1	-3.039474E+1	-1.520000E-2	4.620000E-4	1.000000E-2	0.000000E+0	5.000000E+1	2.000000E+0	5.000000E+1	2.000000E+0	1.000000E+0	7.900000E+1
1.730849E+0	1.902900E+2	6.000000E+2	5.999240E-1	-1.140000E-2	-5.262491E+4	-2.115521E+3	-1.920000E-2	4.061800E-2	9.250000E-4	-1.140000E-2	-8.114035E+1	-3.640625E+1	-1.920000E-2	6.990000E-4	1.000000E-2	0.000000E+0	5.000000E+1	2.000000E+0	5.000000E+1	2.000000E+0	1.000000E+0	8.000000E+1
1.752400E+0	1.902900E+2	5.500000E+2	5.498310E-1	-7.900000E-3	-6.959886E+4	-4.962099E+3	-8.100000E-3	4.019300E-2	5.760000E-4	-7.900000E-3	-7.291139E+1	-2.111111E+1	-8.100000E-3	1.710000E-4	1.000000E-2	0.000000E+0	5.000000E+1	2.000000E+0	5.000000E+1	2.000000E+0	1.000000E+0	8.100000E+1
1.773951E+0	1.902900E+2	5.000000E+2	4.999470E-1	2.800000E-3	1.785525E+5	-2.790556E+3	-1.440000E-2	4.018400E-2	5.850000E-4	2.800000E-3	2.089286E+2	-2.444444E+1	-1.440000E-2	3.520000E-4	1.000000E-2	0.000000E+0	5.000000E+1	2.000000E+0	5.000000E+1	2.000000E+0	1.000000E+0	8.200000E+1
1.795569E+0	1.902900E+2	4.500000E+2	4.499210E-1	-1.310000E-2	-3.434511E+4	-1.438571E+4	-2.800000E-3	4.028000E-2	6.080000E-4	-1.310000E-2	-4.641221E+1	-1.989286E+2	-2.800000E-3	5.570000E-4	1.000000E-2	0.000000E+0	5.000000E+1	2.000000E+0	5.000000E+1	2.000000E+0	1.000000E+0	8.300000E+1
1.817087E+0	1.902900E+2	4.000000E+2	3.992260E-1	-2.150000E-2	-1.856865E+4	-2.074897E+3	-1.940000E-2	4.025300E-2	4.960000E-4	-2.150000E-2	-2.306977E+1	-3.010309E+1	-1.940000E-2	5.840000E-4	1.000000E-2	0.000000E+0	5.000000E+1	2.000000E+0	5.000000E+1	2.000000E+0	1.000000E+0	8.400000E+1
1.838622E+0	1.902900E+2	3.500000E+2	3.495300E-1	-6.500000E-3	-5.377385E+4	-1.492370E+4	-2.700000E-3	4.029400E-2	9.030000E-4	-6.500000E-3	-1.389231E+2	-2.385185E+2	-2.700000E-3	6.440000E-4	1.000000E-2	0.000000E+0	5.000000E+1	2.000000E+0	5.000000E+1	2.000000E+0	1.000000E+0	8.500000E+1
1.860123E+0	1.902900E+2	3.000000E+2	3.008240E-1	-2.100000E-2	-1.432495E+4	-2.620523E+3	-1.530000E-2	4.009400E-2	2.700000E-4	-2.100000E-2	-1.285714E+1	-5.339869E+1	-1.530000E-2	8.170000E-4	1.000000E-2	0.000000E+0	5.000000E+1	2.000000E+0	5.000000E+1	2.000000E+0	1.000000E+0	8.600000E+1
1.881691E+0	1.902900E+2	2.500000E+2	2.504770E-1	-1.610000E-2	-1.555758E+4	-2.248276E+3	-1.740000E-2	3.912000E-2	1.200000E-4	-1.610000E-2	-7.453416E+0	-2.833333E+1	-1.740000E-2	4.930000E-4	1.000000E-2	0.000000E+0	5.000000E+1	2.000000E+0	5.000000E+1	2.000000E+0	1.000000E+0	8.700000E+1
1.903326E+0	1.902900E+2	2.000000E+2	1.998580E-1	-2.380000E-2	-8.397395E+3	-2.081590E+3	-1.950000E-2	4.059100E-2	3.690000E-4	-2.380000E-2	-1.550420E+1	-3.948718E+0	-1.950000E-2	7.700000E-5	1.000000E-2	0.000000E+0	5.000000E+1	2.000000E+0	5.000000E+1	2.000000E+0	1.000000E+0	8.800000E+1
1.924827E+0	1.902900E+2	1.500000E+2	1.500800E-1	-9.900000E-3	-1.515960E+4	-4.625698E+3	-8.600000E-3	3.978100E-2	9.490000E-4	-9.900000E-3	-9.585859E+1	-3.313953E+1	-8.600000E-3	2.850000E-4	1.000000E-2	0.000000E+0	5.000000E+1	2.000000E+0	5.000000E+1	2.000000E+0	1.000000E+0	8.900000E+1
1.947328E+0	1.902900E+2	1.004950E+2	9.997400E-2	-1.580000E-2	-6.327468E+3	-2.019497E+3	-1.990000E-2	4.018800E-2	1.120000E-4	-1.580000E-2	-7.088608E+0	-1.638191E+1	-1.990000E-2	3.260000E-4	1.000000E-2	0.000000E+0	5.000000E+1	2.000000E+0	5.000000E+1	2.000000E+0	1.000000E+0	9.000000E+1
1.968896E+0	1.902900E+2	5.099502E+1	5.056800E-2	-2.100000E-3	-2.408000E+4	-1.907286E+3	-2.100000E-2	4.005300E-2	4.360000E-4	-2.100000E-3	-2.076190E+2	-4.133333E+1	-2.100000E-2	8.680000E-4	1.000000E-2	0.000000E+0	5.000000E+1	2.000000E+0	5.000000E+1	2.000000E+0	1.000000E+0	9.100000E+1
1.991181E+0	1.902900E+2	1.495000E+0	1.739000E-3	-1.490000E-2	-1.167114E+2	6.626500E+4	6.000000E-4	3.975900E-2	3.350000E-4	-1.490000E-2	-2.248322E+1	7.200000E+2	6.000000E-4	4.320000E-4	1.000000E-2	0.000000E+0	5.000000E+1	2.000000E+0	5.000000E+1	2.000000E+0	1.000000E+0	9.200000E+1
2.012698E+0	1.902900E+2	-4.950002E+1	-4.955500E-2	-4.300000E-3	1.152442E+4	-5.540423E+3	-7.100000E-3	3.933700E-2	5.180000E-4	-4.300000E-3	-1.204651E+2	-3.352113E+1	-7.100000E-3	2.380000E-4	1.000000E-2	0.000000E+0	5.000000E+1	2.000000E+0	5.000000E+1	2.000000E+0	1.000000E+0	9.300000E+1
2.035300E+0	1.902900E+2	-9.900005E+1	-9.907000E-2	-2.810000E-2	3.525623E+3	-1.525134E+3	-2.610000E-2	3.980600E-2	6.180000E-4	-2.810000E-2	-2.199288E+1	-2.459770E+1	-2.610000E-2	6.420000E-4	1.000000E-2	0.000000E+0	5.000000E+1	2.000000E+0	5.000000E+1	2.000000E+0	1.000000E+0	9.400000E+1
2.056784E+0	1.902900E+2	-1.485001E+2	-1.490560E-1	-8.500000E-3	1.753600E+4	-1.803288E+3	-2.220000E-2	4.003300E-2	8.210000E-4	-8.500000E-3	-9.658824E+1	-7.342342E+0	-2.220000E-2	1.630000E-4	1.000000E-2	0.000000E+0	5.000000E+1	2.000000E+0	5.000000E+1	2.000000E+0	1.000000E+0	9.500000E+1
2.078636E+0	1.902900E+2	-1.984951E+2	-1.982580E-1	-5.600000E-3	3.540321E+4	-7.636346E+3	-5.200000E-3	3.970900E-2	7.520000E-4	-5.600000E-3	-1.342857E+2	-2.098077E+2	-5.200000E-3	1.091000E-3	1.000000E-2	0.000000E+0	5.000000E+1	2.000000E+0	5.000000E+1	2.000000E+0	1.000000E+0	9.600000E+1
2.100203E+0	1.902900E+2	-2.484951E+2	-2.491310E-1	-2.380000E-2	1.046769E+4	-1.591587E+3	-2.520000E-2	4.010800E-2	5.930000E-4	-2.380000E-2	-2.491597E+1	-2.369048E+1	-2.520000E-2	5.970000E-4	1.000000E-2	0.000000E+0	5.000000E+1	2.000000E+0	5.000000E+1	2.000000E+0	1.000000E+0	9.700000E+1
2.121705E+0	1.902900E+2	-2.984951E+2	-2.987370E-1	4.000000E-4	-7.468425E+5	-1.586746E+3	-2.520000E-2	3.998600E-2	4.780000E-4	4.000000E-4	1.195000E+3	-1.488095E+1	-2.520000E-2	3.750000E-4	1.000000E-2	0.000000E+0	5.000000E+1	2.000000E+0	5.000000E+1	2.000000E+0	1.000000E+0	9.800000E+1
2.143389E+0	1.902900E+2	-3.484951E+2	-3.487430E-1	-2.510000E-2	1.389414E+4	-1.888048E+3	-2.100000E-2	3.964900E-2	8.950000E-4	-2.510000E-2	-3.565737E+1	-8.714286E+0	-2.100000E-2	1.830000E-4	1.000000E-2	0.000000E+0	5.000000E+1	2.000000E+0	5.000000E+1	2.000000E+0	1.000000E+0	9.900000E+1
2.166574E+0	1.902900E+2	-3.984951E+2	-3.983080E-1	-1.940000E-2	2.053134E+4	-3.141654E+3	-1.270000E-2	3.989900E-2	4.600000E-4	-1.940000E-2	-2.371134E+1	-7.952756E+0	-1.270000E-2	1.010000E-4	1.000000E-2	0.000000E+0	5.000000E+1	2.000000E+0	5.000000E+1	2.000000E+0	1.000000E+0	1.000000E+2
2.188425E+0	1.902900E+2	-4.484951E+2	-4.486000E-1	-1.490000E-2	3.010738E+4	-1.918160E+3	-2.120000E-2	4.066500E-2	6.530000E-4	-1.490000E-2	-4.382550E+1	-1.990566E+1	-2.120000E-2	4.220000E-4	1.000000E-2	0.000000E+0	5.000000E+1	2.000000E+0	5.000000E+1	2.000000E+0	1.000000E+0	1.010000E+2
2.210176E+0	1.902900E+2	-4.984951E+2	-4.984540E-1	-1.340000E-2	3.719806E+4	-6.051538E+3	-6.500000E-3	3.933500E-2	5.700000E-4	-1.340000E-2	-4.253731E+1	-1.255385E+2	-6.500000E-3	8.160000E-4	1.000000E-2	0.000000E+0	5.000000E+1	2.000000E+0	5.000000E+1	2.000000E+0	1.000000E+0	1.020000E+2
2.232211E+0	1.902900E+2	-5.484951E+2	-5.487530E-1	-3.350000E-2	1.638069E+4	-1.077703E+4	-3.700000E-3	3.987500E-2	3.270000E-4	-3.350000E-2	-9.761194E+0	-3.567568E+1	-3.700000E-3	1.320000E-4	1.000000E-2	0.000000E+0	5.000000E+1	2.000000E+0	5.000000E+1	2.000000E+0	1.000000E+0	1.030000E+2
2.254612E+0	1.902900E+2	-5.984951E+2	-5.985640E-1	-3.160000E-2	1.894190E+4	-2.538526E+3	-1.560000E-2	3.960100E-2	4.750000E-4	-3.160000E-2	-1.503165E+1	-3.294872E+1	-1.560000E-2	5.140000E-4	1.000000E-2	0.000000E+0	5.000000E+1	2.000000E+0	5.000000E+1	2.000000E+0	1.000000E+0	1.040000E+2
2.276114E+0	1.902900E+2	-6.484951E+2	-6.486700E-1	-1.500000E-2	4.324467E+4	-2.731081E+3	-1.480000E-2	4.042000E-2	5.870000E-4	-1.500000E-2	-3.913333E+1	-1.067568E+1	-1.480000E-2	1.580000E-4	1.000000E-2	0.000000E+0	5.000000E+1	2.000000E+0	5.000000E+1	2.000000E+0	1.000000E+0	1.050000E+2
2.297698E+0	1.902900E+2	-6.984951E+2	-6.982060E-1	-3.500000E-2	1.994874E+4	-3.737944E+3	-1.070000E-2	3.999600E-2	2.540000E-4	-3.500000E-2	-7.257143E+0	-5.644860E+1	-1.070000E-2	6.040000E-4	1.000000E-2	0.000000E+0	5.000000E+1	2.000000E+0	5.000000E+1	2.000000E+0	1.000000E+0	1.060000E+2
2.319316E+0	1.902900E+2	-7.484951E+2	-7.488290E-1	-3.490000E-2	2.145642E+4	-2.342071E+3	-1.690000E-2	3.958100E-2	2.720000E-4	-3.490000E-2	-7.793696E+0	-2.970414E+1	-1.690000E-2	5.020000E-4	1.000000E-2	0.000000E+0	5.000000E+1	2.000000E+0	5.000000E+1	2.000000E+0	1.000000E+0	1.070000E+2
2.341367E+0	1.902900E+2	-7.984951E+2	-7.985910E-1	-2.990000E-2	2.670873E+4	-2.982256E+3	-1.330000E-2	3.966400E-2	2.180000E-4	-2.990000E-2	-7.290970E+0	-7.097744E+1	-1.330000E-2	9.440000E-4	1.000000E-2	0.000000E+0	5.000000E+1	2.000000E+0	5.000000E+1	2.000000E+0	1.000000E+0	1.080000E+2
2.363785E+0	1.902900E+2	-8.484951E+2	-8.490860E-1	-4.040000E-2	2.101698E+4	-1.108500E+4	-3.600000E-3	3.990600E-2	-1.760000E-4	-4.040000E-2	4.356436E+0	-1.613889E+2	-3.600000E-3	5.810000E-4	1.000000E-2	0.000000E+0	5.000000E+1	2.000000E+0	5.000000E+1	2.000000E+0	1.000000E+0	1.090000E+2
2.385320E+0	1.902900E+2	-8.984951E+2	-8.984580E-1	-4.600000E-2	1.953170E+4	-3.748796E+3	-1.080000E-2	4.048700E-2	1.530000E-4	-4.600000E-2	-3.326087E+0	-1.435185E+1	-1.080000E-2	1.550000E-4	1.000000E-2	0.000000E+0	5.000000E+1	2.000000E+0	5.000000E+1	2.000000E+0	1.000000E+0	1.100000E+2
2.406854E+0	1.902900E+2	-9.484951E+2	-9.484770E-1	-5.970000E-2	1.588739E+4	-3.094609E+3	-1.280000E-2	3.961100E-2	3.440000E-4	-5.970000E-2	-5.762144E+0	-5.671875E+1	-1.280000E-2	7.260000E-4	1.000000E-2	0.000000E+0	5.000000E+1	2.000000E+0	5.000000E+1	2.000000E+0	1.000000E+0	1.110000E+2
2.428372E+0	1.902900E+2	-9.984951E+2	-9.985500E-1	-5.730000E-2	1.742670E+4	-2.143670E+3	-1.880000E-2	4.030100E-2	6.240000E-4	-5.730000E-2	-1.089005E+1	-2.250000E+1	-1.880000E-2	4.230000E-4	1.000000E-2	0.000000E+0	5.000000E+1	2.000000E+0	5.000000E+1	2.000000E+0	1.000000E+0	1.120000E+2
2.451307E+0	1.902900E+2	-1.048495E+3	-1.048485E+0	-7.520000E-2	1.394262E+4	-2.895182E+3	-1.370000E-2	3.966400E-2	1.000000E-6	-7.520000E-2	-1.329787E-2	-2.350365E+1	-1.370000E-2	3.220000E-4	1.000000E-2	0.000000E+0	5.000000E+1	2.000000E+0	5.000000E+1	2.000000E+0	1.000000E+0	1.130000E+2
2.472858E+0	1.902900E+2	-1.098495E+3	-1.098614E+0	-8.650000E-2	1.270074E+4	-1.123528E+4	-3.600000E-3	4.044700E-2	-2.900000E-5	-8.650000E-2	3.352601E-1	-1.966667E+2	-3.600000E-3	7.080000E-4	1.000000E-2	0.000000E+0	5.000000E+1	2.000000E+0	5.000000E+1	2.000000E+0	1.000000E+0	1.140000E+2
2.494459E+0	1.902900E+2	-1.148495E+3	-1.148975E+0	-1.122000E-1	1.024042E+4	-8.773261E+3	-4.600000E-3	4.035700E-2	1.170000E-4	-1.122000E-1	-1.042781E+0	-1.230435E+2	-4.600000E-3	5.660000E-4	1.000000E-2	0.000000E+0	5.000000E+1	2.000000E+0	5.000000E+1	2.000000E+0	1.000000E+0	1.150000E+2
2.516161E+0	1.902900E+2	-1.198495E+3	-1.198047E+0	-1.186000E-1	1.010158E+4	-4.683529E+3	-8.500000E-3	3.981000E-2	2.710000E-4	-1.186000E-1	-2.284992E+0	-6.082353E+1	-8.500000E-3	5.170000E-4	1.000000E-2	0.000000E+0	5.000000E+1	2.000000E+0	5.000000E+1	2.000000E+0	1.000000E+0	1.160000E+2
2.538695E+0	1.902900E+2	-1.248495E+3	-1.248546E+0	-1.489000E-1	8.385131E+3	-2.066122E+3	-1.960000E-2	4.049600E-2	-2.700000E-5	-1.489000E-1	1.813298E-1	5.204082E+0	-1.960000E-2	-1.020000E-4	1.000000E-2	0.000000E+0	5.000000E+1	2.000000E+0	5.000000E+1	2.000000E+0	1.000000E+0	1.170000E+2
2.560413E+0	1.902900E+2	-1.298495E+3	-1.298324E+0	-1.716000E-1	7.565991E+3	-1.808371E+3	-2.210000E-2	3.996500E-2	1.870000E-4	-1.716000E-1	-1.089744E+0	-2.547511E+1	-2.210000E-2	5.630000E-4	1.000000E-2	0.000000E+0	5.000000E+1	2.000000E+0	5.000000E+1	2.000000E+0	1.000000E+0	1.180000E+2
2.582898E+0	1.902900E+2	-1.348495E+3	-1.348553E+0	-1.777000E-1	7.588931E+3	-3.166270E+3	-1.260000E-2	3.989500E-2	2.270000E-4	-1.777000E-1	-1.277434E+0	-9.285714E+0	-1.260000E-2	1.170000E-4	1.000000E-2	0.000000E+0	5.000000E+1	2.000000E+0	5.000000E+1	2.000000E+0	1.000000E+0	1.190000E+2
2.604449E+0	1.902900E+2	-1.398495E+3	-1.397595E+0	-1.924000E-1	7.264007E+3	-3.388644E+3	-1.180000E-2	3.998600E-2	-7.300000E-5	-1.924000E-1	3.794179E-1	1.220339E+1	-1.180000E-2	-1.440000E-4	1.000000E-2	0.000000E+0	5.000000E+1	2.000000E+0	5.000000E+1	2.000000E+0	1.000000E+0	1.200000E+2
2.626817E+0	1.902900E+2	-1.448495E+3	-1.448985E+0	-2.330000E-1	6.218820E+3	-3.677982E+3	-1.090000E-2	4.009000E-2	-2.420000E-4	-2.330000E-1	1.038627E+0	-8.027523E+1	-1.090000E-2	8.750000E-4	1.000000E-2	0.000000E+0	5.000000E+1	2.000000E+0	5.000000E+1	2.000000E+0	1.000000E+0	1.210000E+2
2.648535E+0	1.902900E+2	-1.498495E+3	-1.498587E+0	-2.504000E-1	5.984772E+3	-4.865783E+3	-8.300000E-3	4.038600E-2	-6.520000E-4	-2.504000E-1	2.603834E+0	-4.987952E+1	-8.300000E-3	4.140000E-4	1.000000E-2	0.000000E+0	5.000000E+1	2.000000E+0	5.000000E+1	2.000000E+0	1.000000E+0	1.220000E+2
2.670403E+0	1.902900E+2	-1.500000E+3	-1.500121E+0	-2.496000E-1	6.010100E+3	-1.735522E+4	-2.300000E-3	3.991700E-2	-1.140000E-4	-2.496000E-1	4.567308E-1	-2.791304E+2	-2.300000E-3	6.420000E-4	1.000000E-2	0.000000E+0	5.000000E+1	2.000000E+0	5.000000E+1	2.000000E+0	1.000000E+0	1.230000E+2
2.691971E+0	1.902900E+2	-1.450000E+3	-1.449357E+0	-2.252000E-1	6.435866E+3	-2.724054E+3	-1.480000E-2	4.031600E-2	3.500000E-5	-2.252000E-1	-1.554174E-1	-7.972973E+0	-1.480000E-2	1.180000E-4	1.000000E-2	0.000000E+0	5.000000E+1	2.000000E+0	5.000000E+1	2.000000E+0	1.000000E+0	1.240000E+2
