Tiempo (min)	T (K) 	I pulso(mA)	Vinst 1 (V)	Iinst 1 (mA)	Rinst 1(Ohm)	Rrem 1 (Ohm)	Ibias 1 (mA)	Vbias 1 (V)	Vinst 2 (V)	Iinst 2 (mA)	Rinst 2(Ohm)	Rrem 2 (Ohm)	Ibias 2 (mA)	Vbias 2 (V)	Ancho pulso (s)	Periodo (s)	Icc 1 (mA)	Vcc 1 (V)	Icc 2 (mA)	Vcc 2 (V)	2W 1?	N
1.051727E-2	2.005200E+2	-1.500000E+3	-1.500305E+0	-2.976250E+1	5.040924E+1	5.700286E+1	6.990000E-1	3.984500E-2	-8.524800E-2	-2.976250E+1	2.864276E+0	2.937053E+0	6.990000E-1	2.053000E-3	1.000000E-2	0.000000E+0	5.000000E+1	2.000000E+0	5.000000E+1	2.000000E+0	1.000000E+0	1.000000E+0
3.256853E-2	2.005200E+2	-1.450000E+3	-1.449836E+0	-2.864860E+1	5.060757E+1	5.624246E+1	7.127000E-1	4.008400E-2	-8.222900E-2	-2.864860E+1	2.870262E+0	3.572331E+0	7.127000E-1	2.546000E-3	1.000000E-2	0.000000E+0	5.000000E+1	2.000000E+0	5.000000E+1	2.000000E+0	1.000000E+0	2.000000E+0
5.513649E-2	2.005200E+2	-1.400000E+3	-1.399992E+0	-2.759650E+1	5.073078E+1	5.759344E+1	6.956000E-1	4.006200E-2	-7.955700E-2	-2.759650E+1	2.882866E+0	3.882979E+0	6.956000E-1	2.701000E-3	1.000000E-2	0.000000E+0	5.000000E+1	2.000000E+0	5.000000E+1	2.000000E+0	1.000000E+0	3.000000E+0
7.695440E-2	2.005200E+2	-1.350000E+3	-1.349746E+0	-2.653010E+1	5.087602E+1	5.617789E+1	7.229000E-1	4.061100E-2	-7.658900E-2	-2.653010E+1	2.886872E+0	3.005948E+0	7.229000E-1	2.173000E-3	1.000000E-2	0.000000E+0	5.000000E+1	2.000000E+0	5.000000E+1	2.000000E+0	1.000000E+0	4.000000E+0
9.948903E-2	2.005200E+2	-1.300000E+3	-1.300155E+0	-2.548320E+1	5.102008E+1	5.572651E+1	7.130000E-1	3.973300E-2	-7.317900E-2	-2.548320E+1	2.871657E+0	4.040673E+0	7.130000E-1	2.881000E-3	1.000000E-2	0.000000E+0	5.000000E+1	2.000000E+0	5.000000E+1	2.000000E+0	1.000000E+0	5.000000E+0
1.213069E-1	2.005200E+2	-1.250000E+3	-1.249604E+0	-2.444350E+1	5.112214E+1	5.663876E+1	7.048000E-1	3.991900E-2	-7.050800E-2	-2.444350E+1	2.884530E+0	3.591090E+0	7.048000E-1	2.531000E-3	1.000000E-2	0.000000E+0	5.000000E+1	2.000000E+0	5.000000E+1	2.000000E+0	1.000000E+0	6.000000E+0
1.439416E-1	2.005200E+2	-1.200000E+3	-1.199255E+0	-2.337980E+1	5.129449E+1	5.628667E+1	7.158000E-1	4.029000E-2	-6.741200E-2	-2.337980E+1	2.883344E+0	4.304275E+0	7.158000E-1	3.081000E-3	1.000000E-2	0.000000E+0	5.000000E+1	2.000000E+0	5.000000E+1	2.000000E+0	1.000000E+0	7.000000E+0
1.655595E-1	2.005200E+2	-1.150000E+3	-1.150092E+0	-2.235480E+1	5.144721E+1	5.688703E+1	7.064000E-1	4.018500E-2	-6.414800E-2	-2.235480E+1	2.869540E+0	3.247452E+0	7.064000E-1	2.294000E-3	1.000000E-2	0.000000E+0	5.000000E+1	2.000000E+0	5.000000E+1	2.000000E+0	1.000000E+0	8.000000E+0
1.872774E-1	2.005200E+2	-1.100000E+3	-1.099286E+0	-2.131070E+1	5.158376E+1	5.629729E+1	7.111000E-1	4.003300E-2	-6.100400E-2	-2.131070E+1	2.862600E+0	3.408803E+0	7.111000E-1	2.424000E-3	1.000000E-2	0.000000E+0	5.000000E+1	2.000000E+0	5.000000E+1	2.000000E+0	1.000000E+0	9.000000E+0
2.089119E-1	2.005200E+2	-1.050000E+3	-1.049365E+0	-2.027400E+1	5.175915E+1	5.666200E+1	7.148000E-1	4.050200E-2	-5.863200E-2	-2.027400E+1	2.891980E+0	4.075266E+0	7.148000E-1	2.913000E-3	1.000000E-2	0.000000E+0	5.000000E+1	2.000000E+0	5.000000E+1	2.000000E+0	1.000000E+0	1.000000E+1
2.322466E-1	2.005200E+2	-1.000000E+3	-1.000576E+0	-1.926610E+1	5.193454E+1	5.678430E+1	7.084000E-1	4.022600E-2	-5.468100E-2	-1.926610E+1	2.838198E+0	3.513552E+0	7.084000E-1	2.489000E-3	1.000000E-2	0.000000E+0	5.000000E+1	2.000000E+0	5.000000E+1	2.000000E+0	1.000000E+0	1.100000E+1
2.538979E-1	2.005200E+2	-9.500000E+2	-9.496710E-1	-1.822420E+1	5.211044E+1	5.659078E+1	7.072000E-1	4.002100E-2	-5.248400E-2	-1.822420E+1	2.879907E+0	3.561934E+0	7.072000E-1	2.519000E-3	1.000000E-2	0.000000E+0	5.000000E+1	2.000000E+0	5.000000E+1	2.000000E+0	1.000000E+0	1.200000E+1
2.759491E-1	2.005200E+2	-9.000000E+2	-9.002330E-1	-1.722070E+1	5.227621E+1	5.614577E+1	7.052000E-1	3.959400E-2	-4.932400E-2	-1.722070E+1	2.864227E+0	3.469938E+0	7.052000E-1	2.447000E-3	1.000000E-2	0.000000E+0	5.000000E+1	2.000000E+0	5.000000E+1	2.000000E+0	1.000000E+0	1.300000E+1
2.976170E-1	2.005200E+2	-8.500000E+2	-8.501620E-1	-1.619820E+1	5.248497E+1	5.650184E+1	7.078000E-1	3.999200E-2	-4.587500E-2	-1.619820E+1	2.832105E+0	3.906471E+0	7.078000E-1	2.765000E-3	1.000000E-2	0.000000E+0	5.000000E+1	2.000000E+0	5.000000E+1	2.000000E+0	1.000000E+0	1.400000E+1
3.201850E-1	2.005200E+2	-8.000000E+2	-8.002590E-1	-1.519810E+1	5.265520E+1	5.581470E+1	7.156000E-1	3.994100E-2	-4.253000E-2	-1.519810E+1	2.798376E+0	3.659866E+0	7.156000E-1	2.619000E-3	1.000000E-2	0.000000E+0	5.000000E+1	2.000000E+0	5.000000E+1	2.000000E+0	1.000000E+0	1.500000E+1
3.420196E-1	2.005200E+2	-7.500000E+2	-7.502690E-1	-1.419080E+1	5.287010E+1	5.689952E+1	7.086000E-1	4.031900E-2	-4.061400E-2	-1.419080E+1	2.861995E+0	3.227491E+0	7.086000E-1	2.287000E-3	1.000000E-2	0.000000E+0	5.000000E+1	2.000000E+0	5.000000E+1	2.000000E+0	1.000000E+0	1.600000E+1
3.641208E-1	2.005200E+2	-7.000000E+2	-6.999870E-1	-1.319370E+1	5.305464E+1	5.673997E+1	6.957000E-1	3.947400E-2	-3.799200E-2	-1.319370E+1	2.879556E+0	3.418140E+0	6.957000E-1	2.378000E-3	1.000000E-2	0.000000E+0	5.000000E+1	2.000000E+0	5.000000E+1	2.000000E+0	1.000000E+0	1.700000E+1
3.858221E-1	2.005200E+2	-6.500000E+2	-6.502370E-1	-1.220650E+1	5.326973E+1	5.612062E+1	7.130000E-1	4.001400E-2	-3.479200E-2	-1.220650E+1	2.850285E+0	3.943899E+0	7.130000E-1	2.812000E-3	1.000000E-2	0.000000E+0	5.000000E+1	2.000000E+0	5.000000E+1	2.000000E+0	1.000000E+0	1.800000E+1
4.083900E-1	2.005200E+2	-6.000000E+2	-6.000540E-1	-1.123160E+1	5.342551E+1	5.669604E+1	7.149000E-1	4.053200E-2	-3.207600E-2	-1.123160E+1	2.855871E+0	3.064764E+0	7.149000E-1	2.191000E-3	1.000000E-2	0.000000E+0	5.000000E+1	2.000000E+0	5.000000E+1	2.000000E+0	1.000000E+0	1.900000E+1
4.301746E-1	2.005200E+2	-5.500000E+2	-5.497550E-1	-1.024980E+1	5.363568E+1	5.616105E+1	7.153000E-1	4.017200E-2	-2.910300E-2	-1.024980E+1	2.839372E+0	3.774640E+0	7.153000E-1	2.700000E-3	1.000000E-2	0.000000E+0	5.000000E+1	2.000000E+0	5.000000E+1	2.000000E+0	1.000000E+0	2.000000E+1
4.527759E-1	2.005200E+2	-5.000000E+2	-5.011460E-1	-9.309800E+0	5.382994E+1	5.613656E+1	7.030000E-1	3.946400E-2	-2.596000E-2	-9.309800E+0	2.788459E+0	3.644381E+0	7.030000E-1	2.562000E-3	1.000000E-2	0.000000E+0	5.000000E+1	2.000000E+0	5.000000E+1	2.000000E+0	1.000000E+0	2.100000E+1
4.745771E-1	2.005200E+2	-4.500000E+2	-4.495020E-1	-8.330600E+0	5.395794E+1	5.653266E+1	6.965000E-1	3.937500E-2	-2.352900E-2	-8.330600E+0	2.824406E+0	3.747308E+0	6.965000E-1	2.610000E-3	1.000000E-2	0.000000E+0	5.000000E+1	2.000000E+0	5.000000E+1	2.000000E+0	1.000000E+0	2.200000E+1
4.971451E-1	2.005200E+2	-4.000000E+2	-4.006120E-1	-7.399700E+0	5.413895E+1	5.620738E+1	7.098000E-1	3.989600E-2	-2.110800E-2	-7.399700E+0	2.852548E+0	3.196675E+0	7.098000E-1	2.269000E-3	1.000000E-2	0.000000E+0	5.000000E+1	2.000000E+0	5.000000E+1	2.000000E+0	1.000000E+0	2.300000E+1
5.188963E-1	2.005200E+2	-3.500000E+2	-3.502210E-1	-6.452400E+0	5.427763E+1	5.653300E+1	7.107000E-1	4.017800E-2	-1.802400E-2	-6.452400E+0	2.793379E+0	3.217954E+0	7.107000E-1	2.287000E-3	1.000000E-2	0.000000E+0	5.000000E+1	2.000000E+0	5.000000E+1	2.000000E+0	1.000000E+0	2.400000E+1
5.414643E-1	2.005200E+2	-3.000000E+2	-2.998470E-1	-5.495200E+0	5.456526E+1	5.681456E+1	6.897000E-1	3.918500E-2	-1.575000E-2	-5.495200E+0	2.866138E+0	3.835001E+0	6.897000E-1	2.645000E-3	1.000000E-2	0.000000E+0	5.000000E+1	2.000000E+0	5.000000E+1	2.000000E+0	1.000000E+0	2.500000E+1
5.633322E-1	2.005200E+2	-2.500000E+2	-2.497620E-1	-4.572500E+0	5.462264E+1	5.609525E+1	7.181000E-1	4.028200E-2	-1.291100E-2	-4.572500E+0	2.823619E+0	3.507868E+0	7.181000E-1	2.519000E-3	1.000000E-2	0.000000E+0	5.000000E+1	2.000000E+0	5.000000E+1	2.000000E+0	1.000000E+0	2.600000E+1
5.860002E-1	2.005200E+2	-2.000000E+2	-2.000080E-1	-3.669200E+0	5.450997E+1	5.626089E+1	7.114000E-1	4.002400E-2	-9.799000E-3	-3.669200E+0	2.670609E+0	3.102333E+0	7.114000E-1	2.207000E-3	1.000000E-2	0.000000E+0	5.000000E+1	2.000000E+0	5.000000E+1	2.000000E+0	1.000000E+0	2.700000E+1
6.077681E-1	2.005200E+2	-1.500000E+2	-1.500220E-1	-2.748800E+0	5.457727E+1	5.663493E+1	7.037000E-1	3.985400E-2	-7.709000E-3	-2.748800E+0	2.804497E+0	2.931647E+0	7.037000E-1	2.063000E-3	1.000000E-2	0.000000E+0	5.000000E+1	2.000000E+0	5.000000E+1	2.000000E+0	1.000000E+0	2.800000E+1
6.303361E-1	2.005200E+2	-1.004950E+2	-1.004510E-1	-1.835200E+0	5.473572E+1	5.670837E+1	7.033000E-1	3.988300E-2	-4.643000E-3	-1.835200E+0	2.529969E+0	3.502062E+0	7.033000E-1	2.463000E-3	1.000000E-2	0.000000E+0	5.000000E+1	2.000000E+0	5.000000E+1	2.000000E+0	1.000000E+0	2.900000E+1
6.521706E-1	2.005200E+2	-5.099502E+1	-5.112400E-2	-9.476000E-1	5.395103E+1	5.554075E+1	7.203000E-1	4.000600E-2	-2.268000E-3	-9.476000E-1	2.393415E+0	3.062613E+0	7.203000E-1	2.206000E-3	1.000000E-2	0.000000E+0	5.000000E+1	2.000000E+0	5.000000E+1	2.000000E+0	1.000000E+0	3.000000E+1
6.747386E-1	2.005200E+2	-1.495000E+0	-1.305000E-3	-3.980000E-2	3.278894E+1	5.636824E+1	7.104000E-1	4.004400E-2	3.390000E-4	-3.980000E-2	-8.517588E+0	3.735923E+0	7.104000E-1	2.654000E-3	1.000000E-2	0.000000E+0	5.000000E+1	2.000000E+0	5.000000E+1	2.000000E+0	1.000000E+0	3.100000E+1
6.964898E-1	2.005200E+2	4.950002E+1	4.955300E-2	8.955000E-1	5.533557E+1	5.597695E+1	7.201000E-1	4.030900E-2	2.845000E-3	8.955000E-1	3.176996E+0	2.939869E+0	7.201000E-1	2.117000E-3	1.000000E-2	0.000000E+0	5.000000E+1	2.000000E+0	5.000000E+1	2.000000E+0	1.000000E+0	3.200000E+1
7.190911E-1	2.005200E+2	9.900005E+1	9.863800E-2	1.768000E+0	5.579072E+1	5.693373E+1	7.077000E-1	4.029200E-2	5.742000E-3	1.768000E+0	3.247738E+0	3.620178E+0	7.077000E-1	2.562000E-3	1.000000E-2	0.000000E+0	5.000000E+1	2.000000E+0	5.000000E+1	2.000000E+0	1.000000E+0	3.300000E+1
7.408424E-1	2.005200E+2	1.485001E+2	1.480020E-1	2.676000E+0	5.530717E+1	5.598057E+1	7.103000E-1	3.976300E-2	8.539000E-3	2.676000E+0	3.190957E+0	3.318316E+0	7.103000E-1	2.357000E-3	1.000000E-2	0.000000E+0	5.000000E+1	2.000000E+0	5.000000E+1	2.000000E+0	1.000000E+0	3.400000E+1
7.634770E-1	2.005200E+2	1.984951E+2	1.984430E-1	3.603900E+0	5.506340E+1	5.560789E+1	7.304000E-1	4.061600E-2	1.066700E-2	3.603900E+0	2.959849E+0	3.251643E+0	7.304000E-1	2.375000E-3	1.000000E-2	0.000000E+0	5.000000E+1	2.000000E+0	5.000000E+1	2.000000E+0	1.000000E+0	3.500000E+1
7.852949E-1	2.005200E+2	2.484951E+2	2.488210E-1	4.531500E+0	5.490919E+1	5.579642E+1	7.201000E-1	4.017900E-2	1.293500E-2	4.531500E+0	2.854463E+0	3.192612E+0	7.201000E-1	2.299000E-3	1.000000E-2	0.000000E+0	5.000000E+1	2.000000E+0	5.000000E+1	2.000000E+0	1.000000E+0	3.600000E+1
8.078795E-1	2.005200E+2	2.984951E+2	2.987840E-1	5.451500E+0	5.480767E+1	5.644158E+1	7.138000E-1	4.028800E-2	1.587100E-2	5.451500E+0	2.911309E+0	3.795181E+0	7.138000E-1	2.709000E-3	1.000000E-2	0.000000E+0	5.000000E+1	2.000000E+0	5.000000E+1	2.000000E+0	1.000000E+0	3.700000E+1
8.295641E-1	2.005200E+2	3.484951E+2	3.485840E-1	6.391400E+0	5.453954E+1	5.701571E+1	7.000000E-1	3.991100E-2	1.887100E-2	6.391400E+0	2.952561E+0	3.740000E+0	7.000000E-1	2.618000E-3	1.000000E-2	0.000000E+0	5.000000E+1	2.000000E+0	5.000000E+1	2.000000E+0	1.000000E+0	3.800000E+1
8.512820E-1	2.005200E+2	3.984951E+2	3.983460E-1	7.328400E+0	5.435648E+1	5.596977E+1	7.146000E-1	3.999600E-2	2.113200E-2	7.328400E+0	2.883576E+0	3.513854E+0	7.146000E-1	2.511000E-3	1.000000E-2	0.000000E+0	5.000000E+1	2.000000E+0	5.000000E+1	2.000000E+0	1.000000E+0	3.900000E+1
8.729999E-1	2.005200E+2	4.484951E+2	4.480810E-1	8.279400E+0	5.411998E+1	5.598560E+1	7.224000E-1	4.044400E-2	2.399900E-2	8.279400E+0	2.898640E+0	2.681340E+0	7.224000E-1	1.937000E-3	1.000000E-2	0.000000E+0	5.000000E+1	2.000000E+0	5.000000E+1	2.000000E+0	1.000000E+0	4.000000E+1
8.947178E-1	2.005200E+2	4.984951E+2	4.982830E-1	9.247300E+0	5.388416E+1	5.664063E+1	7.040000E-1	3.987500E-2	2.673800E-2	9.247300E+0	2.891439E+0	3.203125E+0	7.040000E-1	2.255000E-3	1.000000E-2	0.000000E+0	5.000000E+1	2.000000E+0	5.000000E+1	2.000000E+0	1.000000E+0	4.100000E+1
9.166358E-1	2.005200E+2	5.484951E+2	5.479250E-1	1.019490E+1	5.374501E+1	5.550515E+1	7.275000E-1	4.038000E-2	3.015000E-2	1.019490E+1	2.957361E+0	2.749141E+0	7.275000E-1	2.000000E-3	1.000000E-2	0.000000E+0	5.000000E+1	2.000000E+0	5.000000E+1	2.000000E+0	1.000000E+0	4.200000E+1
9.380370E-1	2.005200E+2	5.984951E+2	5.988000E-1	1.118150E+1	5.355274E+1	5.649944E+1	7.116000E-1	4.020500E-2	3.245600E-2	1.118150E+1	2.902652E+0	3.998033E+0	7.116000E-1	2.845000E-3	1.000000E-2	0.000000E+0	5.000000E+1	2.000000E+0	5.000000E+1	2.000000E+0	1.000000E+0	4.300000E+1
9.597716E-1	2.005200E+2	6.484951E+2	6.489710E-1	1.216970E+1	5.332679E+1	5.653857E+1	7.130000E-1	4.031200E-2	3.582500E-2	1.216970E+1	2.943787E+0	3.207574E+0	7.130000E-1	2.287000E-3	1.000000E-2	0.000000E+0	5.000000E+1	2.000000E+0	5.000000E+1	2.000000E+0	1.000000E+0	4.400000E+1
9.814728E-1	2.005200E+2	6.984951E+2	6.985980E-1	1.314750E+1	5.313542E+1	5.581677E+1	7.193000E-1	4.014900E-2	3.813200E-2	1.314750E+1	2.900323E+0	2.997359E+0	7.193000E-1	2.156000E-3	1.000000E-2	0.000000E+0	5.000000E+1	2.000000E+0	5.000000E+1	2.000000E+0	1.000000E+0	4.500000E+1
1.003191E+0	2.005200E+2	7.484951E+2	7.481200E-1	1.414630E+1	5.288450E+1	5.597353E+1	7.103000E-1	3.975800E-2	4.097200E-2	1.414630E+1	2.896305E+0	3.285936E+0	7.103000E-1	2.334000E-3	1.000000E-2	0.000000E+0	5.000000E+1	2.000000E+0	5.000000E+1	2.000000E+0	1.000000E+0	4.600000E+1
1.024875E+0	2.005200E+2	7.984951E+2	7.987440E-1	1.515300E+1	5.271194E+1	5.537142E+1	7.229000E-1	4.002800E-2	4.403600E-2	1.515300E+1	2.906091E+0	3.241112E+0	7.229000E-1	2.343000E-3	1.000000E-2	0.000000E+0	5.000000E+1	2.000000E+0	5.000000E+1	2.000000E+0	1.000000E+0	4.700000E+1
1.047460E+0	2.005200E+2	8.484951E+2	8.485700E-1	1.615050E+1	5.254141E+1	5.581758E+1	7.192000E-1	4.014400E-2	4.738300E-2	1.615050E+1	2.933841E+0	3.712458E+0	7.192000E-1	2.670000E-3	1.000000E-2	0.000000E+0	5.000000E+1	2.000000E+0	5.000000E+1	2.000000E+0	1.000000E+0	4.800000E+1
1.068928E+0	2.005200E+2	8.984951E+2	8.984780E-1	1.716930E+1	5.233050E+1	5.610837E+1	7.087000E-1	3.976400E-2	5.007600E-2	1.716930E+1	2.916601E+0	3.200226E+0	7.087000E-1	2.268000E-3	1.000000E-2	0.000000E+0	5.000000E+1	2.000000E+0	5.000000E+1	2.000000E+0	1.000000E+0	4.900000E+1
1.090646E+0	2.005200E+2	9.484951E+2	9.487440E-1	1.820120E+1	5.212535E+1	5.708500E+1	6.988000E-1	3.989100E-2	5.311600E-2	1.820120E+1	2.918269E+0	3.969662E+0	6.988000E-1	2.774000E-3	1.000000E-2	0.000000E+0	5.000000E+1	2.000000E+0	5.000000E+1	2.000000E+0	1.000000E+0	5.000000E+1
1.112347E+0	2.005200E+2	9.984951E+2	9.989180E-1	1.923790E+1	5.192448E+1	5.614345E+1	7.180000E-1	4.031100E-2	5.588500E-2	1.923790E+1	2.904943E+0	3.033426E+0	7.180000E-1	2.178000E-3	1.000000E-2	0.000000E+0	5.000000E+1	2.000000E+0	5.000000E+1	2.000000E+0	1.000000E+0	5.100000E+1
1.134082E+0	2.005200E+2	1.048495E+3	1.048515E+0	2.026800E+1	5.173253E+1	5.597138E+1	7.057000E-1	3.949900E-2	5.849300E-2	2.026800E+1	2.885978E+0	3.324359E+0	7.057000E-1	2.346000E-3	1.000000E-2	0.000000E+0	5.000000E+1	2.000000E+0	5.000000E+1	2.000000E+0	1.000000E+0	5.200000E+1
1.155783E+0	2.005200E+2	1.098495E+3	1.098695E+0	2.131480E+1	5.154611E+1	5.609244E+1	7.140000E-1	4.005000E-2	6.152800E-2	2.131480E+1	2.886633E+0	3.963585E+0	7.140000E-1	2.830000E-3	1.000000E-2	0.000000E+0	5.000000E+1	2.000000E+0	5.000000E+1	2.000000E+0	1.000000E+0	5.300000E+1
1.178384E+0	2.005200E+2	1.148495E+3	1.148699E+0	2.236650E+1	5.135801E+1	5.677745E+1	7.041000E-1	3.997700E-2	6.486500E-2	2.236650E+1	2.900096E+0	3.618804E+0	7.041000E-1	2.548000E-3	1.000000E-2	0.000000E+0	5.000000E+1	2.000000E+0	5.000000E+1	2.000000E+0	1.000000E+0	5.400000E+1
1.199785E+0	2.005200E+2	1.198495E+3	1.198485E+0	2.343900E+1	5.113209E+1	5.694160E+1	7.020000E-1	3.997300E-2	6.815800E-2	2.343900E+1	2.907889E+0	3.690883E+0	7.020000E-1	2.591000E-3	1.000000E-2	0.000000E+0	5.000000E+1	2.000000E+0	5.000000E+1	2.000000E+0	1.000000E+0	5.500000E+1
1.221487E+0	2.005200E+2	1.248495E+3	1.248354E+0	2.452950E+1	5.089195E+1	5.546795E+1	7.255000E-1	4.024200E-2	7.118200E-2	2.452950E+1	2.901894E+0	4.038594E+0	7.255000E-1	2.930000E-3	1.000000E-2	0.000000E+0	5.000000E+1	2.000000E+0	5.000000E+1	2.000000E+0	1.000000E+0	5.600000E+1
1.243221E+0	2.005200E+2	1.298495E+3	1.298956E+0	2.565160E+1	5.063840E+1	5.559906E+1	7.228000E-1	4.018700E-2	7.408500E-2	2.565160E+1	2.888124E+0	3.339790E+0	7.228000E-1	2.414000E-3	1.000000E-2	0.000000E+0	5.000000E+1	2.000000E+0	5.000000E+1	2.000000E+0	1.000000E+0	5.700000E+1
1.264906E+0	2.005200E+2	1.348495E+3	1.348639E+0	2.673760E+1	5.043979E+1	5.573020E+1	7.183000E-1	4.003100E-2	7.735000E-2	2.673760E+1	2.892930E+0	3.552833E+0	7.183000E-1	2.552000E-3	1.000000E-2	0.000000E+0	5.000000E+1	2.000000E+0	5.000000E+1	2.000000E+0	1.000000E+0	5.800000E+1
1.286607E+0	2.005200E+2	1.398495E+3	1.398156E+0	2.784530E+1	5.021156E+1	5.595023E+1	7.072000E-1	3.956800E-2	8.071800E-2	2.784530E+1	2.898802E+0	3.192873E+0	7.072000E-1	2.258000E-3	1.000000E-2	0.000000E+0	5.000000E+1	2.000000E+0	5.000000E+1	2.000000E+0	1.000000E+0	5.900000E+1
1.309358E+0	2.005200E+2	1.448495E+3	1.449304E+0	2.900190E+1	4.997273E+1	5.603694E+1	7.146000E-1	4.004400E-2	8.341800E-2	2.900190E+1	2.876294E+0	3.659390E+0	7.146000E-1	2.615000E-3	1.000000E-2	0.000000E+0	5.000000E+1	2.000000E+0	5.000000E+1	2.000000E+0	1.000000E+0	6.000000E+1
1.330776E+0	2.005200E+2	1.498495E+3	1.498567E+0	3.012750E+1	4.974083E+1	5.570618E+1	7.052000E-1	3.928400E-2	8.746400E-2	3.012750E+1	2.903128E+0	2.979297E+0	7.052000E-1	2.101000E-3	1.000000E-2	0.000000E+0	5.000000E+1	2.000000E+0	5.000000E+1	2.000000E+0	1.000000E+0	6.100000E+1
1.352661E+0	2.005200E+2	1.500000E+3	1.500320E+0	3.020910E+1	4.966451E+1	5.588219E+1	7.028000E-1	3.927400E-2	8.694500E-2	3.020910E+1	2.878106E+0	2.968127E+0	7.028000E-1	2.086000E-3	1.000000E-2	0.000000E+0	5.000000E+1	2.000000E+0	5.000000E+1	2.000000E+0	1.000000E+0	6.200000E+1
1.374379E+0	2.005200E+2	1.450000E+3	1.450708E+0	2.917530E+1	4.972384E+1	5.513517E+1	7.250000E-1	3.997300E-2	8.429500E-2	2.917530E+1	2.889259E+0	3.074483E+0	7.250000E-1	2.229000E-3	1.000000E-2	0.000000E+0	5.000000E+1	2.000000E+0	5.000000E+1	2.000000E+0	1.000000E+0	6.300000E+1
1.396063E+0	2.005200E+2	1.400000E+3	1.400220E+0	2.811690E+1	4.979994E+1	5.509146E+1	7.216000E-1	3.975400E-2	8.133500E-2	2.811690E+1	2.892744E+0	3.457594E+0	7.216000E-1	2.495000E-3	1.000000E-2	0.000000E+0	5.000000E+1	2.000000E+0	5.000000E+1	2.000000E+0	1.000000E+0	6.400000E+1
1.417748E+0	2.005200E+2	1.350000E+3	1.349346E+0	2.703220E+1	4.991625E+1	5.473684E+1	7.258000E-1	3.972800E-2	7.834500E-2	2.703220E+1	2.898210E+0	3.598788E+0	7.258000E-1	2.612000E-3	1.000000E-2	0.000000E+0	5.000000E+1	2.000000E+0	5.000000E+1	2.000000E+0	1.000000E+0	6.500000E+1
1.439416E+0	2.005200E+2	1.300000E+3	1.299731E+0	2.597270E+1	5.004220E+1	5.495643E+1	7.344000E-1	4.036000E-2	7.574900E-2	2.597270E+1	2.916485E+0	3.265251E+0	7.344000E-1	2.398000E-3	1.000000E-2	0.000000E+0	5.000000E+1	2.000000E+0	5.000000E+1	2.000000E+0	1.000000E+0	6.600000E+1
1.461067E+0	2.005200E+2	1.250000E+3	1.250506E+0	2.491760E+1	5.018565E+1	5.593480E+1	7.178000E-1	4.015000E-2	7.241800E-2	2.491760E+1	2.906299E+0	3.383951E+0	7.178000E-1	2.429000E-3	1.000000E-2	0.000000E+0	5.000000E+1	2.000000E+0	5.000000E+1	2.000000E+0	1.000000E+0	6.700000E+1
1.483118E+0	2.005200E+2	1.200000E+3	1.200336E+0	2.383450E+1	5.036128E+1	5.563949E+1	7.162000E-1	3.984900E-2	6.847400E-2	2.383450E+1	2.872894E+0	4.373080E+0	7.162000E-1	3.132000E-3	1.000000E-2	0.000000E+0	5.000000E+1	2.000000E+0	5.000000E+1	2.000000E+0	1.000000E+0	6.800000E+1
1.504769E+0	2.005200E+2	1.150000E+3	1.149628E+0	2.275740E+1	5.051667E+1	5.565048E+1	7.187000E-1	3.999600E-2	6.598200E-2	2.275740E+1	2.899365E+0	3.482677E+0	7.187000E-1	2.503000E-3	1.000000E-2	0.000000E+0	5.000000E+1	2.000000E+0	5.000000E+1	2.000000E+0	1.000000E+0	6.900000E+1
1.527221E+0	2.005200E+2	1.100000E+3	1.099829E+0	2.170820E+1	5.066422E+1	5.498761E+1	7.262000E-1	3.993200E-2	6.300600E-2	2.170820E+1	2.902406E+0	3.892867E+0	7.262000E-1	2.827000E-3	1.000000E-2	0.000000E+0	5.000000E+1	2.000000E+0	5.000000E+1	2.000000E+0	1.000000E+0	7.000000E+1
1.548905E+0	2.005200E+2	1.050000E+3	1.050149E+0	2.065380E+1	5.084532E+1	5.507576E+1	7.260000E-1	3.998500E-2	5.990200E-2	2.065380E+1	2.900290E+0	3.512397E+0	7.260000E-1	2.550000E-3	1.000000E-2	0.000000E+0	5.000000E+1	2.000000E+0	5.000000E+1	2.000000E+0	1.000000E+0	7.100000E+1
1.571357E+0	2.005200E+2	1.000000E+3	1.000122E+0	1.959550E+1	5.103835E+1	5.534456E+1	7.183000E-1	3.975400E-2	5.647800E-2	1.959550E+1	2.882192E+0	3.678129E+0	7.183000E-1	2.642000E-3	1.000000E-2	0.000000E+0	5.000000E+1	2.000000E+0	5.000000E+1	2.000000E+0	1.000000E+0	7.200000E+1
1.593024E+0	2.005200E+2	9.500000E+2	9.505660E-1	1.856140E+1	5.121198E+1	5.472128E+1	7.337000E-1	4.014900E-2	5.403000E-2	1.856140E+1	2.910880E+0	3.107537E+0	7.337000E-1	2.280000E-3	1.000000E-2	0.000000E+0	5.000000E+1	2.000000E+0	5.000000E+1	2.000000E+0	1.000000E+0	7.300000E+1
1.615559E+0	2.005200E+2	9.000000E+2	8.998550E-1	1.751160E+1	5.138622E+1	5.518030E+1	7.349000E-1	4.055200E-2	5.121200E-2	1.751160E+1	2.924461E+0	3.853586E+0	7.349000E-1	2.832000E-3	1.000000E-2	0.000000E+0	5.000000E+1	2.000000E+0	5.000000E+1	2.000000E+0	1.000000E+0	7.400000E+1
1.637344E+0	2.005200E+2	8.500000E+2	8.501910E-1	1.647630E+1	5.160084E+1	5.499034E+1	7.248000E-1	3.985700E-2	4.767500E-2	1.647630E+1	2.893550E+0	3.599614E+0	7.248000E-1	2.609000E-3	1.000000E-2	0.000000E+0	5.000000E+1	2.000000E+0	5.000000E+1	2.000000E+0	1.000000E+0	7.500000E+1
1.659795E+0	2.005200E+2	8.000000E+2	8.002930E-1	1.545780E+1	5.177276E+1	5.490148E+1	7.308000E-1	4.012200E-2	4.526300E-2	1.545780E+1	2.928166E+0	3.329228E+0	7.308000E-1	2.433000E-3	1.000000E-2	0.000000E+0	5.000000E+1	2.000000E+0	5.000000E+1	2.000000E+0	1.000000E+0	7.600000E+1
1.681463E+0	2.005200E+2	7.500000E+2	7.503480E-1	1.444690E+1	5.193834E+1	5.576671E+1	7.167000E-1	3.996800E-2	4.174800E-2	1.444690E+1	2.889755E+0	3.330543E+0	7.167000E-1	2.387000E-3	1.000000E-2	0.000000E+0	5.000000E+1	2.000000E+0	5.000000E+1	2.000000E+0	1.000000E+0	7.700000E+1
1.703931E+0	2.005200E+2	7.000000E+2	7.006270E-1	1.343080E+1	5.216569E+1	5.491245E+1	7.310000E-1	4.014100E-2	3.944400E-2	1.343080E+1	2.936832E+0	3.317373E+0	7.310000E-1	2.425000E-3	1.000000E-2	0.000000E+0	5.000000E+1	2.000000E+0	5.000000E+1	2.000000E+0	1.000000E+0	7.800000E+1
1.725699E+0	2.005200E+2	6.500000E+2	6.500150E-1	1.241270E+1	5.236693E+1	5.504933E+1	7.197000E-1	3.961900E-2	3.622500E-2	1.241270E+1	2.918382E+0	3.698763E+0	7.197000E-1	2.662000E-3	1.000000E-2	0.000000E+0	5.000000E+1	2.000000E+0	5.000000E+1	2.000000E+0	1.000000E+0	7.900000E+1
1.747683E+0	2.005200E+2	6.000000E+2	5.999930E-1	1.140940E+1	5.258760E+1	5.516842E+1	7.244000E-1	3.996400E-2	3.272500E-2	1.140940E+1	2.868249E+0	2.892049E+0	7.244000E-1	2.095000E-3	1.000000E-2	0.000000E+0	5.000000E+1	2.000000E+0	5.000000E+1	2.000000E+0	1.000000E+0	8.000000E+1
1.769368E+0	2.005200E+2	5.500000E+2	5.497650E-1	1.041680E+1	5.277676E+1	5.572515E+1	7.233000E-1	4.030600E-2	3.080400E-2	1.041680E+1	2.957146E+0	3.695562E+0	7.233000E-1	2.673000E-3	1.000000E-2	0.000000E+0	5.000000E+1	2.000000E+0	5.000000E+1	2.000000E+0	1.000000E+0	8.100000E+1
1.791902E+0	2.005200E+2	5.000000E+2	4.999670E-1	9.439000E+0	5.296822E+1	5.457805E+1	7.335000E-1	4.003300E-2	2.761800E-2	9.439000E+0	2.925946E+0	3.610089E+0	7.335000E-1	2.648000E-3	1.000000E-2	0.000000E+0	5.000000E+1	2.000000E+0	5.000000E+1	2.000000E+0	1.000000E+0	8.200000E+1
1.813654E+0	2.005200E+2	4.500000E+2	4.496990E-1	8.458700E+0	5.316408E+1	5.450931E+1	7.520000E-1	4.099100E-2	2.462800E-2	8.458700E+0	2.911559E+0	3.182181E+0	7.520000E-1	2.393000E-3	1.000000E-2	0.000000E+0	5.000000E+1	2.000000E+0	5.000000E+1	2.000000E+0	1.000000E+0	8.300000E+1
1.836088E+0	2.005200E+2	4.000000E+2	4.001690E-1	7.493400E+0	5.340286E+1	5.549229E+1	7.201000E-1	3.996000E-2	2.175200E-2	7.493400E+0	2.902821E+0	3.650882E+0	7.201000E-1	2.629000E-3	1.000000E-2	0.000000E+0	5.000000E+1	2.000000E+0	5.000000E+1	2.000000E+0	1.000000E+0	8.400000E+1
1.857790E+0	2.005200E+2	3.500000E+2	3.498550E-1	6.523900E+0	5.362667E+1	5.479049E+1	7.231000E-1	3.961900E-2	1.919400E-2	6.523900E+0	2.942105E+0	3.612225E+0	7.231000E-1	2.612000E-3	1.000000E-2	0.000000E+0	5.000000E+1	2.000000E+0	5.000000E+1	2.000000E+0	1.000000E+0	8.500000E+1
1.879824E+0	2.005200E+2	3.000000E+2	3.002060E-1	5.592200E+0	5.368299E+1	5.483146E+1	7.209000E-1	3.952800E-2	1.707300E-2	5.592200E+0	3.053002E+0	3.112776E+0	7.209000E-1	2.244000E-3	1.000000E-2	0.000000E+0	5.000000E+1	2.000000E+0	5.000000E+1	2.000000E+0	1.000000E+0	8.600000E+1
1.901509E+0	2.005200E+2	2.500000E+2	2.498970E-1	4.636500E+0	5.389777E+1	5.532545E+1	7.190000E-1	3.977900E-2	1.332400E-2	4.636500E+0	2.873719E+0	2.801113E+0	7.190000E-1	2.014000E-3	1.000000E-2	0.000000E+0	5.000000E+1	2.000000E+0	5.000000E+1	2.000000E+0	1.000000E+0	8.700000E+1
1.924027E+0	2.005200E+2	2.000000E+2	2.000450E-1	3.693800E+0	5.415697E+1	5.526561E+1	7.304000E-1	4.036600E-2	1.121300E-2	3.693800E+0	3.035627E+0	2.996988E+0	7.304000E-1	2.189000E-3	1.000000E-2	0.000000E+0	5.000000E+1	2.000000E+0	5.000000E+1	2.000000E+0	1.000000E+0	8.800000E+1
1.945795E+0	2.005200E+2	1.500000E+2	1.493590E-1	2.759300E+0	5.412931E+1	5.513429E+1	7.335000E-1	4.044100E-2	8.261000E-3	2.759300E+0	2.993875E+0	3.592365E+0	7.335000E-1	2.635000E-3	1.000000E-2	0.000000E+0	5.000000E+1	2.000000E+0	5.000000E+1	2.000000E+0	1.000000E+0	8.900000E+1
1.968346E+0	2.005200E+2	1.004950E+2	1.006390E-1	1.844600E+0	5.455871E+1	5.556769E+1	7.328000E-1	4.072000E-2	6.058000E-3	1.844600E+0	3.284181E+0	3.599891E+0	7.328000E-1	2.638000E-3	1.000000E-2	0.000000E+0	5.000000E+1	2.000000E+0	5.000000E+1	2.000000E+0	1.000000E+0	9.000000E+1
1.989980E+0	2.005200E+2	5.099502E+1	5.141300E-2	9.301000E-1	5.527685E+1	5.583818E+1	7.218000E-1	4.030400E-2	2.762000E-3	9.301000E-1	2.969573E+0	3.837628E+0	7.218000E-1	2.770000E-3	1.000000E-2	0.000000E+0	5.000000E+1	2.000000E+0	5.000000E+1	2.000000E+0	1.000000E+0	9.100000E+1
2.012082E+0	2.005200E+2	1.495000E+0	1.539000E-3	2.130000E-2	7.225352E+1	5.463349E+1	7.394000E-1	4.039600E-2	5.170000E-4	2.130000E-2	2.427230E+1	3.244523E+0	7.394000E-1	2.399000E-3	1.000000E-2	0.000000E+0	5.000000E+1	2.000000E+0	5.000000E+1	2.000000E+0	1.000000E+0	9.200000E+1
2.033783E+0	2.005200E+2	-4.950002E+1	-4.890000E-2	-9.124000E-1	5.359491E+1	5.509739E+1	7.239000E-1	3.988500E-2	-2.326000E-3	-9.124000E-1	2.549320E+0	3.532256E+0	7.239000E-1	2.557000E-3	1.000000E-2	0.000000E+0	5.000000E+1	2.000000E+0	5.000000E+1	2.000000E+0	1.000000E+0	9.300000E+1
2.056351E+0	2.005200E+2	-9.900005E+1	-9.945500E-2	-1.862400E+0	5.340152E+1	5.563818E+1	7.302000E-1	4.062700E-2	-4.558000E-3	-1.862400E+0	2.447380E+0	3.399069E+0	7.302000E-1	2.482000E-3	1.000000E-2	0.000000E+0	5.000000E+1	2.000000E+0	5.000000E+1	2.000000E+0	1.000000E+0	9.400000E+1
2.078069E+0	2.005200E+2	-1.485001E+2	-1.485810E-1	-2.765300E+0	5.373052E+1	5.504218E+1	7.350000E-1	4.045600E-2	-7.182000E-3	-2.765300E+0	2.597187E+0	3.627211E+0	7.350000E-1	2.666000E-3	1.000000E-2	0.000000E+0	5.000000E+1	2.000000E+0	5.000000E+1	2.000000E+0	1.000000E+0	9.500000E+1
2.100120E+0	2.005200E+2	-1.984951E+2	-1.988090E-1	-3.701200E+0	5.371474E+1	5.554133E+1	7.186000E-1	3.991200E-2	-1.056000E-2	-3.701200E+0	2.853129E+0	3.252157E+0	7.186000E-1	2.337000E-3	1.000000E-2	0.000000E+0	5.000000E+1	2.000000E+0	5.000000E+1	2.000000E+0	1.000000E+0	9.600000E+1
2.121771E+0	2.005200E+2	-2.484951E+2	-2.488970E-1	-4.648100E+0	5.354812E+1	5.501506E+1	7.306000E-1	4.019400E-2	-1.273700E-2	-4.648100E+0	2.740259E+0	3.171366E+0	7.306000E-1	2.317000E-3	1.000000E-2	0.000000E+0	5.000000E+1	2.000000E+0	5.000000E+1	2.000000E+0	1.000000E+0	9.700000E+1
2.144373E+0	2.005200E+2	-2.984951E+2	-2.988500E-1	-5.587400E+0	5.348642E+1	5.489098E+1	7.430000E-1	4.078400E-2	-1.580400E-2	-5.587400E+0	2.828507E+0	3.432032E+0	7.430000E-1	2.550000E-3	1.000000E-2	0.000000E+0	5.000000E+1	2.000000E+0	5.000000E+1	2.000000E+0	1.000000E+0	9.800000E+1
2.166124E+0	2.005200E+2	-3.484951E+2	-3.482020E-1	-6.521900E+0	5.338966E+1	5.558057E+1	7.286000E-1	4.049600E-2	-1.846100E-2	-6.521900E+0	2.830617E+0	2.801263E+0	7.286000E-1	2.041000E-3	1.000000E-2	0.000000E+0	5.000000E+1	2.000000E+0	5.000000E+1	2.000000E+0	1.000000E+0	9.900000E+1
2.188709E+0	2.005200E+2	-3.984951E+2	-3.983210E-1	-7.493200E+0	5.315766E+1	5.515152E+1	7.227000E-1	3.985800E-2	-2.091500E-2	-7.493200E+0	2.791197E+0	3.752594E+0	7.227000E-1	2.712000E-3	1.000000E-2	0.000000E+0	5.000000E+1	2.000000E+0	5.000000E+1	2.000000E+0	1.000000E+0	1.000000E+2
2.210476E+0	2.005200E+2	-4.484951E+2	-4.487120E-1	-8.477800E+0	5.292788E+1	5.527488E+1	7.276000E-1	4.021800E-2	-2.418300E-2	-8.477800E+0	2.852509E+0	3.567894E+0	7.276000E-1	2.596000E-3	1.000000E-2	0.000000E+0	5.000000E+1	2.000000E+0	5.000000E+1	2.000000E+0	1.000000E+0	1.010000E+2
2.232561E+0	2.005200E+2	-4.984951E+2	-4.985360E-1	-9.443800E+0	5.278977E+1	5.479553E+1	7.336000E-1	4.019800E-2	-2.704600E-2	-9.443800E+0	2.863890E+0	3.034351E+0	7.336000E-1	2.226000E-3	1.000000E-2	0.000000E+0	5.000000E+1	2.000000E+0	5.000000E+1	2.000000E+0	1.000000E+0	1.020000E+2
2.254462E+0	2.005200E+2	-5.484951E+2	-5.483490E-1	-1.043190E+1	5.256463E+1	5.567290E+1	7.111000E-1	3.958900E-2	-2.940000E-2	-1.043190E+1	2.818279E+0	3.680214E+0	7.111000E-1	2.617000E-3	1.000000E-2	0.000000E+0	5.000000E+1	2.000000E+0	5.000000E+1	2.000000E+0	1.000000E+0	1.030000E+2
2.277047E+0	2.005200E+2	-5.984951E+2	-5.991980E-1	-1.143090E+1	5.241914E+1	5.467562E+1	7.152000E-1	3.910400E-2	-3.241200E-2	-1.143090E+1	2.835472E+0	4.003076E+0	7.152000E-1	2.863000E-3	1.000000E-2	0.000000E+0	5.000000E+1	2.000000E+0	5.000000E+1	2.000000E+0	1.000000E+0	1.040000E+2
2.298731E+0	2.005200E+2	-6.484951E+2	-6.484290E-1	-1.241200E+1	5.224210E+1	5.560316E+1	7.212000E-1	4.010100E-2	-3.509500E-2	-1.241200E+1	2.827506E+0	3.820022E+0	7.212000E-1	2.755000E-3	1.000000E-2	0.000000E+0	5.000000E+1	2.000000E+0	5.000000E+1	2.000000E+0	1.000000E+0	1.050000E+2
2.321233E+0	2.005200E+2	-6.984951E+2	-6.981690E-1	-1.342300E+1	5.201289E+1	5.577291E+1	7.116000E-1	3.968800E-2	-3.814600E-2	-1.342300E+1	2.841839E+0	3.788645E+0	7.116000E-1	2.696000E-3	1.000000E-2	0.000000E+0	5.000000E+1	2.000000E+0	5.000000E+1	2.000000E+0	1.000000E+0	1.060000E+2
2.342851E+0	2.005200E+2	-7.484951E+2	-7.488550E-1	-1.445070E+1	5.182137E+1	5.451635E+1	7.371000E-1	4.018400E-2	-4.084700E-2	-1.445070E+1	2.826645E+0	3.123050E+0	7.371000E-1	2.302000E-3	1.000000E-2	0.000000E+0	5.000000E+1	2.000000E+0	5.000000E+1	2.000000E+0	1.000000E+0	1.070000E+2
2.365319E+0	2.005200E+2	-7.984951E+2	-7.986200E-1	-1.545520E+1	5.167322E+1	5.521027E+1	7.205000E-1	3.977900E-2	-4.444800E-2	-1.545520E+1	2.875925E+0	2.423317E+0	7.205000E-1	1.746000E-3	1.000000E-2	0.000000E+0	5.000000E+1	2.000000E+0	5.000000E+1	2.000000E+0	1.000000E+0	1.080000E+2
2.387053E+0	2.005200E+2	-8.484951E+2	-8.483950E-1	-1.649560E+1	5.143159E+1	5.532853E+1	7.214000E-1	3.991400E-2	-4.702800E-2	-1.649560E+1	2.850942E+0	3.738564E+0	7.214000E-1	2.697000E-3	1.000000E-2	0.000000E+0	5.000000E+1	2.000000E+0	5.000000E+1	2.000000E+0	1.000000E+0	1.090000E+2
2.409488E+0	2.005200E+2	-8.984951E+2	-8.982550E-1	-1.752900E+1	5.124394E+1	5.544897E+1	7.339000E-1	4.069400E-2	-5.014000E-2	-1.752900E+1	2.860403E+0	3.327429E+0	7.339000E-1	2.442000E-3	1.000000E-2	0.000000E+0	5.000000E+1	2.000000E+0	5.000000E+1	2.000000E+0	1.000000E+0	1.100000E+2
2.431139E+0	2.005200E+2	-9.484951E+2	-9.487810E-1	-1.858010E+1	5.106436E+1	5.484101E+1	7.296000E-1	4.001200E-2	-5.350300E-2	-1.858010E+1	2.879586E+0	3.825384E+0	7.296000E-1	2.791000E-3	1.000000E-2	0.000000E+0	5.000000E+1	2.000000E+0	5.000000E+1	2.000000E+0	1.000000E+0	1.110000E+2
2.452857E+0	2.005200E+2	-9.984951E+2	-9.985180E-1	-1.961000E+1	5.091882E+1	5.477088E+1	7.267000E-1	3.980200E-2	-5.638700E-2	-1.961000E+1	2.875421E+0	3.306729E+0	7.267000E-1	2.403000E-3	1.000000E-2	0.000000E+0	5.000000E+1	2.000000E+0	5.000000E+1	2.000000E+0	1.000000E+0	1.120000E+2
2.474525E+0	2.005200E+2	-1.048495E+3	-1.048641E+0	-2.067090E+1	5.073030E+1	5.497995E+1	7.233000E-1	3.976700E-2	-5.934200E-2	-2.067090E+1	2.870799E+0	2.365547E+0	7.233000E-1	1.711000E-3	1.000000E-2	0.000000E+0	5.000000E+1	2.000000E+0	5.000000E+1	2.000000E+0	1.000000E+0	1.130000E+2
2.496993E+0	2.005200E+2	-1.098495E+3	-1.098331E+0	-2.173030E+1	5.054376E+1	5.552339E+1	7.184000E-1	3.988800E-2	-6.225200E-2	-2.173030E+1	2.864756E+0	3.765312E+0	7.184000E-1	2.705000E-3	1.000000E-2	0.000000E+0	5.000000E+1	2.000000E+0	5.000000E+1	2.000000E+0	1.000000E+0	1.140000E+2
2.518744E+0	2.005200E+2	-1.148495E+3	-1.148625E+0	-2.280530E+1	5.036658E+1	5.462039E+1	7.376000E-1	4.028800E-2	-6.513300E-2	-2.280530E+1	2.856047E+0	3.008406E+0	7.376000E-1	2.219000E-3	1.000000E-2	0.000000E+0	5.000000E+1	2.000000E+0	5.000000E+1	2.000000E+0	1.000000E+0	1.150000E+2
2.541179E+0	2.005200E+2	-1.198495E+3	-1.198064E+0	-2.385440E+1	5.022403E+1	5.467449E+1	7.327000E-1	4.006000E-2	-6.815700E-2	-2.385440E+1	2.857209E+0	3.351986E+0	7.327000E-1	2.456000E-3	1.000000E-2	0.000000E+0	5.000000E+1	2.000000E+0	5.000000E+1	2.000000E+0	1.000000E+0	1.160000E+2
2.562847E+0	2.005200E+2	-1.248495E+3	-1.249082E+0	-2.494690E+1	5.006963E+1	5.561763E+1	7.124000E-1	3.962200E-2	-7.126200E-2	-2.494690E+1	2.856547E+0	3.338012E+0	7.124000E-1	2.378000E-3	1.000000E-2	0.000000E+0	5.000000E+1	2.000000E+0	5.000000E+1	2.000000E+0	1.000000E+0	1.170000E+2
2.585298E+0	2.005200E+2	-1.298495E+3	-1.297898E+0	-2.600610E+1	4.990744E+1	5.542126E+1	7.074000E-1	3.920500E-2	-7.446000E-2	-2.600610E+1	2.863174E+0	3.777212E+0	7.074000E-1	2.672000E-3	1.000000E-2	0.000000E+0	5.000000E+1	2.000000E+0	5.000000E+1	2.000000E+0	1.000000E+0	1.180000E+2
2.606966E+0	2.005200E+2	-1.348495E+3	-1.347837E+0	-2.708460E+1	4.976396E+1	5.488926E+1	7.269000E-1	3.989900E-2	-7.698500E-2	-2.708460E+1	2.842390E+0	3.303068E+0	7.269000E-1	2.401000E-3	1.000000E-2	0.000000E+0	5.000000E+1	2.000000E+0	5.000000E+1	2.000000E+0	1.000000E+0	1.190000E+2
2.628984E+0	2.005200E+2	-1.398495E+3	-1.398656E+0	-2.818160E+1	4.963011E+1	5.488716E+1	7.311000E-1	4.012800E-2	-8.067800E-2	-2.818160E+1	2.862790E+0	3.189714E+0	7.311000E-1	2.332000E-3	1.000000E-2	0.000000E+0	5.000000E+1	2.000000E+0	5.000000E+1	2.000000E+0	1.000000E+0	1.200000E+2
2.650702E+0	2.005200E+2	-1.448495E+3	-1.448606E+0	-2.922870E+1	4.956108E+1	5.466368E+1	7.359000E-1	4.022700E-2	-8.361800E-2	-2.922870E+1	2.860818E+0	3.785840E+0	7.359000E-1	2.786000E-3	1.000000E-2	0.000000E+0	5.000000E+1	2.000000E+0	5.000000E+1	2.000000E+0	1.000000E+0	1.210000E+2
2.673270E+0	2.005200E+2	-1.498495E+3	-1.498790E+0	-3.028230E+1	4.949393E+1	5.515778E+1	7.162000E-1	3.950400E-2	-8.635100E-2	-3.028230E+1	2.851534E+0	3.256074E+0	7.162000E-1	2.332000E-3	1.000000E-2	0.000000E+0	5.000000E+1	2.000000E+0	5.000000E+1	2.000000E+0	1.000000E+0	1.220000E+2
2.695137E+0	2.005200E+2	-1.500000E+3	-1.499694E+0	-3.027890E+1	4.952934E+1	5.555417E+1	7.236000E-1	4.019900E-2	-8.625100E-2	-3.027890E+1	2.848551E+0	2.950525E+0	7.236000E-1	2.135000E-3	1.000000E-2	0.000000E+0	5.000000E+1	2.000000E+0	5.000000E+1	2.000000E+0	1.000000E+0	1.230000E+2
2.717755E+0	2.005200E+2	-1.450000E+3	-1.449914E+0	-2.917120E+1	4.970361E+1	5.578757E+1	7.174000E-1	4.002200E-2	-8.313800E-2	-2.917120E+1	2.850003E+0	3.042933E+0	7.174000E-1	2.183000E-3	1.000000E-2	0.000000E+0	5.000000E+1	2.000000E+0	5.000000E+1	2.000000E+0	1.000000E+0	1.240000E+2
