Tiempo (min)	T (K) 	I pulso(mA)	Vinst 1 (V)	Iinst 1 (mA)	Rinst 1(Ohm)	Rrem 1 (Ohm)	Ibias 1 (mA)	Vbias 1 (V)	Vinst 2 (V)	Iinst 2 (mA)	Rinst 2(Ohm)	Rrem 2 (Ohm)	Ibias 2 (mA)	Vbias 2 (V)	Ancho pulso (s)	Periodo (s)	Icc 1 (mA)	Vcc 1 (V)	Icc 2 (mA)	Vcc 2 (V)	2W 1?	N
1.058393E-2	2.104000E+2	-1.500000E+3	-1.499576E+0	-1.566270E+1	9.574186E+1	5.540582E+2	7.220000E-2	4.000300E-2	-4.421000E-2	-1.566270E+1	2.822630E+0	1.083102E+1	7.220000E-2	7.820000E-4	1.000000E-2	0.000000E+0	5.000000E+1	2.000000E+0	5.000000E+1	2.000000E+0	1.000000E+0	1.000000E+0
3.231851E-2	2.104000E+2	-1.450000E+3	-1.450424E+0	-1.265680E+1	1.145964E+2	5.890856E+2	6.890000E-2	4.058800E-2	-3.554000E-2	-1.265680E+1	2.807977E+0	1.111756E+1	6.890000E-2	7.660000E-4	1.000000E-2	0.000000E+0	5.000000E+1	2.000000E+0	5.000000E+1	2.000000E+0	1.000000E+0	2.000000E+0
5.478646E-2	2.104000E+2	-1.400000E+3	-1.399913E+0	-1.095170E+1	1.278261E+2	1.212620E+3	3.320000E-2	4.025900E-2	-3.030100E-2	-1.095170E+1	2.766785E+0	1.234940E+1	3.320000E-2	4.100000E-4	1.000000E-2	0.000000E+0	5.000000E+1	2.000000E+0	5.000000E+1	2.000000E+0	1.000000E+0	3.000000E+0
7.658771E-2	2.104000E+2	-1.350000E+3	-1.349630E+0	-9.167300E+0	1.472222E+2	8.962162E+2	4.440000E-2	3.979200E-2	-2.607700E-2	-9.167300E+0	2.844567E+0	2.060811E+1	4.440000E-2	9.150000E-4	1.000000E-2	0.000000E+0	5.000000E+1	2.000000E+0	5.000000E+1	2.000000E+0	1.000000E+0	4.000000E+0
1.004724E-1	2.104000E+2	-1.300000E+3	-1.299950E+0	-7.861500E+0	1.653565E+2	1.362983E+3	2.950000E-2	4.020800E-2	-2.207900E-2	-7.861500E+0	2.808497E+0	3.277966E+1	2.950000E-2	9.670000E-4	1.000000E-2	0.000000E+0	5.000000E+1	2.000000E+0	5.000000E+1	2.000000E+0	1.000000E+0	5.000000E+0
1.222237E-1	2.104000E+2	-1.250000E+3	-1.249501E+0	-6.720500E+0	1.859238E+2	2.052974E+3	1.950000E-2	4.003300E-2	-1.914900E-2	-6.720500E+0	2.849342E+0	-1.343590E+1	1.950000E-2	-2.620000E-4	1.000000E-2	0.000000E+0	5.000000E+1	2.000000E+0	5.000000E+1	2.000000E+0	1.000000E+0	6.000000E+0
1.440249E-1	2.104000E+2	-1.200000E+3	-1.199471E+0	-5.561200E+0	2.156856E+2	1.456370E+4	2.700000E-3	3.932200E-2	-1.530300E-2	-5.561200E+0	2.751744E+0	2.770370E+2	2.700000E-3	7.480000E-4	1.000000E-2	0.000000E+0	5.000000E+1	2.000000E+0	5.000000E+1	2.000000E+0	1.000000E+0	7.000000E+0
1.668095E-1	2.104000E+2	-1.150000E+3	-1.149913E+0	-4.669100E+0	2.462815E+2	1.635983E+3	2.390000E-2	3.910000E-2	-1.212100E-2	-4.669100E+0	2.596004E+0	1.364017E+1	2.390000E-2	3.260000E-4	1.000000E-2	0.000000E+0	5.000000E+1	2.000000E+0	5.000000E+1	2.000000E+0	1.000000E+0	8.000000E+0
1.881608E-1	2.104000E+2	-1.100000E+3	-1.100390E+0	-3.697400E+0	2.976118E+2	1.757956E+3	2.250000E-2	3.955400E-2	-9.790000E-3	-3.697400E+0	2.647807E+0	2.448889E+1	2.250000E-2	5.510000E-4	1.000000E-2	0.000000E+0	5.000000E+1	2.000000E+0	5.000000E+1	2.000000E+0	1.000000E+0	9.000000E+0
2.098120E-1	2.104000E+2	-1.050000E+3	-1.050165E+0	-3.256700E+0	3.224629E+2	-2.129158E+4	-1.900000E-3	4.045400E-2	-8.127000E-3	-3.256700E+0	2.495471E+0	-1.400000E+2	-1.900000E-3	2.660000E-4	1.000000E-2	0.000000E+0	5.000000E+1	2.000000E+0	5.000000E+1	2.000000E+0	1.000000E+0	1.000000E+1
2.314632E-1	2.104000E+2	-1.000000E+3	-9.999670E-1	-2.606800E+0	3.835994E+2	-6.589667E+3	-6.000000E-3	3.953800E-2	-6.708000E-3	-2.606800E+0	2.573270E+0	-7.466667E+1	-6.000000E-3	4.480000E-4	1.000000E-2	0.000000E+0	5.000000E+1	2.000000E+0	5.000000E+1	2.000000E+0	1.000000E+0	1.100000E+1
2.531645E-1	2.104000E+2	-9.500000E+2	-9.500120E-1	-2.250800E+0	4.220775E+2	3.889029E+3	1.030000E-2	4.005700E-2	-5.979000E-3	-2.250800E+0	2.656389E+0	3.213592E+1	1.030000E-2	3.310000E-4	1.000000E-2	0.000000E+0	5.000000E+1	2.000000E+0	5.000000E+1	2.000000E+0	1.000000E+0	1.200000E+1
2.748657E-1	2.104000E+2	-9.000000E+2	-9.005960E-1	-1.930300E+0	4.665575E+2	2.443519E+3	1.620000E-2	3.958500E-2	-4.587000E-3	-1.930300E+0	2.376315E+0	1.166667E+1	1.620000E-2	1.890000E-4	1.000000E-2	0.000000E+0	5.000000E+1	2.000000E+0	5.000000E+1	2.000000E+0	1.000000E+0	1.300000E+1
2.963836E-1	2.104000E+2	-8.500000E+2	-8.502920E-1	-1.576400E+0	5.393885E+2	2.343118E+4	1.700000E-3	3.983300E-2	-4.071000E-3	-1.576400E+0	2.582466E+0	1.747059E+2	1.700000E-3	2.970000E-4	1.000000E-2	0.000000E+0	5.000000E+1	2.000000E+0	5.000000E+1	2.000000E+0	1.000000E+0	1.400000E+1
3.180515E-1	2.104000E+2	-8.000000E+2	-7.997330E-1	-1.369700E+0	5.838746E+2	-5.652143E+4	-7.000000E-4	3.956500E-2	-3.670000E-3	-1.369700E+0	2.679419E+0	-3.928571E+2	-7.000000E-4	2.750000E-4	1.000000E-2	0.000000E+0	5.000000E+1	2.000000E+0	5.000000E+1	2.000000E+0	1.000000E+0	1.500000E+1
3.404028E-1	2.104000E+2	-7.500000E+2	-7.497790E-1	-1.199800E+0	6.249200E+2	3.332917E+4	1.200000E-3	3.999500E-2	-2.721000E-3	-1.199800E+0	2.267878E+0	7.208333E+2	1.200000E-3	8.650000E-4	1.000000E-2	0.000000E+0	5.000000E+1	2.000000E+0	5.000000E+1	2.000000E+0	1.000000E+0	1.600000E+1
3.621874E-1	2.104000E+2	-7.000000E+2	-6.996830E-1	-1.056400E+0	6.623277E+2	4.991375E+3	8.000000E-3	3.993100E-2	-2.278000E-3	-1.056400E+0	2.156380E+0	2.900000E+1	8.000000E-3	2.320000E-4	1.000000E-2	0.000000E+0	5.000000E+1	2.000000E+0	5.000000E+1	2.000000E+0	1.000000E+0	1.700000E+1
3.847220E-1	2.104000E+2	-6.500000E+2	-6.501410E-1	-8.913000E-1	7.294300E+2	2.091094E+3	1.920000E-2	4.014900E-2	-2.382000E-3	-8.913000E-1	2.672501E+0	3.098958E+1	1.920000E-2	5.950000E-4	1.000000E-2	0.000000E+0	5.000000E+1	2.000000E+0	5.000000E+1	2.000000E+0	1.000000E+0	1.800000E+1
4.064899E-1	2.104000E+2	-6.000000E+2	-5.995010E-1	-7.784000E-1	7.701709E+2	-5.803768E+3	-6.900000E-3	4.004600E-2	-1.826000E-3	-7.784000E-1	2.345838E+0	-7.246377E+1	-6.900000E-3	5.000000E-4	1.000000E-2	0.000000E+0	5.000000E+1	2.000000E+0	5.000000E+1	2.000000E+0	1.000000E+0	1.900000E+1
4.290745E-1	2.104000E+2	-5.500000E+2	-5.506680E-1	-6.544000E-1	8.414853E+2	3.310250E+3	1.200000E-2	3.972300E-2	-1.360000E-3	-6.544000E-1	2.078240E+0	1.408333E+1	1.200000E-2	1.690000E-4	1.000000E-2	0.000000E+0	5.000000E+1	2.000000E+0	5.000000E+1	2.000000E+0	1.000000E+0	2.000000E+1
4.507424E-1	2.104000E+2	-5.000000E+2	-4.998780E-1	-5.520000E-1	9.055761E+2	1.220030E+4	3.300000E-3	4.026100E-2	-1.555000E-3	-5.520000E-1	2.817029E+0	2.075758E+2	3.300000E-3	6.850000E-4	1.000000E-2	0.000000E+0	5.000000E+1	2.000000E+0	5.000000E+1	2.000000E+0	1.000000E+0	2.100000E+1
4.728270E-1	2.104000E+2	-4.500000E+2	-4.498260E-1	-4.832000E-1	9.309313E+2	-6.528361E+3	-6.100000E-3	3.982300E-2	-8.120000E-4	-4.832000E-1	1.680464E+0	-4.459016E+1	-6.100000E-3	2.720000E-4	1.000000E-2	0.000000E+0	5.000000E+1	2.000000E+0	5.000000E+1	2.000000E+0	1.000000E+0	2.200000E+1
4.944949E-1	2.104000E+2	-4.000000E+2	-4.003980E-1	-4.033000E-1	9.928044E+2	1.531846E+4	2.600000E-3	3.982800E-2	-3.090000E-4	-4.033000E-1	7.661790E-1	2.796154E+2	2.600000E-3	7.270000E-4	1.000000E-2	0.000000E+0	5.000000E+1	2.000000E+0	5.000000E+1	2.000000E+0	1.000000E+0	2.300000E+1
5.170962E-1	2.104000E+2	-3.500000E+2	-3.499730E-1	-3.180000E-1	1.100544E+3	5.088987E+3	7.900000E-3	4.020300E-2	-4.150000E-4	-3.180000E-1	1.305031E+0	3.848101E+1	7.900000E-3	3.040000E-4	1.000000E-2	0.000000E+0	5.000000E+1	2.000000E+0	5.000000E+1	2.000000E+0	1.000000E+0	2.400000E+1
5.387808E-1	2.104000E+2	-3.000000E+2	-2.993540E-1	-2.552000E-1	1.173017E+3	1.829364E+3	2.200000E-2	4.024600E-2	2.520000E-4	-2.552000E-1	-9.874608E-1	2.909091E+0	2.200000E-2	6.400000E-5	1.000000E-2	0.000000E+0	5.000000E+1	2.000000E+0	5.000000E+1	2.000000E+0	1.000000E+0	2.500000E+1
5.611154E-1	2.104000E+2	-2.500000E+2	-2.500840E-1	-1.980000E-1	1.263051E+3	3.465776E+3	1.160000E-2	4.020300E-2	1.660000E-4	-1.980000E-1	-8.383838E-1	8.620690E+0	1.160000E-2	1.000000E-4	1.000000E-2	0.000000E+0	5.000000E+1	2.000000E+0	5.000000E+1	2.000000E+0	1.000000E+0	2.600000E+1
5.828500E-1	2.104000E+2	-2.000000E+2	-1.997140E-1	-1.416000E-1	1.410410E+3	-2.197167E+4	-1.800000E-3	3.954900E-2	7.400000E-5	-1.416000E-1	-5.225989E-1	-5.433333E+2	-1.800000E-3	9.780000E-4	1.000000E-2	0.000000E+0	5.000000E+1	2.000000E+0	5.000000E+1	2.000000E+0	1.000000E+0	2.700000E+1
6.049346E-1	2.104000E+2	-1.500000E+2	-1.504500E-1	-1.273000E-1	1.181854E+3	6.539508E+3	6.100000E-3	3.989100E-2	1.130000E-4	-1.273000E-1	-8.876669E-1	7.016393E+1	6.100000E-3	4.280000E-4	1.000000E-2	0.000000E+0	5.000000E+1	2.000000E+0	5.000000E+1	2.000000E+0	1.000000E+0	2.800000E+1
6.267692E-1	2.104000E+2	-1.004950E+2	-1.006490E-1	-7.250000E-2	1.388262E+3	3.823750E+3	1.040000E-2	3.976700E-2	4.220000E-4	-7.250000E-2	-5.820690E+0	4.394231E+1	1.040000E-2	4.570000E-4	1.000000E-2	0.000000E+0	5.000000E+1	2.000000E+0	5.000000E+1	2.000000E+0	1.000000E+0	2.900000E+1
6.481704E-1	2.104000E+2	-5.099502E+1	-5.084600E-2	-4.630000E-2	1.098186E+3	3.939314E+3	1.020000E-2	4.018100E-2	8.400000E-5	-4.630000E-2	-1.814255E+0	7.480392E+1	1.020000E-2	7.630000E-4	1.000000E-2	0.000000E+0	5.000000E+1	2.000000E+0	5.000000E+1	2.000000E+0	1.000000E+0	3.000000E+1
6.701050E-1	2.104000E+2	-1.495000E+0	-1.360000E-3	-2.880000E-2	4.722222E+1	-4.917125E+4	-8.000000E-4	3.933700E-2	-1.500000E-5	-2.880000E-2	5.208333E-1	-1.312500E+2	-8.000000E-4	1.050000E-4	1.000000E-2	0.000000E+0	5.000000E+1	2.000000E+0	5.000000E+1	2.000000E+0	1.000000E+0	3.100000E+1
6.916896E-1	2.104000E+2	4.950002E+1	4.973100E-2	4.700000E-3	1.058106E+4	-6.260469E+3	-6.400000E-3	4.006700E-2	6.310000E-4	4.700000E-3	1.342553E+2	-1.178125E+2	-6.400000E-3	7.540000E-4	1.000000E-2	0.000000E+0	5.000000E+1	2.000000E+0	5.000000E+1	2.000000E+0	1.000000E+0	3.200000E+1
7.134075E-1	2.104000E+2	9.900005E+1	9.901500E-2	3.630000E-2	2.727686E+3	5.059000E+4	8.000000E-4	4.047200E-2	6.910000E-4	3.630000E-2	1.903581E+1	1.145000E+3	8.000000E-4	9.160000E-4	1.000000E-2	0.000000E+0	5.000000E+1	2.000000E+0	5.000000E+1	2.000000E+0	1.000000E+0	3.300000E+1
7.353087E-1	2.104000E+2	1.485001E+2	1.484850E-1	7.260000E-2	2.045248E+3	5.166104E+3	7.700000E-3	3.977900E-2	4.040000E-4	7.260000E-2	5.564738E+0	5.701299E+1	7.700000E-3	4.390000E-4	1.000000E-2	0.000000E+0	5.000000E+1	2.000000E+0	5.000000E+1	2.000000E+0	1.000000E+0	3.400000E+1
7.578767E-1	2.104000E+2	1.984951E+2	1.985930E-1	1.058000E-1	1.877060E+3	2.398012E+3	1.660000E-2	3.980700E-2	2.580000E-4	1.058000E-1	2.438563E+0	4.801205E+1	1.660000E-2	7.970000E-4	1.000000E-2	0.000000E+0	5.000000E+1	2.000000E+0	5.000000E+1	2.000000E+0	1.000000E+0	3.500000E+1
7.796113E-1	2.104000E+2	2.484951E+2	2.481990E-1	1.387000E-1	1.789466E+3	3.118915E+3	1.290000E-2	4.023400E-2	7.020000E-4	1.387000E-1	5.061283E+0	1.666667E+1	1.290000E-2	2.150000E-4	1.000000E-2	0.000000E+0	5.000000E+1	2.000000E+0	5.000000E+1	2.000000E+0	1.000000E+0	3.600000E+1
8.020125E-1	2.104000E+2	2.984951E+2	2.981490E-1	1.802000E-1	1.654545E+3	2.345680E+3	1.690000E-2	3.964200E-2	5.020000E-4	1.802000E-1	2.785794E+0	2.704142E+1	1.690000E-2	4.570000E-4	1.000000E-2	0.000000E+0	5.000000E+1	2.000000E+0	5.000000E+1	2.000000E+0	1.000000E+0	3.700000E+1
8.237138E-1	2.104000E+2	3.484951E+2	3.485090E-1	2.208000E-1	1.578392E+3	5.751571E+4	7.000000E-4	4.026100E-2	6.800000E-4	2.208000E-1	3.079710E+0	8.285714E+1	7.000000E-4	5.800000E-5	1.000000E-2	0.000000E+0	5.000000E+1	2.000000E+0	5.000000E+1	2.000000E+0	1.000000E+0	3.800000E+1
8.462984E-1	2.104000E+2	3.984951E+2	3.983630E-1	2.679000E-1	1.486984E+3	3.042214E+3	1.310000E-2	3.985300E-2	1.637000E-3	2.679000E-1	6.110489E+0	6.183206E+1	1.310000E-2	8.100000E-4	1.000000E-2	0.000000E+0	5.000000E+1	2.000000E+0	5.000000E+1	2.000000E+0	1.000000E+0	3.900000E+1
8.679830E-1	2.104000E+2	4.484951E+2	4.487130E-1	3.094000E-1	1.450268E+3	6.828305E+3	5.900000E-3	4.028700E-2	1.485000E-3	3.094000E-1	4.799612E+0	6.796610E+1	5.900000E-3	4.010000E-4	1.000000E-2	0.000000E+0	5.000000E+1	2.000000E+0	5.000000E+1	2.000000E+0	1.000000E+0	4.000000E+1
8.897342E-1	2.104000E+2	4.984951E+2	4.979360E-1	3.584000E-1	1.389330E+3	2.265170E+3	1.760000E-2	3.986700E-2	2.049000E-3	3.584000E-1	5.717076E+0	5.738636E+0	1.760000E-2	1.010000E-4	1.000000E-2	0.000000E+0	5.000000E+1	2.000000E+0	5.000000E+1	2.000000E+0	1.000000E+0	4.100000E+1
9.114521E-1	2.104000E+2	5.484951E+2	5.484220E-1	4.286000E-1	1.279566E+3	-3.629000E+4	-1.100000E-3	3.991900E-2	1.293000E-3	4.286000E-1	3.016799E+0	4.818182E+1	-1.100000E-3	-5.300000E-5	1.000000E-2	0.000000E+0	5.000000E+1	2.000000E+0	5.000000E+1	2.000000E+0	1.000000E+0	4.200000E+1
9.335367E-1	2.104000E+2	5.984951E+2	5.983630E-1	4.715000E-1	1.269063E+3	-6.238281E+3	-6.400000E-3	3.992500E-2	1.665000E-3	4.715000E-1	3.531283E+0	-5.390625E+1	-6.400000E-3	3.450000E-4	1.000000E-2	0.000000E+0	5.000000E+1	2.000000E+0	5.000000E+1	2.000000E+0	1.000000E+0	4.300000E+1
9.553046E-1	2.104000E+2	6.484951E+2	6.479030E-1	5.453000E-1	1.188159E+3	-6.052836E+3	-6.700000E-3	4.055400E-2	2.394000E-3	5.453000E-1	4.390244E+0	-6.731343E+1	-6.700000E-3	4.510000E-4	1.000000E-2	0.000000E+0	5.000000E+1	2.000000E+0	5.000000E+1	2.000000E+0	1.000000E+0	4.400000E+1
9.777893E-1	2.104000E+2	6.984951E+2	6.984460E-1	6.326000E-1	1.104088E+3	3.690556E+3	1.080000E-2	3.985800E-2	2.131000E-3	6.326000E-1	3.368637E+0	5.657407E+1	1.080000E-2	6.110000E-4	1.000000E-2	0.000000E+0	5.000000E+1	2.000000E+0	5.000000E+1	2.000000E+0	1.000000E+0	4.500000E+1
9.996072E-1	2.104000E+2	7.484951E+2	7.479810E-1	7.122000E-1	1.050240E+3	6.504628E+1	6.050000E-1	3.935300E-2	2.663000E-3	7.122000E-1	3.739118E+0	4.299174E+0	6.050000E-1	2.601000E-3	1.000000E-2	0.000000E+0	5.000000E+1	2.000000E+0	5.000000E+1	2.000000E+0	1.000000E+0	4.600000E+1
1.021592E+0	2.104000E+2	7.984951E+2	7.983200E-1	1.106750E+1	7.213192E+1	6.253222E+1	6.441000E-1	4.027700E-2	3.145000E-2	1.106750E+1	2.841653E+0	2.771309E+0	6.441000E-1	1.785000E-3	1.000000E-2	0.000000E+0	5.000000E+1	2.000000E+0	5.000000E+1	2.000000E+0	1.000000E+0	4.700000E+1
1.043626E+0	2.104000E+2	8.484951E+2	8.480810E-1	1.199100E+1	7.072646E+1	6.208444E+1	6.395000E-1	3.970300E-2	3.453400E-2	1.199100E+1	2.879993E+0	3.704457E+0	6.395000E-1	2.369000E-3	1.000000E-2	0.000000E+0	5.000000E+1	2.000000E+0	5.000000E+1	2.000000E+0	1.000000E+0	4.800000E+1
1.065361E+0	2.104000E+2	8.984951E+2	8.982580E-1	1.265260E+1	7.099395E+1	6.189059E+1	6.453000E-1	3.993800E-2	3.572500E-2	1.265260E+1	2.823530E+0	3.190764E+0	6.453000E-1	2.059000E-3	1.000000E-2	0.000000E+0	5.000000E+1	2.000000E+0	5.000000E+1	2.000000E+0	1.000000E+0	4.900000E+1
1.087179E+0	2.104000E+2	9.484951E+2	9.486310E-1	1.411110E+1	6.722587E+1	6.349976E+1	6.209000E-1	3.942700E-2	4.065800E-2	1.411110E+1	2.881278E+0	3.486874E+0	6.209000E-1	2.165000E-3	1.000000E-2	0.000000E+0	5.000000E+1	2.000000E+0	5.000000E+1	2.000000E+0	1.000000E+0	5.000000E+1
1.109030E+0	2.104000E+2	9.984951E+2	9.986250E-1	1.161030E+1	8.601199E+1	6.818560E+1	5.776000E-1	3.938400E-2	3.768700E-2	1.161030E+1	3.245997E+0	3.422784E+0	5.776000E-1	1.977000E-3	1.000000E-2	0.000000E+0	5.000000E+1	2.000000E+0	5.000000E+1	2.000000E+0	1.000000E+0	5.100000E+1
1.131481E+0	2.104000E+2	1.048495E+3	1.048351E+0	1.466020E+1	7.151001E+1	9.117753E+1	4.433000E-1	4.041900E-2	4.207900E-2	1.466020E+1	2.870288E+0	4.116851E+0	4.433000E-1	1.825000E-3	1.000000E-2	0.000000E+0	5.000000E+1	2.000000E+0	5.000000E+1	2.000000E+0	1.000000E+0	5.200000E+1
1.153033E+0	2.104000E+2	1.098495E+3	1.098475E+0	1.628340E+1	6.745981E+1	6.553487E+1	6.123000E-1	4.012700E-2	4.567100E-2	1.628340E+1	2.804758E+0	3.601176E+0	6.123000E-1	2.205000E-3	1.000000E-2	0.000000E+0	5.000000E+1	2.000000E+0	5.000000E+1	2.000000E+0	1.000000E+0	5.300000E+1
1.174884E+0	2.104000E+2	1.148495E+3	1.148073E+0	1.706970E+1	6.725795E+1	6.384591E+1	6.295000E-1	4.019100E-2	4.848700E-2	1.706970E+1	2.840530E+0	3.310564E+0	6.295000E-1	2.084000E-3	1.000000E-2	0.000000E+0	5.000000E+1	2.000000E+0	5.000000E+1	2.000000E+0	1.000000E+0	5.400000E+1
1.196752E+0	2.104000E+2	1.198495E+3	1.198867E+0	1.825300E+1	6.568055E+1	9.058611E+1	4.419000E-1	4.003000E-2	5.166900E-2	1.825300E+1	2.830713E+0	4.417289E+0	4.419000E-1	1.952000E-3	1.000000E-2	0.000000E+0	5.000000E+1	2.000000E+0	5.000000E+1	2.000000E+0	1.000000E+0	5.500000E+1
1.218453E+0	2.104000E+2	1.248495E+3	1.248548E+0	1.967810E+1	6.344861E+1	6.435499E+1	6.248000E-1	4.020900E-2	5.568400E-2	1.967810E+1	2.829745E+0	3.738796E+0	6.248000E-1	2.336000E-3	1.000000E-2	0.000000E+0	5.000000E+1	2.000000E+0	5.000000E+1	2.000000E+0	1.000000E+0	5.600000E+1
1.240154E+0	2.104000E+2	1.298495E+3	1.297645E+0	2.058640E+1	6.303409E+1	6.219374E+1	6.359000E-1	3.954900E-2	5.896400E-2	2.058640E+1	2.864221E+0	3.112125E+0	6.359000E-1	1.979000E-3	1.000000E-2	0.000000E+0	5.000000E+1	2.000000E+0	5.000000E+1	2.000000E+0	1.000000E+0	5.700000E+1
1.261922E+0	2.104000E+2	1.348495E+3	1.348457E+0	2.180150E+1	6.185157E+1	6.439064E+1	6.195000E-1	3.989000E-2	6.214200E-2	2.180150E+1	2.850354E+0	3.728814E+0	6.195000E-1	2.310000E-3	1.000000E-2	0.000000E+0	5.000000E+1	2.000000E+0	5.000000E+1	2.000000E+0	1.000000E+0	5.800000E+1
1.283640E+0	2.104000E+2	1.398495E+3	1.398371E+0	2.296160E+1	6.090042E+1	6.009256E+1	6.698000E-1	4.025000E-2	6.557000E-2	2.296160E+1	2.855637E+0	3.100926E+0	6.698000E-1	2.077000E-3	1.000000E-2	0.000000E+0	5.000000E+1	2.000000E+0	5.000000E+1	2.000000E+0	1.000000E+0	5.900000E+1
1.306091E+0	2.104000E+2	1.448495E+3	1.448847E+0	2.372620E+1	6.106528E+1	6.281648E+1	6.359000E-1	3.994500E-2	6.820100E-2	2.372620E+1	2.874502E+0	3.876396E+0	6.359000E-1	2.465000E-3	1.000000E-2	0.000000E+0	5.000000E+1	2.000000E+0	5.000000E+1	2.000000E+0	1.000000E+0	6.000000E+1
1.327809E+0	2.104000E+2	1.498495E+3	1.497235E+0	2.361200E+1	6.340992E+1	5.997158E+1	6.685000E-1	4.009100E-2	6.608200E-2	2.361200E+1	2.798662E+0	3.617053E+0	6.685000E-1	2.418000E-3	1.000000E-2	0.000000E+0	5.000000E+1	2.000000E+0	5.000000E+1	2.000000E+0	1.000000E+0	6.100000E+1
1.350477E+0	2.104000E+2	1.500000E+3	1.499502E+0	2.506290E+1	5.982955E+1	6.412915E+1	6.241000E-1	4.002300E-2	7.160400E-2	2.506290E+1	2.856972E+0	3.707739E+0	6.241000E-1	2.314000E-3	1.000000E-2	0.000000E+0	5.000000E+1	2.000000E+0	5.000000E+1	2.000000E+0	1.000000E+0	6.200000E+1
1.372278E+0	2.104000E+2	1.450000E+3	1.449928E+0	2.374800E+1	6.105474E+1	6.721493E+1	5.946000E-1	3.996600E-2	6.818700E-2	2.374800E+1	2.871273E+0	3.250925E+0	5.946000E-1	1.933000E-3	1.000000E-2	0.000000E+0	5.000000E+1	2.000000E+0	5.000000E+1	2.000000E+0	1.000000E+0	6.300000E+1
1.394913E+0	2.104000E+2	1.400000E+3	1.400052E+0	2.209600E+1	6.336224E+1	6.338389E+1	6.330000E-1	4.012200E-2	6.188400E-2	2.209600E+1	2.800688E+0	3.652449E+0	6.330000E-1	2.312000E-3	1.000000E-2	0.000000E+0	5.000000E+1	2.000000E+0	5.000000E+1	2.000000E+0	1.000000E+0	6.400000E+1
1.416514E+0	2.104000E+2	1.350000E+3	1.349300E+0	2.094780E+1	6.441249E+1	6.705784E+1	5.999000E-1	4.022800E-2	6.009300E-2	2.094780E+1	2.868702E+0	3.552259E+0	5.999000E-1	2.131000E-3	1.000000E-2	0.000000E+0	5.000000E+1	2.000000E+0	5.000000E+1	2.000000E+0	1.000000E+0	6.500000E+1
1.438232E+0	2.104000E+2	1.300000E+3	1.300063E+0	2.119740E+1	6.133125E+1	5.994294E+1	6.660000E-1	3.992200E-2	6.082700E-2	2.119740E+1	2.869550E+0	3.022523E+0	6.660000E-1	2.013000E-3	1.000000E-2	0.000000E+0	5.000000E+1	2.000000E+0	5.000000E+1	2.000000E+0	1.000000E+0	6.600000E+1
1.460017E+0	2.104000E+2	1.250000E+3	1.250339E+0	2.049620E+1	6.100345E+1	6.049484E+1	6.588000E-1	3.985400E-2	5.902600E-2	2.049620E+1	2.879851E+0	3.580753E+0	6.588000E-1	2.359000E-3	1.000000E-2	0.000000E+0	5.000000E+1	2.000000E+0	5.000000E+1	2.000000E+0	1.000000E+0	6.700000E+1
1.482518E+0	2.104000E+2	1.200000E+3	1.200198E+0	1.970970E+1	6.089377E+1	5.986795E+1	6.740000E-1	4.035100E-2	5.656400E-2	1.970970E+1	2.869856E+0	3.415430E+0	6.740000E-1	2.302000E-3	1.000000E-2	0.000000E+0	5.000000E+1	2.000000E+0	5.000000E+1	2.000000E+0	1.000000E+0	6.800000E+1
1.504319E+0	2.104000E+2	1.150000E+3	1.150279E+0	1.887870E+1	6.092999E+1	6.012832E+1	6.624000E-1	3.982900E-2	5.406300E-2	1.887870E+1	2.863704E+0	2.877415E+0	6.624000E-1	1.906000E-3	1.000000E-2	0.000000E+0	5.000000E+1	2.000000E+0	5.000000E+1	2.000000E+0	1.000000E+0	6.900000E+1
1.527004E+0	2.104000E+2	1.100000E+3	1.100154E+0	1.851420E+1	5.942217E+1	6.035655E+1	6.647000E-1	4.011900E-2	5.364200E-2	1.851420E+1	2.897344E+0	2.887017E+0	6.647000E-1	1.919000E-3	1.000000E-2	0.000000E+0	5.000000E+1	2.000000E+0	5.000000E+1	2.000000E+0	1.000000E+0	7.000000E+1
1.548872E+0	2.104000E+2	1.050000E+3	1.050446E+0	1.791910E+1	5.862158E+1	5.997583E+1	6.621000E-1	3.971000E-2	5.164800E-2	1.791910E+1	2.882288E+0	3.670140E+0	6.621000E-1	2.430000E-3	1.000000E-2	0.000000E+0	5.000000E+1	2.000000E+0	5.000000E+1	2.000000E+0	1.000000E+0	7.100000E+1
1.570606E+0	2.104000E+2	1.000000E+3	9.997810E-1	1.725630E+1	5.793716E+1	5.962090E+1	6.700000E-1	3.994600E-2	4.926300E-2	1.725630E+1	2.854783E+0	2.795522E+0	6.700000E-1	1.873000E-3	1.000000E-2	0.000000E+0	5.000000E+1	2.000000E+0	5.000000E+1	2.000000E+0	1.000000E+0	7.200000E+1
1.592474E+0	2.104000E+2	9.500000E+2	9.498930E-1	1.641000E+1	5.788501E+1	5.899003E+1	6.822000E-1	4.024300E-2	4.673800E-2	1.641000E+1	2.848141E+0	3.309880E+0	6.822000E-1	2.258000E-3	1.000000E-2	0.000000E+0	5.000000E+1	2.000000E+0	5.000000E+1	2.000000E+0	1.000000E+0	7.300000E+1
1.614342E+0	2.104000E+2	9.000000E+2	8.996640E-1	1.555980E+1	5.781977E+1	6.007972E+1	6.648000E-1	3.994100E-2	4.441500E-2	1.555980E+1	2.854471E+0	3.581528E+0	6.648000E-1	2.381000E-3	1.000000E-2	0.000000E+0	5.000000E+1	2.000000E+0	5.000000E+1	2.000000E+0	1.000000E+0	7.400000E+1
1.636410E+0	2.104000E+2	8.500000E+2	8.492320E-1	1.469680E+1	5.778346E+1	6.035464E+1	6.570000E-1	3.965300E-2	4.236700E-2	1.469680E+1	2.882736E+0	4.127854E+0	6.570000E-1	2.712000E-3	1.000000E-2	0.000000E+0	5.000000E+1	2.000000E+0	5.000000E+1	2.000000E+0	1.000000E+0	7.500000E+1
1.657778E+0	2.104000E+2	8.000000E+2	7.998580E-1	1.383880E+1	5.779822E+1	6.053174E+1	6.695000E-1	4.052600E-2	3.974000E-2	1.383880E+1	2.871636E+0	3.919343E+0	6.695000E-1	2.624000E-3	1.000000E-2	0.000000E+0	5.000000E+1	2.000000E+0	5.000000E+1	2.000000E+0	1.000000E+0	7.600000E+1
1.679496E+0	2.104000E+2	7.500000E+2	7.499250E-1	1.297300E+1	5.780660E+1	5.914805E+1	6.714000E-1	3.971200E-2	3.750300E-2	1.297300E+1	2.890850E+0	3.330354E+0	6.714000E-1	2.236000E-3	1.000000E-2	0.000000E+0	5.000000E+1	2.000000E+0	5.000000E+1	2.000000E+0	1.000000E+0	7.700000E+1
1.701147E+0	2.104000E+2	7.000000E+2	6.997020E-1	1.209890E+1	5.783187E+1	5.979381E+1	6.596000E-1	3.944000E-2	3.500200E-2	1.209890E+1	2.892990E+0	2.977562E+0	6.596000E-1	1.964000E-3	1.000000E-2	0.000000E+0	5.000000E+1	2.000000E+0	5.000000E+1	2.000000E+0	1.000000E+0	7.800000E+1
1.722849E+0	2.104000E+2	6.500000E+2	6.502380E-1	1.124740E+1	5.781229E+1	5.957992E+1	6.713000E-1	3.999600E-2	3.239500E-2	1.124740E+1	2.880221E+0	3.744972E+0	6.713000E-1	2.514000E-3	1.000000E-2	0.000000E+0	5.000000E+1	2.000000E+0	5.000000E+1	2.000000E+0	1.000000E+0	7.900000E+1
1.744650E+0	2.104000E+2	6.000000E+2	6.000650E-1	1.038230E+1	5.779692E+1	6.001657E+1	6.637000E-1	3.983300E-2	2.935700E-2	1.038230E+1	2.827601E+0	3.045050E+0	6.637000E-1	2.021000E-3	1.000000E-2	0.000000E+0	5.000000E+1	2.000000E+0	5.000000E+1	2.000000E+0	1.000000E+0	8.000000E+1
1.767134E+0	2.104000E+2	5.500000E+2	5.501450E-1	9.503700E+0	5.788745E+1	5.991951E+1	6.709000E-1	4.020000E-2	2.716200E-2	9.503700E+0	2.858045E+0	4.005068E+0	6.709000E-1	2.687000E-3	1.000000E-2	0.000000E+0	5.000000E+1	2.000000E+0	5.000000E+1	2.000000E+0	1.000000E+0	8.100000E+1
1.789019E+0	2.104000E+2	5.000000E+2	5.000200E-1	8.636400E+0	5.789681E+1	6.004144E+1	6.756000E-1	4.056400E-2	2.544200E-2	8.636400E+0	2.945903E+0	3.755181E+0	6.756000E-1	2.537000E-3	1.000000E-2	0.000000E+0	5.000000E+1	2.000000E+0	5.000000E+1	2.000000E+0	1.000000E+0	8.200000E+1
1.810904E+0	2.104000E+2	4.500000E+2	4.499030E-1	7.758400E+0	5.798915E+1	5.924024E+1	6.739000E-1	3.992200E-2	2.197100E-2	7.758400E+0	2.831898E+0	3.068705E+0	6.739000E-1	2.068000E-3	1.000000E-2	0.000000E+0	5.000000E+1	2.000000E+0	5.000000E+1	2.000000E+0	1.000000E+0	8.300000E+1
1.833038E+0	2.104000E+2	4.000000E+2	4.005650E-1	6.893600E+0	5.810679E+1	5.999698E+1	6.630000E-1	3.977800E-2	2.009400E-2	6.893600E+0	2.914878E+0	4.009050E+0	6.630000E-1	2.658000E-3	1.000000E-2	0.000000E+0	5.000000E+1	2.000000E+0	5.000000E+1	2.000000E+0	1.000000E+0	8.400000E+1
1.854423E+0	2.104000E+2	3.500000E+2	3.500710E-1	6.016000E+0	5.818999E+1	5.965820E+1	6.729000E-1	4.014400E-2	1.753100E-2	6.016000E+0	2.914063E+0	3.276861E+0	6.729000E-1	2.205000E-3	1.000000E-2	0.000000E+0	5.000000E+1	2.000000E+0	5.000000E+1	2.000000E+0	1.000000E+0	8.500000E+1
1.876174E+0	2.104000E+2	3.000000E+2	3.001050E-1	5.152600E+0	5.824341E+1	6.026182E+1	6.684000E-1	4.027900E-2	1.496800E-2	5.152600E+0	2.904941E+0	3.470975E+0	6.684000E-1	2.320000E-3	1.000000E-2	0.000000E+0	5.000000E+1	2.000000E+0	5.000000E+1	2.000000E+0	1.000000E+0	8.600000E+1
1.898059E+0	2.104000E+2	2.500000E+2	2.500860E-1	4.294700E+0	5.823131E+1	6.019297E+1	6.633000E-1	3.992600E-2	1.239900E-2	4.294700E+0	2.887047E+0	3.369516E+0	6.633000E-1	2.235000E-3	1.000000E-2	0.000000E+0	5.000000E+1	2.000000E+0	5.000000E+1	2.000000E+0	1.000000E+0	8.700000E+1
1.919660E+0	2.104000E+2	2.000000E+2	1.994150E-1	3.414000E+0	5.841095E+1	6.035314E+1	6.513000E-1	3.930800E-2	9.642000E-3	3.414000E+0	2.824253E+0	3.755566E+0	6.513000E-1	2.446000E-3	1.000000E-2	0.000000E+0	5.000000E+1	2.000000E+0	5.000000E+1	2.000000E+0	1.000000E+0	8.800000E+1
1.941594E+0	2.104000E+2	1.500000E+2	1.494710E-1	2.547000E+0	5.868512E+1	5.910893E+1	6.812000E-1	4.026500E-2	7.917000E-3	2.547000E+0	3.108363E+0	3.774222E+0	6.812000E-1	2.571000E-3	1.000000E-2	0.000000E+0	5.000000E+1	2.000000E+0	5.000000E+1	2.000000E+0	1.000000E+0	8.900000E+1
1.963579E+0	2.104000E+2	1.004950E+2	9.994500E-2	1.699100E+0	5.882232E+1	6.000000E+1	6.578000E-1	3.946800E-2	5.563000E-3	1.699100E+0	3.274086E+0	3.230465E+0	6.578000E-1	2.125000E-3	1.000000E-2	0.000000E+0	5.000000E+1	2.000000E+0	5.000000E+1	2.000000E+0	1.000000E+0	9.000000E+1
1.985264E+0	2.104000E+2	5.099502E+1	5.086400E-2	8.487000E-1	5.993166E+1	5.884394E+1	6.773000E-1	3.985500E-2	2.955000E-3	8.487000E-1	3.481796E+0	3.451942E+0	6.773000E-1	2.338000E-3	1.000000E-2	0.000000E+0	5.000000E+1	2.000000E+0	5.000000E+1	2.000000E+0	1.000000E+0	9.100000E+1
2.007065E+0	2.104000E+2	1.495000E+0	1.189000E-3	7.900000E-3	1.505063E+2	5.940631E+1	6.788000E-1	4.032500E-2	8.280000E-4	7.900000E-3	1.048101E+2	3.479670E+0	6.788000E-1	2.362000E-3	1.000000E-2	0.000000E+0	5.000000E+1	2.000000E+0	5.000000E+1	2.000000E+0	1.000000E+0	9.200000E+1
2.028899E+0	2.104000E+2	-4.950002E+1	-4.955000E-2	-8.663000E-1	5.719728E+1	6.026600E+1	6.579000E-1	3.964900E-2	-2.113000E-3	-8.663000E-1	2.439109E+0	3.813649E+0	6.579000E-1	2.509000E-3	1.000000E-2	0.000000E+0	5.000000E+1	2.000000E+0	5.000000E+1	2.000000E+0	1.000000E+0	9.300000E+1
2.051651E+0	2.104000E+2	-9.900005E+1	-9.868900E-2	-1.717100E+0	5.747423E+1	5.872050E+1	6.823000E-1	4.006500E-2	-4.469000E-3	-1.717100E+0	2.602644E+0	3.351898E+0	6.823000E-1	2.287000E-3	1.000000E-2	0.000000E+0	5.000000E+1	2.000000E+0	5.000000E+1	2.000000E+0	1.000000E+0	9.400000E+1
2.073452E+0	2.104000E+2	-1.485001E+2	-1.484570E-1	-2.560700E+0	5.797516E+1	5.933965E+1	6.754000E-1	4.007800E-2	-6.421000E-3	-2.560700E+0	2.507517E+0	2.961208E+0	6.754000E-1	2.000000E-3	1.000000E-2	0.000000E+0	5.000000E+1	2.000000E+0	5.000000E+1	2.000000E+0	1.000000E+0	9.500000E+1
2.095953E+0	2.104000E+2	-1.984951E+2	-1.983840E-1	-3.422400E+0	5.796634E+1	6.018426E+1	6.621000E-1	3.984800E-2	-9.651000E-3	-3.422400E+0	2.819951E+0	4.150430E+0	6.621000E-1	2.748000E-3	1.000000E-2	0.000000E+0	5.000000E+1	2.000000E+0	5.000000E+1	2.000000E+0	1.000000E+0	9.600000E+1
2.117721E+0	2.104000E+2	-2.484951E+2	-2.484110E-1	-4.277100E+0	5.807931E+1	5.892494E+1	6.781000E-1	3.995700E-2	-1.192900E-2	-4.277100E+0	2.789039E+0	3.278278E+0	6.781000E-1	2.223000E-3	1.000000E-2	0.000000E+0	5.000000E+1	2.000000E+0	5.000000E+1	2.000000E+0	1.000000E+0	9.700000E+1
2.140189E+0	2.104000E+2	-2.984951E+2	-2.985410E-1	-5.143700E+0	5.804013E+1	5.890450E+1	6.691000E-1	3.941300E-2	-1.451900E-2	-5.143700E+0	2.822676E+0	3.679570E+0	6.691000E-1	2.462000E-3	1.000000E-2	0.000000E+0	5.000000E+1	2.000000E+0	5.000000E+1	2.000000E+0	1.000000E+0	9.800000E+1
2.161874E+0	2.104000E+2	-3.484951E+2	-3.478950E-1	-5.997000E+0	5.801151E+1	6.051800E+1	6.583000E-1	3.983900E-2	-1.660700E-2	-5.997000E+0	2.769218E+0	3.976910E+0	6.583000E-1	2.618000E-3	1.000000E-2	0.000000E+0	5.000000E+1	2.000000E+0	5.000000E+1	2.000000E+0	1.000000E+0	9.900000E+1
2.184375E+0	2.104000E+2	-3.984951E+2	-3.986680E-1	-6.889100E+0	5.786939E+1	6.013988E+1	6.720000E-1	4.041400E-2	-1.870900E-2	-6.889100E+0	2.715739E+0	3.297619E+0	6.720000E-1	2.216000E-3	1.000000E-2	0.000000E+0	5.000000E+1	2.000000E+0	5.000000E+1	2.000000E+0	1.000000E+0	1.000000E+2
2.206160E+0	2.104000E+2	-4.484951E+2	-4.483270E-1	-7.746500E+0	5.787478E+1	5.952706E+1	6.745000E-1	4.015100E-2	-2.147600E-2	-7.746500E+0	2.772349E+0	3.160860E+0	6.745000E-1	2.132000E-3	1.000000E-2	0.000000E+0	5.000000E+1	2.000000E+0	5.000000E+1	2.000000E+0	1.000000E+0	1.010000E+2
2.228177E+0	2.104000E+2	-4.984951E+2	-4.988120E-1	-8.621400E+0	5.785742E+1	5.909668E+1	6.775000E-1	4.003800E-2	-2.413900E-2	-8.621400E+0	2.799893E+0	3.679705E+0	6.775000E-1	2.493000E-3	1.000000E-2	0.000000E+0	5.000000E+1	2.000000E+0	5.000000E+1	2.000000E+0	1.000000E+0	1.020000E+2
2.250045E+0	2.104000E+2	-5.484951E+2	-5.482310E-1	-9.482100E+0	5.781747E+1	6.010518E+1	6.560000E-1	3.942900E-2	-2.665900E-2	-9.482100E+0	2.811508E+0	3.187500E+0	6.560000E-1	2.091000E-3	1.000000E-2	0.000000E+0	5.000000E+1	2.000000E+0	5.000000E+1	2.000000E+0	1.000000E+0	1.030000E+2
2.272213E+0	2.104000E+2	-5.984951E+2	-5.985800E-1	-1.035370E+1	5.781315E+1	5.977338E+1	6.663000E-1	3.982700E-2	-2.920800E-2	-1.035370E+1	2.821021E+0	4.419931E+0	6.663000E-1	2.945000E-3	1.000000E-2	0.000000E+0	5.000000E+1	2.000000E+0	5.000000E+1	2.000000E+0	1.000000E+0	1.040000E+2
2.293881E+0	2.104000E+2	-6.484951E+2	-6.476080E-1	-1.120260E+1	5.780872E+1	5.975064E+1	6.657000E-1	3.977600E-2	-3.186100E-2	-1.120260E+1	2.844072E+0	3.624756E+0	6.657000E-1	2.413000E-3	1.000000E-2	0.000000E+0	5.000000E+1	2.000000E+0	5.000000E+1	2.000000E+0	1.000000E+0	1.050000E+2
2.316466E+0	2.104000E+2	-6.984951E+2	-6.981910E-1	-1.207960E+1	5.779918E+1	6.061017E+1	6.490000E-1	3.933600E-2	-3.417600E-2	-1.207960E+1	2.829233E+0	4.246533E+0	6.490000E-1	2.756000E-3	1.000000E-2	0.000000E+0	5.000000E+1	2.000000E+0	5.000000E+1	2.000000E+0	1.000000E+0	1.060000E+2
2.338317E+0	2.104000E+2	-7.484951E+2	-7.488450E-1	-1.294300E+1	5.785714E+1	6.002403E+1	6.657000E-1	3.995800E-2	-3.647700E-2	-1.294300E+1	2.818280E+0	2.855641E+0	6.657000E-1	1.901000E-3	1.000000E-2	0.000000E+0	5.000000E+1	2.000000E+0	5.000000E+1	2.000000E+0	1.000000E+0	1.070000E+2
2.360852E+0	2.104000E+2	-7.984951E+2	-7.990270E-1	-1.371270E+1	5.826912E+1	6.056684E+1	6.598000E-1	3.996200E-2	-3.809300E-2	-1.371270E+1	2.777936E+0	2.764474E+0	6.598000E-1	1.824000E-3	1.000000E-2	0.000000E+0	5.000000E+1	2.000000E+0	5.000000E+1	2.000000E+0	1.000000E+0	1.080000E+2
2.382470E+0	2.104000E+2	-8.484951E+2	-8.482610E-1	-1.451840E+1	5.842662E+1	6.165981E+1	6.567000E-1	4.049200E-2	-4.070400E-2	-1.451840E+1	2.803615E+0	3.741434E+0	6.567000E-1	2.457000E-3	1.000000E-2	0.000000E+0	5.000000E+1	2.000000E+0	5.000000E+1	2.000000E+0	1.000000E+0	1.090000E+2
2.404238E+0	2.104000E+2	-8.984951E+2	-8.990740E-1	-1.402730E+1	6.409459E+1	6.245984E+1	6.350000E-1	3.966200E-2	-3.948100E-2	-1.402730E+1	2.814583E+0	3.031496E+0	6.350000E-1	1.925000E-3	1.000000E-2	0.000000E+0	5.000000E+1	2.000000E+0	5.000000E+1	2.000000E+0	1.000000E+0	1.100000E+2
2.425905E+0	2.104000E+2	-9.484951E+2	-9.485060E-1	-1.530050E+1	6.199183E+1	5.937789E+1	6.703000E-1	3.980100E-2	-4.282200E-2	-1.530050E+1	2.798732E+0	3.371625E+0	6.703000E-1	2.260000E-3	1.000000E-2	0.000000E+0	5.000000E+1	2.000000E+0	5.000000E+1	2.000000E+0	1.000000E+0	1.110000E+2
2.448423E+0	2.104000E+2	-9.984951E+2	-9.990100E-1	-1.664140E+1	6.003161E+1	5.851717E+1	6.872000E-1	4.021300E-2	-4.703500E-2	-1.664140E+1	2.826385E+0	2.729919E+0	6.872000E-1	1.876000E-3	1.000000E-2	0.000000E+0	5.000000E+1	2.000000E+0	5.000000E+1	2.000000E+0	1.000000E+0	1.120000E+2
2.470058E+0	2.104000E+2	-1.048495E+3	-1.048262E+0	-1.740380E+1	6.023179E+1	5.848400E+1	6.814000E-1	3.985100E-2	-4.933800E-2	-1.740380E+1	2.834898E+0	2.880834E+0	6.814000E-1	1.963000E-3	1.000000E-2	0.000000E+0	5.000000E+1	2.000000E+0	5.000000E+1	2.000000E+0	1.000000E+0	1.130000E+2
2.491776E+0	2.104000E+2	-1.098495E+3	-1.098261E+0	-1.828860E+1	6.005167E+1	5.779885E+1	6.960000E-1	4.022800E-2	-5.190800E-2	-1.828860E+1	2.838271E+0	3.181034E+0	6.960000E-1	2.214000E-3	1.000000E-2	0.000000E+0	5.000000E+1	2.000000E+0	5.000000E+1	2.000000E+0	1.000000E+0	1.140000E+2
2.513610E+0	2.104000E+2	-1.148495E+3	-1.148590E+0	-1.925260E+1	5.965896E+1	5.868613E+1	6.850000E-1	4.020000E-2	-5.438900E-2	-1.925260E+1	2.825021E+0	3.721168E+0	6.850000E-1	2.549000E-3	1.000000E-2	0.000000E+0	5.000000E+1	2.000000E+0	5.000000E+1	2.000000E+0	1.000000E+0	1.150000E+2
2.536162E+0	2.104000E+2	-1.198495E+3	-1.198465E+0	-2.045700E+1	5.858459E+1	5.730207E+1	6.972000E-1	3.995100E-2	-5.797400E-2	-2.045700E+1	2.833944E+0	3.261618E+0	6.972000E-1	2.274000E-3	1.000000E-2	0.000000E+0	5.000000E+1	2.000000E+0	5.000000E+1	2.000000E+0	1.000000E+0	1.160000E+2
2.557846E+0	2.104000E+2	-1.248495E+3	-1.248604E+0	-2.155170E+1	5.793529E+1	5.831806E+1	6.873000E-1	4.008200E-2	-6.153600E-2	-2.155170E+1	2.855274E+0	3.227121E+0	6.873000E-1	2.218000E-3	1.000000E-2	0.000000E+0	5.000000E+1	2.000000E+0	5.000000E+1	2.000000E+0	1.000000E+0	1.170000E+2
2.581431E+0	2.104000E+2	-1.298495E+3	-1.298400E+0	-2.255870E+1	5.755651E+1	5.767088E+1	6.964000E-1	4.016200E-2	-6.399400E-2	-2.255870E+1	2.836777E+0	4.050833E+0	6.964000E-1	2.821000E-3	1.000000E-2	0.000000E+0	5.000000E+1	2.000000E+0	5.000000E+1	2.000000E+0	1.000000E+0	1.180000E+2
2.603466E+0	2.104000E+2	-1.348495E+3	-1.349289E+0	-2.357640E+1	5.723049E+1	5.770732E+1	6.970000E-1	4.022200E-2	-6.682900E-2	-2.357640E+1	2.834572E+0	2.912482E+0	6.970000E-1	2.030000E-3	1.000000E-2	0.000000E+0	5.000000E+1	2.000000E+0	5.000000E+1	2.000000E+0	1.000000E+0	1.190000E+2
2.625183E+0	2.104000E+2	-1.398495E+3	-1.398618E+0	-2.444160E+1	5.722285E+1	5.870996E+1	6.775000E-1	3.977600E-2	-6.924400E-2	-2.444160E+1	2.833039E+0	3.580812E+0	6.775000E-1	2.426000E-3	1.000000E-2	0.000000E+0	5.000000E+1	2.000000E+0	5.000000E+1	2.000000E+0	1.000000E+0	1.200000E+2
2.647335E+0	2.104000E+2	-1.448495E+3	-1.448879E+0	-2.506830E+1	5.779726E+1	6.015014E+1	6.594000E-1	3.966300E-2	-7.076200E-2	-2.506830E+1	2.822768E+0	3.575978E+0	6.594000E-1	2.358000E-3	1.000000E-2	0.000000E+0	5.000000E+1	2.000000E+0	5.000000E+1	2.000000E+0	1.000000E+0	1.210000E+2
2.668836E+0	2.104000E+2	-1.498495E+3	-1.498206E+0	-2.589420E+1	5.785875E+1	5.881451E+1	6.782000E-1	3.988800E-2	-7.356200E-2	-2.589420E+1	2.840868E+0	3.243881E+0	6.782000E-1	2.200000E-3	1.000000E-2	0.000000E+0	5.000000E+1	2.000000E+0	5.000000E+1	2.000000E+0	1.000000E+0	1.220000E+2
2.690621E+0	2.104000E+2	-1.500000E+3	-1.499235E+0	-2.602280E+1	5.761236E+1	6.035741E+1	6.575000E-1	3.968500E-2	-7.381600E-2	-2.602280E+1	2.836589E+0	3.505703E+0	6.575000E-1	2.305000E-3	1.000000E-2	0.000000E+0	5.000000E+1	2.000000E+0	5.000000E+1	2.000000E+0	1.000000E+0	1.230000E+2
2.712455E+0	2.104000E+2	-1.450000E+3	-1.449680E+0	-2.134620E+1	6.791279E+1	6.465437E+1	6.235000E-1	4.031200E-2	-6.003700E-2	-2.134620E+1	2.812538E+0	3.841219E+0	6.235000E-1	2.395000E-3	1.000000E-2	0.000000E+0	5.000000E+1	2.000000E+0	5.000000E+1	2.000000E+0	1.000000E+0	1.240000E+2
