Tiempo (min)	T (K) 	I pulso(mA)	Vinst 1 (V)	Iinst 1 (mA)	Rinst 1(Ohm)	Rrem 1 (Ohm)	Ibias 1 (mA)	Vbias 1 (V)	Vinst 2 (V)	Iinst 2 (mA)	Rinst 2(Ohm)	Rrem 2 (Ohm)	Ibias 2 (mA)	Vbias 2 (V)	Ancho pulso (s)	Periodo (s)	Icc 1 (mA)	Vcc 1 (V)	Icc 2 (mA)	Vcc 2 (V)	2W 1?	N
1.051726E-2	2.205300E+2	-1.500000E+3	-1.499742E+0	-3.367050E+1	4.454172E+1	4.806279E+1	8.409000E-1	4.041600E-2	-8.831700E-2	-3.367050E+1	2.622979E+0	2.707813E+0	8.409000E-1	2.277000E-3	1.000000E-2	0.000000E+0	5.000000E+1	2.000000E+0	5.000000E+1	2.000000E+0	1.000000E+0	1.000000E+0
3.225184E-2	2.205300E+2	-1.450000E+3	-1.449637E+0	-3.252570E+1	4.456897E+1	4.834615E+1	8.193000E-1	3.961000E-2	-8.479900E-2	-3.252570E+1	2.607138E+0	3.171000E+0	8.193000E-1	2.598000E-3	1.000000E-2	0.000000E+0	5.000000E+1	2.000000E+0	5.000000E+1	2.000000E+0	1.000000E+0	2.000000E+0
5.431977E-2	2.205300E+2	-1.400000E+3	-1.399879E+0	-3.137450E+1	4.461837E+1	4.826974E+1	8.230000E-1	3.972600E-2	-8.207200E-2	-3.137450E+1	2.615882E+0	2.852977E+0	8.230000E-1	2.348000E-3	1.000000E-2	0.000000E+0	5.000000E+1	2.000000E+0	5.000000E+1	2.000000E+0	1.000000E+0	3.000000E+0
7.612102E-2	2.205300E+2	-1.350000E+3	-1.349847E+0	-3.018250E+1	4.472284E+1	4.781678E+1	8.405000E-1	4.019000E-2	-7.910800E-2	-3.018250E+1	2.620989E+0	2.749554E+0	8.405000E-1	2.311000E-3	1.000000E-2	0.000000E+0	5.000000E+1	2.000000E+0	5.000000E+1	2.000000E+0	1.000000E+0	4.000000E+0
9.870564E-2	2.205300E+2	-1.300000E+3	-1.299821E+0	-2.900370E+1	4.481570E+1	4.785876E+1	8.383000E-1	4.012000E-2	-7.555600E-2	-2.900370E+1	2.605047E+0	3.505905E+0	8.383000E-1	2.939000E-3	1.000000E-2	0.000000E+0	5.000000E+1	2.000000E+0	5.000000E+1	2.000000E+0	1.000000E+0	5.000000E+0
1.205569E-1	2.205300E+2	-1.250000E+3	-1.249800E+0	-2.781920E+1	4.492581E+1	4.832415E+1	8.348000E-1	4.034100E-2	-7.297200E-2	-2.781920E+1	2.623080E+0	3.137278E+0	8.348000E-1	2.619000E-3	1.000000E-2	0.000000E+0	5.000000E+1	2.000000E+0	5.000000E+1	2.000000E+0	1.000000E+0	6.000000E+0
1.431082E-1	2.205300E+2	-1.200000E+3	-1.199871E+0	-2.664020E+1	4.503986E+1	4.758118E+1	8.376000E-1	3.985400E-2	-6.988100E-2	-2.664020E+1	2.623141E+0	3.063515E+0	8.376000E-1	2.566000E-3	1.000000E-2	0.000000E+0	5.000000E+1	2.000000E+0	5.000000E+1	2.000000E+0	1.000000E+0	7.000000E+0
1.649594E-1	2.205300E+2	-1.150000E+3	-1.150180E+0	-2.547650E+1	4.514670E+1	4.867394E+1	8.250000E-1	4.015600E-2	-6.662800E-2	-2.547650E+1	2.615273E+0	3.620606E+0	8.250000E-1	2.987000E-3	1.000000E-2	0.000000E+0	5.000000E+1	2.000000E+0	5.000000E+1	2.000000E+0	1.000000E+0	8.000000E+0
1.875107E-1	2.205300E+2	-1.100000E+3	-1.100092E+0	-2.430690E+1	4.525842E+1	4.835667E+1	8.142000E-1	3.937200E-2	-6.351200E-2	-2.430690E+1	2.612921E+0	2.780644E+0	8.142000E-1	2.264000E-3	1.000000E-2	0.000000E+0	5.000000E+1	2.000000E+0	5.000000E+1	2.000000E+0	1.000000E+0	9.000000E+0
2.093453E-1	2.205300E+2	-1.050000E+3	-1.049887E+0	-2.314840E+1	4.535462E+1	4.771418E+1	8.439000E-1	4.026600E-2	-6.045800E-2	-2.314840E+1	2.611757E+0	2.981396E+0	8.439000E-1	2.516000E-3	1.000000E-2	0.000000E+0	5.000000E+1	2.000000E+0	5.000000E+1	2.000000E+0	1.000000E+0	1.000000E+1
2.314132E-1	2.205300E+2	-1.000000E+3	-9.999170E-1	-2.197620E+1	4.550000E+1	4.802151E+1	8.461000E-1	4.063100E-2	-5.745000E-2	-2.197620E+1	2.614192E+0	2.671079E+0	8.461000E-1	2.260000E-3	1.000000E-2	0.000000E+0	5.000000E+1	2.000000E+0	5.000000E+1	2.000000E+0	1.000000E+0	1.100000E+1
2.530811E-1	2.205300E+2	-9.500000E+2	-9.493390E-1	-2.081350E+1	4.561169E+1	4.758377E+1	8.356000E-1	3.976100E-2	-5.451000E-2	-2.081350E+1	2.618973E+0	3.674007E+0	8.356000E-1	3.070000E-3	1.000000E-2	0.000000E+0	5.000000E+1	2.000000E+0	5.000000E+1	2.000000E+0	1.000000E+0	1.200000E+1
2.750991E-1	2.205300E+2	-9.000000E+2	-8.999830E-1	-1.968190E+1	4.572643E+1	4.772532E+1	8.388000E-1	4.003200E-2	-5.131500E-2	-1.968190E+1	2.607218E+0	2.905341E+0	8.388000E-1	2.437000E-3	1.000000E-2	0.000000E+0	5.000000E+1	2.000000E+0	5.000000E+1	2.000000E+0	1.000000E+0	1.300000E+1
2.967836E-1	2.205300E+2	-8.500000E+2	-8.500760E-1	-1.853800E+1	4.585586E+1	4.823615E+1	8.249000E-1	3.979000E-2	-4.844200E-2	-1.853800E+1	2.613119E+0	2.494848E+0	8.249000E-1	2.058000E-3	1.000000E-2	0.000000E+0	5.000000E+1	2.000000E+0	5.000000E+1	2.000000E+0	1.000000E+0	1.400000E+1
3.192349E-1	2.205300E+2	-8.000000E+2	-8.009730E-1	-1.743890E+1	4.593025E+1	4.839572E+1	8.309000E-1	4.021200E-2	-4.522000E-2	-1.743890E+1	2.593053E+0	2.858346E+0	8.309000E-1	2.375000E-3	1.000000E-2	0.000000E+0	5.000000E+1	2.000000E+0	5.000000E+1	2.000000E+0	1.000000E+0	1.500000E+1
3.409862E-1	2.205300E+2	-7.500000E+2	-7.497070E-1	-1.626920E+1	4.608137E+1	4.806043E+1	8.373000E-1	4.024100E-2	-4.277400E-2	-1.626920E+1	2.629140E+0	3.265257E+0	8.373000E-1	2.734000E-3	1.000000E-2	0.000000E+0	5.000000E+1	2.000000E+0	5.000000E+1	2.000000E+0	1.000000E+0	1.600000E+1
3.634208E-1	2.205300E+2	-7.000000E+2	-7.000350E-1	-1.516450E+1	4.616275E+1	4.840441E+1	8.348000E-1	4.040800E-2	-3.929200E-2	-1.516450E+1	2.591051E+0	2.988740E+0	8.348000E-1	2.495000E-3	1.000000E-2	0.000000E+0	5.000000E+1	2.000000E+0	5.000000E+1	2.000000E+0	1.000000E+0	1.700000E+1
3.851554E-1	2.205300E+2	-6.500000E+2	-6.503190E-1	-1.405360E+1	4.627419E+1	4.827228E+1	8.381000E-1	4.045700E-2	-3.598700E-2	-1.405360E+1	2.560696E+0	2.510440E+0	8.381000E-1	2.104000E-3	1.000000E-2	0.000000E+0	5.000000E+1	2.000000E+0	5.000000E+1	2.000000E+0	1.000000E+0	1.800000E+1
4.076733E-1	2.205300E+2	-6.000000E+2	-5.998400E-1	-1.292770E+1	4.639959E+1	4.807821E+1	8.336000E-1	4.007800E-2	-3.362700E-2	-1.292770E+1	2.601159E+0	3.072217E+0	8.336000E-1	2.561000E-3	1.000000E-2	0.000000E+0	5.000000E+1	2.000000E+0	5.000000E+1	2.000000E+0	1.000000E+0	1.900000E+1
4.293246E-1	2.205300E+2	-5.500000E+2	-5.502250E-1	-1.183380E+1	4.649605E+1	4.773726E+1	8.282000E-1	3.953600E-2	-3.092500E-2	-1.183380E+1	2.613277E+0	3.431538E+0	8.282000E-1	2.842000E-3	1.000000E-2	0.000000E+0	5.000000E+1	2.000000E+0	5.000000E+1	2.000000E+0	1.000000E+0	2.000000E+1
4.518258E-1	2.205300E+2	-5.000000E+2	-5.001130E-1	-1.073520E+1	4.658628E+1	4.835486E+1	8.285000E-1	4.006200E-2	-2.803000E-2	-1.073520E+1	2.611037E+0	3.396500E+0	8.285000E-1	2.814000E-3	1.000000E-2	0.000000E+0	5.000000E+1	2.000000E+0	5.000000E+1	2.000000E+0	1.000000E+0	2.100000E+1
4.735104E-1	2.205300E+2	-4.500000E+2	-4.501440E-1	-9.648800E+0	4.665285E+1	4.839446E+1	8.371000E-1	4.051100E-2	-2.484100E-2	-9.648800E+0	2.574517E+0	2.976944E+0	8.371000E-1	2.492000E-3	1.000000E-2	0.000000E+0	5.000000E+1	2.000000E+0	5.000000E+1	2.000000E+0	1.000000E+0	2.200000E+1
4.959784E-1	2.205300E+2	-4.000000E+2	-4.001480E-1	-8.556200E+0	4.676702E+1	4.777579E+1	8.385000E-1	4.006000E-2	-2.237700E-2	-8.556200E+0	2.615297E+0	3.621944E+0	8.385000E-1	3.037000E-3	1.000000E-2	0.000000E+0	5.000000E+1	2.000000E+0	5.000000E+1	2.000000E+0	1.000000E+0	2.300000E+1
5.176796E-1	2.205300E+2	-3.500000E+2	-3.489280E-1	-7.445600E+0	4.686365E+1	4.852040E+1	8.286000E-1	4.020400E-2	-1.946800E-2	-7.445600E+0	2.614699E+0	2.717837E+0	8.286000E-1	2.252000E-3	1.000000E-2	0.000000E+0	5.000000E+1	2.000000E+0	5.000000E+1	2.000000E+0	1.000000E+0	2.400000E+1
5.401476E-1	2.205300E+2	-3.000000E+2	-3.000880E-1	-6.396800E+0	4.691221E+1	4.821921E+1	8.339000E-1	4.021000E-2	-1.641100E-2	-6.396800E+0	2.565502E+0	2.928409E+0	8.339000E-1	2.442000E-3	1.000000E-2	0.000000E+0	5.000000E+1	2.000000E+0	5.000000E+1	2.000000E+0	1.000000E+0	2.500000E+1
5.618155E-1	2.205300E+2	-2.500000E+2	-2.499630E-1	-5.325000E+0	4.694141E+1	4.858713E+1	8.189000E-1	3.978800E-2	-1.405500E-2	-5.325000E+0	2.639437E+0	2.687752E+0	8.189000E-1	2.201000E-3	1.000000E-2	0.000000E+0	5.000000E+1	2.000000E+0	5.000000E+1	2.000000E+0	1.000000E+0	2.600000E+1
5.835000E-1	2.205300E+2	-2.000000E+2	-1.994520E-1	-4.254300E+0	4.688245E+1	4.846649E+1	8.386000E-1	4.064400E-2	-1.041200E-2	-4.254300E+0	2.447406E+0	2.535178E+0	8.386000E-1	2.126000E-3	1.000000E-2	0.000000E+0	5.000000E+1	2.000000E+0	5.000000E+1	2.000000E+0	1.000000E+0	2.700000E+1
6.051679E-1	2.205300E+2	-1.500000E+2	-1.494420E-1	-3.192300E+0	4.681327E+1	4.841668E+1	8.299000E-1	4.018100E-2	-7.785000E-3	-3.192300E+0	2.438681E+0	3.435354E+0	8.299000E-1	2.851000E-3	1.000000E-2	0.000000E+0	5.000000E+1	2.000000E+0	5.000000E+1	2.000000E+0	1.000000E+0	2.800000E+1
6.277526E-1	2.205300E+2	-1.004950E+2	-1.006870E-1	-2.153600E+0	4.675288E+1	4.824119E+1	8.375000E-1	4.040200E-2	-5.307000E-3	-2.153600E+0	2.464246E+0	3.752836E+0	8.375000E-1	3.143000E-3	1.000000E-2	0.000000E+0	5.000000E+1	2.000000E+0	5.000000E+1	2.000000E+0	1.000000E+0	2.900000E+1
6.495705E-1	2.205300E+2	-5.099502E+1	-5.097800E-2	-1.085400E+0	4.696702E+1	4.804969E+1	8.332000E-1	4.003500E-2	-2.955000E-3	-1.085400E+0	2.722499E+0	3.290927E+0	8.332000E-1	2.742000E-3	1.000000E-2	0.000000E+0	5.000000E+1	2.000000E+0	5.000000E+1	2.000000E+0	1.000000E+0	3.000000E+1
6.721384E-1	2.205300E+2	-1.495000E+0	-8.610000E-4	-3.400000E-2	2.532353E+1	4.776020E+1	8.282000E-1	3.955500E-2	7.600000E-5	-3.400000E-2	-2.235294E+0	3.005313E+0	8.282000E-1	2.489000E-3	1.000000E-2	0.000000E+0	5.000000E+1	2.000000E+0	5.000000E+1	2.000000E+0	1.000000E+0	3.100000E+1
6.939397E-1	2.205300E+2	4.950002E+1	4.986000E-2	1.042800E+0	4.781358E+1	4.780249E+1	8.364000E-1	3.998200E-2	3.013000E-3	1.042800E+0	2.889336E+0	2.700861E+0	8.364000E-1	2.259000E-3	1.000000E-2	0.000000E+0	5.000000E+1	2.000000E+0	5.000000E+1	2.000000E+0	1.000000E+0	3.200000E+1
7.164743E-1	2.205300E+2	9.900005E+1	9.881200E-2	2.070500E+0	4.772374E+1	4.832745E+1	8.209000E-1	3.967200E-2	6.172000E-3	2.070500E+0	2.980922E+0	2.838348E+0	8.209000E-1	2.330000E-3	1.000000E-2	0.000000E+0	5.000000E+1	2.000000E+0	5.000000E+1	2.000000E+0	1.000000E+0	3.300000E+1
7.382256E-1	2.205300E+2	1.485001E+2	1.478140E-1	3.120200E+0	4.737325E+1	4.795044E+1	8.353000E-1	4.005300E-2	8.430000E-3	3.120200E+0	2.701750E+0	2.479349E+0	8.353000E-1	2.071000E-3	1.000000E-2	0.000000E+0	5.000000E+1	2.000000E+0	5.000000E+1	2.000000E+0	1.000000E+0	3.400000E+1
7.606435E-1	2.205300E+2	1.984951E+2	1.982610E-1	4.203200E+0	4.716906E+1	4.840010E+1	8.238000E-1	3.987200E-2	1.123900E-2	4.203200E+0	2.673915E+0	2.432629E+0	8.238000E-1	2.004000E-3	1.000000E-2	0.000000E+0	5.000000E+1	2.000000E+0	5.000000E+1	2.000000E+0	1.000000E+0	3.500000E+1
7.823781E-1	2.205300E+2	2.484951E+2	2.479530E-1	5.251400E+0	4.721655E+1	4.843950E+1	8.132000E-1	3.939100E-2	1.428700E-2	5.251400E+0	2.720608E+0	3.204624E+0	8.132000E-1	2.606000E-3	1.000000E-2	0.000000E+0	5.000000E+1	2.000000E+0	5.000000E+1	2.000000E+0	1.000000E+0	3.600000E+1
8.044127E-1	2.205300E+2	2.984951E+2	2.983650E-1	6.326700E+0	4.715966E+1	4.830631E+1	8.325000E-1	4.021500E-2	1.682100E-2	6.326700E+0	2.658732E+0	2.598198E+0	8.325000E-1	2.163000E-3	1.000000E-2	0.000000E+0	5.000000E+1	2.000000E+0	5.000000E+1	2.000000E+0	1.000000E+0	3.700000E+1
8.260972E-1	2.205300E+2	3.484951E+2	3.483900E-1	7.399800E+0	4.708100E+1	4.767350E+1	8.386000E-1	3.997900E-2	1.988300E-2	7.399800E+0	2.686965E+0	3.623897E+0	8.386000E-1	3.039000E-3	1.000000E-2	0.000000E+0	5.000000E+1	2.000000E+0	5.000000E+1	2.000000E+0	1.000000E+0	3.800000E+1
8.485819E-1	2.205300E+2	3.984951E+2	3.980080E-1	8.490300E+0	4.687797E+1	4.765397E+1	8.427000E-1	4.015800E-2	2.261500E-2	8.490300E+0	2.663628E+0	2.946482E+0	8.427000E-1	2.483000E-3	1.000000E-2	0.000000E+0	5.000000E+1	2.000000E+0	5.000000E+1	2.000000E+0	1.000000E+0	3.900000E+1
8.702498E-1	2.205300E+2	4.484951E+2	4.485070E-1	9.589600E+0	4.677015E+1	4.845638E+1	8.195000E-1	3.971000E-2	2.535100E-2	9.589600E+0	2.643593E+0	4.008542E+0	8.195000E-1	3.285000E-3	1.000000E-2	0.000000E+0	5.000000E+1	2.000000E+0	5.000000E+1	2.000000E+0	1.000000E+0	4.000000E+1
8.920677E-1	2.205300E+2	4.984951E+2	4.992950E-1	1.068540E+1	4.672684E+1	4.840851E+1	8.181000E-1	3.960300E-2	2.762400E-2	1.068540E+1	2.585210E+0	3.153649E+0	8.181000E-1	2.580000E-3	1.000000E-2	0.000000E+0	5.000000E+1	2.000000E+0	5.000000E+1	2.000000E+0	1.000000E+0	4.100000E+1
9.138523E-1	2.205300E+2	5.484951E+2	5.485550E-1	1.177670E+1	4.657969E+1	4.799616E+1	8.334000E-1	4.000000E-2	3.115700E-2	1.177670E+1	2.645648E+0	1.959443E+0	8.334000E-1	1.633000E-3	1.000000E-2	0.000000E+0	5.000000E+1	2.000000E+0	5.000000E+1	2.000000E+0	1.000000E+0	4.200000E+1
9.364702E-1	2.205300E+2	5.984951E+2	5.985020E-1	1.288320E+1	4.645600E+1	4.777844E+1	8.404000E-1	4.015300E-2	3.422500E-2	1.288320E+1	2.656560E+0	2.847454E+0	8.404000E-1	2.393000E-3	1.000000E-2	0.000000E+0	5.000000E+1	2.000000E+0	5.000000E+1	2.000000E+0	1.000000E+0	4.300000E+1
9.582548E-1	2.205300E+2	6.484951E+2	6.485050E-1	1.398410E+1	4.637445E+1	4.830414E+1	8.279000E-1	3.999100E-2	3.699100E-2	1.398410E+1	2.645218E+0	3.401377E+0	8.279000E-1	2.816000E-3	1.000000E-2	0.000000E+0	5.000000E+1	2.000000E+0	5.000000E+1	2.000000E+0	1.000000E+0	4.400000E+1
9.807728E-1	2.205300E+2	6.984951E+2	6.979060E-1	1.509690E+1	4.622843E+1	4.805748E+1	8.386000E-1	4.030100E-2	3.988400E-2	1.509690E+1	2.641867E+0	2.692583E+0	8.386000E-1	2.258000E-3	1.000000E-2	0.000000E+0	5.000000E+1	2.000000E+0	5.000000E+1	2.000000E+0	1.000000E+0	4.500000E+1
1.002424E+0	2.205300E+2	7.484951E+2	7.485220E-1	1.623480E+1	4.610602E+1	4.821253E+1	8.347000E-1	4.024300E-2	4.298100E-2	1.623480E+1	2.647461E+0	3.664790E+0	8.347000E-1	3.059000E-3	1.000000E-2	0.000000E+0	5.000000E+1	2.000000E+0	5.000000E+1	2.000000E+0	1.000000E+0	4.600000E+1
1.024375E+0	2.205300E+2	7.984951E+2	7.976330E-1	1.734700E+1	4.598103E+1	4.765211E+1	8.382000E-1	3.994200E-2	4.554500E-2	1.734700E+1	2.625526E+0	3.184204E+0	8.382000E-1	2.669000E-3	1.000000E-2	0.000000E+0	5.000000E+1	2.000000E+0	5.000000E+1	2.000000E+0	1.000000E+0	4.700000E+1
1.046110E+0	2.205300E+2	8.484951E+2	8.493850E-1	1.851890E+1	4.586585E+1	4.801126E+1	8.347000E-1	4.007500E-2	4.843500E-2	1.851890E+1	2.615436E+0	3.204744E+0	8.347000E-1	2.675000E-3	1.000000E-2	0.000000E+0	5.000000E+1	2.000000E+0	5.000000E+1	2.000000E+0	1.000000E+0	4.800000E+1
1.068744E+0	2.205300E+2	8.984951E+2	8.981860E-1	1.963190E+1	4.575135E+1	4.800240E+1	8.330000E-1	3.998600E-2	5.232400E-2	1.963190E+1	2.665254E+0	2.671068E+0	8.330000E-1	2.225000E-3	1.000000E-2	0.000000E+0	5.000000E+1	2.000000E+0	5.000000E+1	2.000000E+0	1.000000E+0	4.900000E+1
1.090446E+0	2.205300E+2	9.484951E+2	9.487530E-1	2.079260E+1	4.562936E+1	4.840809E+1	8.204000E-1	3.971400E-2	5.438500E-2	2.079260E+1	2.615594E+0	2.432960E+0	8.204000E-1	1.996000E-3	1.000000E-2	0.000000E+0	5.000000E+1	2.000000E+0	5.000000E+1	2.000000E+0	1.000000E+0	5.000000E+1
1.112947E+0	2.205300E+2	9.984951E+2	9.987500E-1	2.194190E+1	4.551794E+1	4.754487E+1	8.358000E-1	3.973800E-2	5.745600E-2	2.194190E+1	2.618552E+0	2.763819E+0	8.358000E-1	2.310000E-3	1.000000E-2	0.000000E+0	5.000000E+1	2.000000E+0	5.000000E+1	2.000000E+0	1.000000E+0	5.100000E+1
1.134698E+0	2.205300E+2	1.048495E+3	1.048254E+0	2.309830E+1	4.538230E+1	4.815164E+1	8.375000E-1	4.032700E-2	6.096100E-2	2.309830E+1	2.639199E+0	2.762985E+0	8.375000E-1	2.314000E-3	1.000000E-2	0.000000E+0	5.000000E+1	2.000000E+0	5.000000E+1	2.000000E+0	1.000000E+0	5.200000E+1
1.157133E+0	2.205300E+2	1.098495E+3	1.098483E+0	2.426920E+1	4.526243E+1	4.835597E+1	8.321000E-1	4.023700E-2	6.351900E-2	2.426920E+1	2.617268E+0	2.253335E+0	8.321000E-1	1.875000E-3	1.000000E-2	0.000000E+0	5.000000E+1	2.000000E+0	5.000000E+1	2.000000E+0	1.000000E+0	5.300000E+1
1.178817E+0	2.205300E+2	1.148495E+3	1.148734E+0	2.543580E+1	4.516209E+1	4.821300E+1	8.338000E-1	4.020000E-2	6.738700E-2	2.543580E+1	2.649297E+0	3.290957E+0	8.338000E-1	2.744000E-3	1.000000E-2	0.000000E+0	5.000000E+1	2.000000E+0	5.000000E+1	2.000000E+0	1.000000E+0	5.400000E+1
1.200835E+0	2.205300E+2	1.198495E+3	1.197570E+0	2.659950E+1	4.502227E+1	4.815224E+1	8.329000E-1	4.010600E-2	7.027400E-2	2.659950E+1	2.641929E+0	2.520110E+0	8.329000E-1	2.099000E-3	1.000000E-2	0.000000E+0	5.000000E+1	2.000000E+0	5.000000E+1	2.000000E+0	1.000000E+0	5.500000E+1
1.222520E+0	2.205300E+2	1.248495E+3	1.248658E+0	2.782890E+1	4.486911E+1	4.801493E+1	8.438000E-1	4.051500E-2	7.293800E-2	2.782890E+1	2.620944E+0	2.692581E+0	8.438000E-1	2.272000E-3	1.000000E-2	0.000000E+0	5.000000E+1	2.000000E+0	5.000000E+1	2.000000E+0	1.000000E+0	5.600000E+1
1.244238E+0	2.205300E+2	1.298495E+3	1.297962E+0	2.902390E+1	4.472045E+1	4.824407E+1	8.178000E-1	3.945400E-2	7.669800E-2	2.902390E+1	2.642581E+0	2.876009E+0	8.178000E-1	2.352000E-3	1.000000E-2	0.000000E+0	5.000000E+1	2.000000E+0	5.000000E+1	2.000000E+0	1.000000E+0	5.700000E+1
1.265956E+0	2.205300E+2	1.348495E+3	1.348224E+0	3.025090E+1	4.456806E+1	4.763095E+1	8.400000E-1	4.001000E-2	7.953200E-2	3.025090E+1	2.629079E+0	2.402381E+0	8.400000E-1	2.018000E-3	1.000000E-2	0.000000E+0	5.000000E+1	2.000000E+0	5.000000E+1	2.000000E+0	1.000000E+0	5.800000E+1
1.288390E+0	2.205300E+2	1.398495E+3	1.398434E+0	3.145860E+1	4.445315E+1	4.730669E+1	8.432000E-1	3.988900E-2	8.255000E-2	3.145860E+1	2.624084E+0	2.700427E+0	8.432000E-1	2.277000E-3	1.000000E-2	0.000000E+0	5.000000E+1	2.000000E+0	5.000000E+1	2.000000E+0	1.000000E+0	5.900000E+1
1.310058E+0	2.205300E+2	1.448495E+3	1.448155E+0	3.266590E+1	4.433232E+1	4.825096E+1	8.376000E-1	4.041500E-2	8.565600E-2	3.266590E+1	2.622184E+0	3.116046E+0	8.376000E-1	2.610000E-3	1.000000E-2	0.000000E+0	5.000000E+1	2.000000E+0	5.000000E+1	2.000000E+0	1.000000E+0	6.000000E+1
1.332543E+0	2.205300E+2	1.498495E+3	1.498219E+0	3.388250E+1	4.421808E+1	4.745635E+1	8.362000E-1	3.968300E-2	8.872600E-2	3.388250E+1	2.618638E+0	2.996891E+0	8.362000E-1	2.506000E-3	1.000000E-2	0.000000E+0	5.000000E+1	2.000000E+0	5.000000E+1	2.000000E+0	1.000000E+0	6.100000E+1
1.354277E+0	2.205300E+2	1.500000E+3	1.499844E+0	3.395150E+1	4.417607E+1	4.760428E+1	8.415000E-1	4.005900E-2	8.944100E-2	3.395150E+1	2.634376E+0	3.297683E+0	8.415000E-1	2.775000E-3	1.000000E-2	0.000000E+0	5.000000E+1	2.000000E+0	5.000000E+1	2.000000E+0	1.000000E+0	6.200000E+1
1.376762E+0	2.205300E+2	1.450000E+3	1.449644E+0	3.273330E+1	4.428652E+1	4.797757E+1	8.292000E-1	3.978300E-2	8.582700E-2	3.273330E+1	2.622009E+0	2.959479E+0	8.292000E-1	2.454000E-3	1.000000E-2	0.000000E+0	5.000000E+1	2.000000E+0	5.000000E+1	2.000000E+0	1.000000E+0	6.300000E+1
1.398497E+0	2.205300E+2	1.400000E+3	1.400050E+0	3.155250E+1	4.437208E+1	4.764412E+1	8.396000E-1	4.000200E-2	8.240200E-2	3.155250E+1	2.611584E+0	3.500476E+0	8.396000E-1	2.939000E-3	1.000000E-2	0.000000E+0	5.000000E+1	2.000000E+0	5.000000E+1	2.000000E+0	1.000000E+0	6.400000E+1
1.420998E+0	2.205300E+2	1.350000E+3	1.349507E+0	3.034870E+1	4.446672E+1	4.759976E+1	8.395000E-1	3.996000E-2	7.986200E-2	3.034870E+1	2.631480E+0	2.597975E+0	8.395000E-1	2.181000E-3	1.000000E-2	0.000000E+0	5.000000E+1	2.000000E+0	5.000000E+1	2.000000E+0	1.000000E+0	6.500000E+1
1.442649E+0	2.205300E+2	1.300000E+3	1.300381E+0	2.917210E+1	4.457619E+1	4.811468E+1	8.354000E-1	4.019500E-2	7.663300E-2	2.917210E+1	2.626928E+0	2.870481E+0	8.354000E-1	2.398000E-3	1.000000E-2	0.000000E+0	5.000000E+1	2.000000E+0	5.000000E+1	2.000000E+0	1.000000E+0	6.600000E+1
1.465184E+0	2.205300E+2	1.250000E+3	1.249884E+0	2.796540E+1	4.469394E+1	4.748996E+1	8.470000E-1	4.022400E-2	7.353400E-2	2.796540E+1	2.629464E+0	2.416765E+0	8.470000E-1	2.047000E-3	1.000000E-2	0.000000E+0	5.000000E+1	2.000000E+0	5.000000E+1	2.000000E+0	1.000000E+0	6.700000E+1
1.486852E+0	2.205300E+2	1.200000E+3	1.200875E+0	2.681210E+1	4.478855E+1	4.756725E+1	8.439000E-1	4.014200E-2	7.067200E-2	2.681210E+1	2.635825E+0	3.181657E+0	8.439000E-1	2.685000E-3	1.000000E-2	0.000000E+0	5.000000E+1	2.000000E+0	5.000000E+1	2.000000E+0	1.000000E+0	6.800000E+1
1.508986E+0	2.205300E+2	1.150000E+3	1.149177E+0	2.559190E+1	4.490393E+1	4.797652E+1	8.263000E-1	3.964300E-2	6.707700E-2	2.559190E+1	2.621025E+0	2.647949E+0	8.263000E-1	2.188000E-3	1.000000E-2	0.000000E+0	5.000000E+1	2.000000E+0	5.000000E+1	2.000000E+0	1.000000E+0	6.900000E+1
1.530738E+0	2.205300E+2	1.100000E+3	1.100331E+0	2.443190E+1	4.503665E+1	4.744274E+1	8.427000E-1	3.998000E-2	6.409700E-2	2.443190E+1	2.623496E+0	2.613030E+0	8.427000E-1	2.202000E-3	1.000000E-2	0.000000E+0	5.000000E+1	2.000000E+0	5.000000E+1	2.000000E+0	1.000000E+0	7.000000E+1
1.553272E+0	2.205300E+2	1.050000E+3	1.050257E+0	2.326650E+1	4.514031E+1	4.775139E+1	8.423000E-1	4.022100E-2	6.109000E-2	2.326650E+1	2.625664E+0	2.641577E+0	8.423000E-1	2.225000E-3	1.000000E-2	0.000000E+0	5.000000E+1	2.000000E+0	5.000000E+1	2.000000E+0	1.000000E+0	7.100000E+1
1.575207E+0	2.205300E+2	1.000000E+3	9.995400E-1	2.207880E+1	4.527148E+1	4.729341E+1	8.483000E-1	4.011900E-2	5.918900E-2	2.207880E+1	2.680807E+0	2.882235E+0	8.483000E-1	2.445000E-3	1.000000E-2	0.000000E+0	5.000000E+1	2.000000E+0	5.000000E+1	2.000000E+0	1.000000E+0	7.200000E+1
1.596591E+0	2.205300E+2	9.500000E+2	9.500330E-1	2.094070E+1	4.536778E+1	4.764122E+1	8.356000E-1	3.980900E-2	5.507400E-2	2.094070E+1	2.629998E+0	2.813547E+0	8.356000E-1	2.351000E-3	1.000000E-2	0.000000E+0	5.000000E+1	2.000000E+0	5.000000E+1	2.000000E+0	1.000000E+0	7.300000E+1
1.618293E+0	2.205300E+2	9.000000E+2	8.999880E-1	1.978180E+1	4.549576E+1	4.737962E+1	8.411000E-1	3.985100E-2	5.231700E-2	1.978180E+1	2.644704E+0	2.720247E+0	8.411000E-1	2.288000E-3	1.000000E-2	0.000000E+0	5.000000E+1	2.000000E+0	5.000000E+1	2.000000E+0	1.000000E+0	7.400000E+1
1.639977E+0	2.205300E+2	8.500000E+2	8.498310E-1	1.863340E+1	4.560794E+1	4.778840E+1	8.365000E-1	3.997500E-2	4.906000E-2	1.863340E+1	2.632907E+0	3.830245E+0	8.365000E-1	3.204000E-3	1.000000E-2	0.000000E+0	5.000000E+1	2.000000E+0	5.000000E+1	2.000000E+0	1.000000E+0	7.500000E+1
1.661728E+0	2.205300E+2	8.000000E+2	7.993630E-1	1.748310E+1	4.572204E+1	4.772645E+1	8.313000E-1	3.967500E-2	4.574900E-2	1.748310E+1	2.616756E+0	3.350174E+0	8.313000E-1	2.785000E-3	1.000000E-2	0.000000E+0	5.000000E+1	2.000000E+0	5.000000E+1	2.000000E+0	1.000000E+0	7.600000E+1
1.683430E+0	2.205300E+2	7.500000E+2	7.503510E-1	1.636580E+1	4.584872E+1	4.762680E+1	8.478000E-1	4.037800E-2	4.308200E-2	1.636580E+1	2.632441E+0	3.419439E+0	8.478000E-1	2.899000E-3	1.000000E-2	0.000000E+0	5.000000E+1	2.000000E+0	5.000000E+1	2.000000E+0	1.000000E+0	7.700000E+1
1.704981E+0	2.205300E+2	7.000000E+2	6.999120E-1	1.522270E+1	4.597818E+1	4.780719E+1	8.423000E-1	4.026800E-2	4.053200E-2	1.522270E+1	2.662603E+0	3.368159E+0	8.423000E-1	2.837000E-3	1.000000E-2	0.000000E+0	5.000000E+1	2.000000E+0	5.000000E+1	2.000000E+0	1.000000E+0	7.800000E+1
1.726615E+0	2.205300E+2	6.500000E+2	6.501890E-1	1.410260E+1	4.610419E+1	4.768420E+1	8.347000E-1	3.980200E-2	3.727000E-2	1.410260E+1	2.642775E+0	2.505092E+0	8.347000E-1	2.091000E-3	1.000000E-2	0.000000E+0	5.000000E+1	2.000000E+0	5.000000E+1	2.000000E+0	1.000000E+0	7.900000E+1
1.748250E+0	2.205300E+2	6.000000E+2	6.001480E-1	1.298820E+1	4.620717E+1	4.801098E+1	8.376000E-1	4.021400E-2	3.434200E-2	1.298820E+1	2.644092E+0	2.255253E+0	8.376000E-1	1.889000E-3	1.000000E-2	0.000000E+0	5.000000E+1	2.000000E+0	5.000000E+1	2.000000E+0	1.000000E+0	8.000000E+1
1.770001E+0	2.205300E+2	5.500000E+2	5.498190E-1	1.186550E+1	4.633762E+1	4.788825E+1	8.358000E-1	4.002500E-2	3.091000E-2	1.186550E+1	2.605031E+0	2.256521E+0	8.358000E-1	1.886000E-3	1.000000E-2	0.000000E+0	5.000000E+1	2.000000E+0	5.000000E+1	2.000000E+0	1.000000E+0	8.100000E+1
1.792069E+0	2.205300E+2	5.000000E+2	4.999710E-1	1.076790E+1	4.643162E+1	4.813094E+1	8.202000E-1	3.947700E-2	2.868300E-2	1.076790E+1	2.663751E+0	3.089490E+0	8.202000E-1	2.534000E-3	1.000000E-2	0.000000E+0	5.000000E+1	2.000000E+0	5.000000E+1	2.000000E+0	1.000000E+0	8.200000E+1
1.813737E+0	2.205300E+2	4.500000E+2	4.503450E-1	9.670600E+0	4.656847E+1	4.812447E+1	8.275000E-1	3.982300E-2	2.518200E-2	9.670600E+0	2.603975E+0	2.993353E+0	8.275000E-1	2.477000E-3	1.000000E-2	0.000000E+0	5.000000E+1	2.000000E+0	5.000000E+1	2.000000E+0	1.000000E+0	8.300000E+1
1.835755E+0	2.205300E+2	4.000000E+2	4.002880E-1	8.585200E+0	4.662536E+1	4.751230E+1	8.534000E-1	4.054700E-2	2.244500E-2	8.585200E+0	2.614383E+0	3.132177E+0	8.534000E-1	2.673000E-3	1.000000E-2	0.000000E+0	5.000000E+1	2.000000E+0	5.000000E+1	2.000000E+0	1.000000E+0	8.400000E+1
1.857506E+0	2.205300E+2	3.500000E+2	3.492730E-1	7.476100E+0	4.671861E+1	4.761933E+1	8.317000E-1	3.960500E-2	2.004000E-2	7.476100E+0	2.680542E+0	2.985451E+0	8.317000E-1	2.483000E-3	1.000000E-2	0.000000E+0	5.000000E+1	2.000000E+0	5.000000E+1	2.000000E+0	1.000000E+0	8.500000E+1
1.879974E+0	2.205300E+2	3.000000E+2	2.999460E-1	6.398900E+0	4.687462E+1	4.813059E+1	8.270000E-1	3.980400E-2	1.734800E-2	6.398900E+0	2.711091E+0	3.124547E+0	8.270000E-1	2.584000E-3	1.000000E-2	0.000000E+0	5.000000E+1	2.000000E+0	5.000000E+1	2.000000E+0	1.000000E+0	8.600000E+1
1.901625E+0	2.205300E+2	2.500000E+2	2.494890E-1	5.312600E+0	4.696175E+1	4.790334E+1	8.318000E-1	3.984600E-2	1.462900E-2	5.312600E+0	2.753642E+0	3.214715E+0	8.318000E-1	2.674000E-3	1.000000E-2	0.000000E+0	5.000000E+1	2.000000E+0	5.000000E+1	2.000000E+0	1.000000E+0	8.700000E+1
1.923327E+0	2.205300E+2	2.000000E+2	1.999720E-1	4.252400E+0	4.702568E+1	4.790927E+1	8.332000E-1	3.991800E-2	1.123900E-2	4.252400E+0	2.642978E+0	2.720835E+0	8.332000E-1	2.267000E-3	1.000000E-2	0.000000E+0	5.000000E+1	2.000000E+0	5.000000E+1	2.000000E+0	1.000000E+0	8.800000E+1
1.944978E+0	2.205300E+2	1.500000E+2	1.495980E-1	3.174000E+0	4.713233E+1	4.794434E+1	8.372000E-1	4.013900E-2	8.776000E-3	3.174000E+0	2.764965E+0	3.340898E+0	8.372000E-1	2.797000E-3	1.000000E-2	0.000000E+0	5.000000E+1	2.000000E+0	5.000000E+1	2.000000E+0	1.000000E+0	8.900000E+1
1.967029E+0	2.205300E+2	1.004950E+2	1.006540E-1	2.125100E+0	4.736436E+1	4.814057E+1	8.352000E-1	4.020700E-2	5.712000E-3	2.125100E+0	2.687874E+0	3.432711E+0	8.352000E-1	2.867000E-3	1.000000E-2	0.000000E+0	5.000000E+1	2.000000E+0	5.000000E+1	2.000000E+0	1.000000E+0	9.000000E+1
1.988714E+0	2.205300E+2	5.099502E+1	5.110200E-2	1.063400E+0	4.805529E+1	4.738852E+1	8.275000E-1	3.921400E-2	3.085000E-3	1.063400E+0	2.901072E+0	3.077946E+0	8.275000E-1	2.547000E-3	1.000000E-2	0.000000E+0	5.000000E+1	2.000000E+0	5.000000E+1	2.000000E+0	1.000000E+0	9.100000E+1
2.011298E+0	2.205300E+2	1.495000E+0	1.505000E-3	1.060000E-2	1.419811E+2	4.796160E+1	8.438000E-1	4.047000E-2	3.000000E-4	1.060000E-2	2.830189E+1	2.282531E+0	8.438000E-1	1.926000E-3	1.000000E-2	0.000000E+0	5.000000E+1	2.000000E+0	5.000000E+1	2.000000E+0	1.000000E+0	9.200000E+1
2.033150E+0	2.205300E+2	-4.950002E+1	-4.868300E-2	-1.044700E+0	4.659998E+1	4.780572E+1	8.390000E-1	4.010900E-2	-2.389000E-3	-1.044700E+0	2.286781E+0	2.957092E+0	8.390000E-1	2.481000E-3	1.000000E-2	0.000000E+0	5.000000E+1	2.000000E+0	5.000000E+1	2.000000E+0	1.000000E+0	9.300000E+1
2.055101E+0	2.205300E+2	-9.900005E+1	-9.888700E-2	-2.120000E+0	4.664481E+1	4.765468E+1	8.485000E-1	4.043500E-2	-5.693000E-3	-2.120000E+0	2.685377E+0	2.480849E+0	8.485000E-1	2.105000E-3	1.000000E-2	0.000000E+0	5.000000E+1	2.000000E+0	5.000000E+1	2.000000E+0	1.000000E+0	9.400000E+1
2.076969E+0	2.205300E+2	-1.485001E+2	-1.482980E-1	-3.182900E+0	4.659210E+1	4.778895E+1	8.453000E-1	4.039600E-2	-7.767000E-3	-3.182900E+0	2.440227E+0	3.133799E+0	8.453000E-1	2.649000E-3	1.000000E-2	0.000000E+0	5.000000E+1	2.000000E+0	5.000000E+1	2.000000E+0	1.000000E+0	9.500000E+1
2.098770E+0	2.205300E+2	-1.984951E+2	-1.984640E-1	-4.248200E+0	4.671720E+1	4.747803E+1	8.422000E-1	3.998600E-2	-1.059100E-2	-4.248200E+0	2.493056E+0	2.734505E+0	8.422000E-1	2.303000E-3	1.000000E-2	0.000000E+0	5.000000E+1	2.000000E+0	5.000000E+1	2.000000E+0	1.000000E+0	9.600000E+1
2.120771E+0	2.205300E+2	-2.484951E+2	-2.479440E-1	-5.305900E+0	4.672987E+1	4.778911E+1	8.431000E-1	4.029100E-2	-1.369400E-2	-5.305900E+0	2.580901E+0	3.049460E+0	8.431000E-1	2.571000E-3	1.000000E-2	0.000000E+0	5.000000E+1	2.000000E+0	5.000000E+1	2.000000E+0	1.000000E+0	9.700000E+1
2.142189E+0	2.205300E+2	-2.984951E+2	-2.990240E-1	-6.415300E+0	4.661107E+1	4.784066E+1	8.234000E-1	3.939200E-2	-1.615900E-2	-6.415300E+0	2.518822E+0	2.753218E+0	8.234000E-1	2.267000E-3	1.000000E-2	0.000000E+0	5.000000E+1	2.000000E+0	5.000000E+1	2.000000E+0	1.000000E+0	9.800000E+1
2.163890E+0	2.205300E+2	-3.484951E+2	-3.487120E-1	-7.488300E+0	4.656758E+1	4.790745E+1	8.320000E-1	3.985900E-2	-1.907700E-2	-7.488300E+0	2.547574E+0	3.274038E+0	8.320000E-1	2.724000E-3	1.000000E-2	0.000000E+0	5.000000E+1	2.000000E+0	5.000000E+1	2.000000E+0	1.000000E+0	9.900000E+1
2.185658E+0	2.205300E+2	-3.984951E+2	-3.981710E-1	-8.566700E+0	4.647892E+1	4.807894E+1	8.386000E-1	4.031900E-2	-2.205400E-2	-8.566700E+0	2.574387E+0	3.349630E+0	8.386000E-1	2.809000E-3	1.000000E-2	0.000000E+0	5.000000E+1	2.000000E+0	5.000000E+1	2.000000E+0	1.000000E+0	1.000000E+2
2.207176E+0	2.205300E+2	-4.484951E+2	-4.480580E-1	-9.651000E+0	4.642607E+1	4.762001E+1	8.416000E-1	4.007700E-2	-2.505900E-2	-9.651000E+0	2.596518E+0	2.813688E+0	8.416000E-1	2.368000E-3	1.000000E-2	0.000000E+0	5.000000E+1	2.000000E+0	5.000000E+1	2.000000E+0	1.000000E+0	1.010000E+2
2.229011E+0	2.205300E+2	-4.984951E+2	-4.983570E-1	-1.076970E+1	4.627399E+1	4.793628E+1	8.349000E-1	4.002200E-2	-2.794100E-2	-1.076970E+1	2.594408E+0	3.318960E+0	8.349000E-1	2.771000E-3	1.000000E-2	0.000000E+0	5.000000E+1	2.000000E+0	5.000000E+1	2.000000E+0	1.000000E+0	1.020000E+2
2.251479E+0	2.205300E+2	-5.484951E+2	-5.483320E-1	-1.187540E+1	4.617377E+1	4.725141E+1	8.528000E-1	4.029600E-2	-3.115600E-2	-1.187540E+1	2.623575E+0	3.309099E+0	8.528000E-1	2.822000E-3	1.000000E-2	0.000000E+0	5.000000E+1	2.000000E+0	5.000000E+1	2.000000E+0	1.000000E+0	1.030000E+2
2.273197E+0	2.205300E+2	-5.984951E+2	-5.979880E-1	-1.296840E+1	4.611116E+1	4.778137E+1	8.352000E-1	3.990700E-2	-3.358500E-2	-1.296840E+1	2.589757E+0	3.006466E+0	8.352000E-1	2.511000E-3	1.000000E-2	0.000000E+0	5.000000E+1	2.000000E+0	5.000000E+1	2.000000E+0	1.000000E+0	1.040000E+2
2.295198E+0	2.205300E+2	-6.484951E+2	-6.485390E-1	-1.410110E+1	4.599209E+1	4.775247E+1	8.298000E-1	3.962500E-2	-3.645800E-2	-1.410110E+1	2.585472E+0	3.158592E+0	8.298000E-1	2.621000E-3	1.000000E-2	0.000000E+0	5.000000E+1	2.000000E+0	5.000000E+1	2.000000E+0	1.000000E+0	1.050000E+2
2.316916E+0	2.205300E+2	-6.984951E+2	-6.990880E-1	-1.523810E+1	4.587764E+1	4.737885E+1	8.378000E-1	3.969400E-2	-3.960200E-2	-1.523810E+1	2.598880E+0	2.776319E+0	8.378000E-1	2.326000E-3	1.000000E-2	0.000000E+0	5.000000E+1	2.000000E+0	5.000000E+1	2.000000E+0	1.000000E+0	1.060000E+2
2.339400E+0	2.205300E+2	-7.484951E+2	-7.488090E-1	-1.636280E+1	4.576289E+1	4.792557E+1	8.330000E-1	3.992200E-2	-4.218400E-2	-1.636280E+1	2.578043E+0	3.459784E+0	8.330000E-1	2.882000E-3	1.000000E-2	0.000000E+0	5.000000E+1	2.000000E+0	5.000000E+1	2.000000E+0	1.000000E+0	1.070000E+2
2.361118E+0	2.205300E+2	-7.984951E+2	-7.983690E-1	-1.749520E+1	4.563360E+1	4.738519E+1	8.318000E-1	3.941500E-2	-4.561500E-2	-1.749520E+1	2.607287E+0	2.778312E+0	8.318000E-1	2.311000E-3	1.000000E-2	0.000000E+0	5.000000E+1	2.000000E+0	5.000000E+1	2.000000E+0	1.000000E+0	1.080000E+2
2.383570E+0	2.205300E+2	-8.484951E+2	-8.482820E-1	-1.862840E+1	4.553703E+1	4.767578E+1	8.377000E-1	3.993800E-2	-4.918400E-2	-1.862840E+1	2.640270E+0	3.440372E+0	8.377000E-1	2.882000E-3	1.000000E-2	0.000000E+0	5.000000E+1	2.000000E+0	5.000000E+1	2.000000E+0	1.000000E+0	1.090000E+2
2.405221E+0	2.205300E+2	-8.984951E+2	-8.977650E-1	-1.976370E+1	4.542495E+1	4.758418E+1	8.316000E-1	3.957100E-2	-5.156000E-2	-1.976370E+1	2.608823E+0	2.983405E+0	8.316000E-1	2.481000E-3	1.000000E-2	0.000000E+0	5.000000E+1	2.000000E+0	5.000000E+1	2.000000E+0	1.000000E+0	1.100000E+2
2.427739E+0	2.205300E+2	-9.484951E+2	-9.483030E-1	-2.093660E+1	4.529403E+1	4.782874E+1	8.373000E-1	4.004700E-2	-5.469900E-2	-2.093660E+1	2.612602E+0	3.358414E+0	8.373000E-1	2.812000E-3	1.000000E-2	0.000000E+0	5.000000E+1	2.000000E+0	5.000000E+1	2.000000E+0	1.000000E+0	1.110000E+2
2.449390E+0	2.205300E+2	-9.984951E+2	-9.981220E-1	-2.209220E+1	4.517984E+1	4.843946E+1	8.292000E-1	4.016600E-2	-5.697800E-2	-2.209220E+1	2.579100E+0	3.341775E+0	8.292000E-1	2.771000E-3	1.000000E-2	0.000000E+0	5.000000E+1	2.000000E+0	5.000000E+1	2.000000E+0	1.000000E+0	1.120000E+2
2.471925E+0	2.205300E+2	-1.048495E+3	-1.049144E+0	-2.327810E+1	4.507000E+1	4.729835E+1	8.480000E-1	4.010900E-2	-6.037800E-2	-2.327810E+1	2.593768E+0	2.988208E+0	8.480000E-1	2.534000E-3	1.000000E-2	0.000000E+0	5.000000E+1	2.000000E+0	5.000000E+1	2.000000E+0	1.000000E+0	1.130000E+2
2.493676E+0	2.205300E+2	-1.098495E+3	-1.098032E+0	-2.443120E+1	4.494384E+1	4.769992E+1	8.591000E-1	4.097900E-2	-6.386500E-2	-2.443120E+1	2.614075E+0	2.301245E+0	8.591000E-1	1.977000E-3	1.000000E-2	0.000000E+0	5.000000E+1	2.000000E+0	5.000000E+1	2.000000E+0	1.000000E+0	1.140000E+2
2.516211E+0	2.205300E+2	-1.148495E+3	-1.148880E+0	-2.562080E+1	4.484169E+1	4.744293E+1	8.455000E-1	4.011300E-2	-6.723900E-2	-2.562080E+1	2.624391E+0	3.277351E+0	8.455000E-1	2.771000E-3	1.000000E-2	0.000000E+0	5.000000E+1	2.000000E+0	5.000000E+1	2.000000E+0	1.000000E+0	1.150000E+2
2.538045E+0	2.205300E+2	-1.198495E+3	-1.198450E+0	-2.679640E+1	4.472429E+1	4.794286E+1	8.366000E-1	4.010900E-2	-6.988000E-2	-2.679640E+1	2.607813E+0	3.234521E+0	8.366000E-1	2.706000E-3	1.000000E-2	0.000000E+0	5.000000E+1	2.000000E+0	5.000000E+1	2.000000E+0	1.000000E+0	1.160000E+2
2.560596E+0	2.205300E+2	-1.248495E+3	-1.248426E+0	-2.797250E+1	4.463048E+1	4.721884E+1	8.536000E-1	4.030600E-2	-7.336000E-2	-2.797250E+1	2.622576E+0	2.180178E+0	8.536000E-1	1.861000E-3	1.000000E-2	0.000000E+0	5.000000E+1	2.000000E+0	5.000000E+1	2.000000E+0	1.000000E+0	1.170000E+2
2.582281E+0	2.205300E+2	-1.298495E+3	-1.298766E+0	-2.918360E+1	4.450328E+1	4.782635E+1	8.327000E-1	3.982500E-2	-7.609700E-2	-2.918360E+1	2.607526E+0	2.633602E+0	8.327000E-1	2.193000E-3	1.000000E-2	0.000000E+0	5.000000E+1	2.000000E+0	5.000000E+1	2.000000E+0	1.000000E+0	1.180000E+2
2.603949E+0	2.205300E+2	-1.348495E+3	-1.348472E+0	-3.037160E+1	4.439911E+1	4.778083E+1	8.386000E-1	4.006900E-2	-7.908100E-2	-3.037160E+1	2.603781E+0	3.373480E+0	8.386000E-1	2.829000E-3	1.000000E-2	0.000000E+0	5.000000E+1	2.000000E+0	5.000000E+1	2.000000E+0	1.000000E+0	1.190000E+2
2.625667E+0	2.205300E+2	-1.398495E+3	-1.398146E+0	-3.155360E+1	4.431019E+1	4.851466E+1	8.153000E-1	3.955400E-2	-8.259800E-2	-3.155360E+1	2.617704E+0	3.058997E+0	8.153000E-1	2.494000E-3	1.000000E-2	0.000000E+0	5.000000E+1	2.000000E+0	5.000000E+1	2.000000E+0	1.000000E+0	1.200000E+2
2.648151E+0	2.205300E+2	-1.448495E+3	-1.447765E+0	-3.273050E+1	4.423290E+1	4.759820E+1	8.427000E-1	4.011100E-2	-8.549800E-2	-3.273050E+1	2.612181E+0	2.571496E+0	8.427000E-1	2.167000E-3	1.000000E-2	0.000000E+0	5.000000E+1	2.000000E+0	5.000000E+1	2.000000E+0	1.000000E+0	1.210000E+2
2.669869E+0	2.205300E+2	-1.498495E+3	-1.498968E+0	-3.395120E+1	4.415066E+1	4.748079E+1	8.328000E-1	3.954200E-2	-8.845500E-2	-3.395120E+1	2.605357E+0	2.957493E+0	8.328000E-1	2.463000E-3	1.000000E-2	0.000000E+0	5.000000E+1	2.000000E+0	5.000000E+1	2.000000E+0	1.000000E+0	1.220000E+2
2.692354E+0	2.205300E+2	-1.500000E+3	-1.499864E+0	-3.396580E+1	4.415806E+1	4.778737E+1	8.456000E-1	4.040900E-2	-8.865500E-2	-3.396580E+1	2.610125E+0	2.763718E+0	8.456000E-1	2.337000E-3	1.000000E-2	0.000000E+0	5.000000E+1	2.000000E+0	5.000000E+1	2.000000E+0	1.000000E+0	1.230000E+2
2.714172E+0	2.205300E+2	-1.450000E+3	-1.450036E+0	-3.275850E+1	4.426442E+1	4.742526E+1	8.463000E-1	4.013600E-2	-8.473400E-2	-3.275850E+1	2.586626E+0	2.769703E+0	8.463000E-1	2.344000E-3	1.000000E-2	0.000000E+0	5.000000E+1	2.000000E+0	5.000000E+1	2.000000E+0	1.000000E+0	1.240000E+2
