Tiempo (min)	T (K) 	I pulso(mA)	Vinst 1 (V)	Iinst 1 (mA)	Rinst 1(Ohm)	Rrem 1 (Ohm)	Ibias 1 (mA)	Vbias 1 (V)	Vinst 2 (V)	Iinst 2 (mA)	Rinst 2(Ohm)	Rrem 2 (Ohm)	Ibias 2 (mA)	Vbias 2 (V)	Ancho pulso (s)	Periodo (s)	Icc 1 (mA)	Vcc 1 (V)	Icc 2 (mA)	Vcc 2 (V)	2W 1?	N
1.056727E-2	2.302800E+2	-1.500000E+3	-1.500660E+0	-2.775320E+1	5.407160E+1	5.433048E+1	7.371000E-1	4.004700E-2	-7.107900E-2	-2.775320E+1	2.561110E+0	2.888346E+0	7.371000E-1	2.129000E-3	1.000000E-2	0.000000E+0	5.000000E+1	2.000000E+0	5.000000E+1	2.000000E+0	1.000000E+0	1.000000E+0
3.265187E-2	2.302800E+2	-1.450000E+3	-1.449960E+0	-2.620870E+1	5.532361E+1	5.834825E+1	6.817000E-1	3.977600E-2	-6.464000E-2	-2.620870E+1	2.466357E+0	2.753411E+0	6.817000E-1	1.877000E-3	1.000000E-2	0.000000E+0	5.000000E+1	2.000000E+0	5.000000E+1	2.000000E+0	1.000000E+0	2.000000E+0
5.443645E-2	2.302800E+2	-1.400000E+3	-1.400074E+0	-2.305450E+1	6.072888E+1	6.525229E+1	6.104000E-1	3.983000E-2	-5.939300E-2	-2.305450E+1	2.576200E+0	3.140564E+0	6.104000E-1	1.917000E-3	1.000000E-2	0.000000E+0	5.000000E+1	2.000000E+0	5.000000E+1	2.000000E+0	1.000000E+0	3.000000E+0
7.625436E-2	2.302800E+2	-1.350000E+3	-1.350298E+0	-1.475200E+1	9.153322E+1	2.987953E+2	1.353000E-1	4.042700E-2	-3.768200E-2	-1.475200E+1	2.554366E+0	3.089431E+0	1.353000E-1	4.180000E-4	1.000000E-2	0.000000E+0	5.000000E+1	2.000000E+0	5.000000E+1	2.000000E+0	1.000000E+0	4.000000E+0
9.808894E-2	2.302800E+2	-1.300000E+3	-1.299369E+0	-1.202360E+1	1.080682E+2	2.507833E+2	1.583000E-1	3.969900E-2	-3.042600E-2	-1.202360E+1	2.530523E+0	3.866077E+0	1.583000E-1	6.120000E-4	1.000000E-2	0.000000E+0	5.000000E+1	2.000000E+0	5.000000E+1	2.000000E+0	1.000000E+0	5.000000E+0
1.213403E-1	2.302800E+2	-1.250000E+3	-1.250324E+0	-9.253900E+0	1.351132E+2	2.965678E+2	1.349000E-1	4.000700E-2	-2.397900E-2	-9.253900E+0	2.591232E+0	2.587102E+0	1.349000E-1	3.490000E-4	1.000000E-2	0.000000E+0	5.000000E+1	2.000000E+0	5.000000E+1	2.000000E+0	1.000000E+0	6.000000E+0
1.428748E-1	2.302800E+2	-1.200000E+3	-1.200167E+0	-6.679000E+0	1.796926E+2	5.340426E+2	7.520000E-2	4.016000E-2	-1.659900E-2	-6.679000E+0	2.485252E+0	5.664894E+0	7.520000E-2	4.260000E-4	1.000000E-2	0.000000E+0	5.000000E+1	2.000000E+0	5.000000E+1	2.000000E+0	1.000000E+0	7.000000E+0
1.647261E-1	2.302800E+2	-1.150000E+3	-1.149689E+0	-3.739700E+0	3.074281E+2	6.807850E+2	5.860000E-2	3.989400E-2	-9.505000E-3	-3.739700E+0	2.541648E+0	3.976109E+0	5.860000E-2	2.330000E-4	1.000000E-2	0.000000E+0	5.000000E+1	2.000000E+0	5.000000E+1	2.000000E+0	1.000000E+0	8.000000E+0
1.864940E-1	2.302800E+2	-1.100000E+3	-1.099519E+0	-2.297000E+0	4.786761E+2	2.123158E+3	1.900000E-2	4.034000E-2	-5.659000E-3	-2.297000E+0	2.463648E+0	-6.736842E+0	1.900000E-2	-1.280000E-4	1.000000E-2	0.000000E+0	5.000000E+1	2.000000E+0	5.000000E+1	2.000000E+0	1.000000E+0	9.000000E+0
2.080452E-1	2.302800E+2	-1.050000E+3	-1.050072E+0	-2.138600E+0	4.910091E+2	1.803559E+3	2.220000E-2	4.003900E-2	-5.654000E-3	-2.138600E+0	2.643786E+0	6.396396E+0	2.220000E-2	1.420000E-4	1.000000E-2	0.000000E+0	5.000000E+1	2.000000E+0	5.000000E+1	2.000000E+0	1.000000E+0	1.000000E+1
2.298798E-1	2.302800E+2	-1.000000E+3	-9.999390E-1	-1.967000E+0	5.083574E+2	1.051032E+3	3.780000E-2	3.972900E-2	-5.151000E-3	-1.967000E+0	2.618709E+0	1.211640E+1	3.780000E-2	4.580000E-4	1.000000E-2	0.000000E+0	5.000000E+1	2.000000E+0	5.000000E+1	2.000000E+0	1.000000E+0	1.100000E+1
2.515311E-1	2.302800E+2	-9.500000E+2	-9.497070E-1	-1.805900E+0	5.258912E+2	9.870833E+2	4.080000E-2	4.027300E-2	-4.323000E-3	-1.805900E+0	2.393820E+0	1.193627E+1	4.080000E-2	4.870000E-4	1.000000E-2	0.000000E+0	5.000000E+1	2.000000E+0	5.000000E+1	2.000000E+0	1.000000E+0	1.200000E+1
2.733490E-1	2.302800E+2	-9.000000E+2	-9.001030E-1	-1.650500E+0	5.453517E+2	1.718547E+3	2.340000E-2	4.021400E-2	-3.603000E-3	-1.650500E+0	2.182975E+0	-2.051282E+0	2.340000E-2	-4.800000E-5	1.000000E-2	0.000000E+0	5.000000E+1	2.000000E+0	5.000000E+1	2.000000E+0	1.000000E+0	1.300000E+1
2.959669E-1	2.302800E+2	-8.500000E+2	-8.499550E-1	-1.518900E+0	5.595859E+2	1.258652E+3	3.190000E-2	4.015100E-2	-3.274000E-3	-1.518900E+0	2.155507E+0	-8.150470E-1	3.190000E-2	-2.600000E-5	1.000000E-2	0.000000E+0	5.000000E+1	2.000000E+0	5.000000E+1	2.000000E+0	1.000000E+0	1.400000E+1
3.182849E-1	2.302800E+2	-8.000000E+2	-8.000590E-1	-1.381500E+0	5.791234E+2	9.127517E+2	4.470000E-2	4.080000E-2	-3.441000E-3	-1.381500E+0	2.490771E+0	7.852349E+0	4.470000E-2	3.510000E-4	1.000000E-2	0.000000E+0	5.000000E+1	2.000000E+0	5.000000E+1	2.000000E+0	1.000000E+0	1.500000E+1
3.399694E-1	2.302800E+2	-7.500000E+2	-7.497420E-1	-1.249400E+0	6.000816E+2	9.561005E+2	4.180000E-2	3.996500E-2	-2.873000E-3	-1.249400E+0	2.299504E+0	3.755981E+0	4.180000E-2	1.570000E-4	1.000000E-2	0.000000E+0	5.000000E+1	2.000000E+0	5.000000E+1	2.000000E+0	1.000000E+0	1.600000E+1
3.618874E-1	2.302800E+2	-7.000000E+2	-6.999270E-1	-1.113200E+0	6.287522E+2	8.710064E+2	4.670000E-2	4.067600E-2	-2.902000E-3	-1.113200E+0	2.606899E+0	1.124197E+1	4.670000E-2	5.250000E-4	1.000000E-2	0.000000E+0	5.000000E+1	2.000000E+0	5.000000E+1	2.000000E+0	1.000000E+0	1.700000E+1
3.833553E-1	2.302800E+2	-6.500000E+2	-6.495730E-1	-1.027700E+0	6.320648E+2	1.466594E+3	2.760000E-2	4.047800E-2	-2.256000E-3	-1.027700E+0	2.195193E+0	1.731884E+1	2.760000E-2	4.780000E-4	1.000000E-2	0.000000E+0	5.000000E+1	2.000000E+0	5.000000E+1	2.000000E+0	1.000000E+0	1.800000E+1
4.050898E-1	2.302800E+2	-6.000000E+2	-6.000770E-1	-9.251000E-1	6.486618E+2	1.326545E+3	3.010000E-2	3.992900E-2	-2.406000E-3	-9.251000E-1	2.600800E+0	1.252492E+1	3.010000E-2	3.770000E-4	1.000000E-2	0.000000E+0	5.000000E+1	2.000000E+0	5.000000E+1	2.000000E+0	1.000000E+0	1.900000E+1
4.268077E-1	2.302800E+2	-5.500000E+2	-5.497840E-1	-8.282000E-1	6.638300E+2	1.164290E+3	3.380000E-2	3.935300E-2	-2.267000E-3	-8.282000E-1	2.737262E+0	1.245562E+1	3.380000E-2	4.210000E-4	1.000000E-2	0.000000E+0	5.000000E+1	2.000000E+0	5.000000E+1	2.000000E+0	1.000000E+0	2.000000E+1
4.485090E-1	2.302800E+2	-5.000000E+2	-4.996240E-1	-7.389000E-1	6.761727E+2	1.056016E+3	3.790000E-2	4.002300E-2	-1.385000E-3	-7.389000E-1	1.874408E+0	6.015831E+0	3.790000E-2	2.280000E-4	1.000000E-2	0.000000E+0	5.000000E+1	2.000000E+0	5.000000E+1	2.000000E+0	1.000000E+0	2.100000E+1
4.701936E-1	2.302800E+2	-4.500000E+2	-4.495180E-1	-6.350000E-1	7.079024E+2	1.167105E+3	3.420000E-2	3.991500E-2	-1.488000E-3	-6.350000E-1	2.343307E+0	-3.771930E+0	3.420000E-2	-1.290000E-4	1.000000E-2	0.000000E+0	5.000000E+1	2.000000E+0	5.000000E+1	2.000000E+0	1.000000E+0	2.200000E+1
4.918948E-1	2.302800E+2	-4.000000E+2	-3.996670E-1	-5.505000E-1	7.260073E+2	1.063547E+3	3.750000E-2	3.988300E-2	-1.265000E-3	-5.505000E-1	2.297911E+0	1.434667E+1	3.750000E-2	5.380000E-4	1.000000E-2	0.000000E+0	5.000000E+1	2.000000E+0	5.000000E+1	2.000000E+0	1.000000E+0	2.300000E+1
5.135960E-1	2.302800E+2	-3.500000E+2	-3.496820E-1	-4.628000E-1	7.555791E+2	9.436557E+2	4.240000E-2	4.001100E-2	-1.142000E-3	-4.628000E-1	2.467589E+0	7.971698E+0	4.240000E-2	3.380000E-4	1.000000E-2	0.000000E+0	5.000000E+1	2.000000E+0	5.000000E+1	2.000000E+0	1.000000E+0	2.400000E+1
5.353306E-1	2.302800E+2	-3.000000E+2	-2.999830E-1	-3.904000E-1	7.683991E+2	1.351711E+3	2.980000E-2	4.028100E-2	-3.550000E-4	-3.904000E-1	9.093238E-1	7.013423E+0	2.980000E-2	2.090000E-4	1.000000E-2	0.000000E+0	5.000000E+1	2.000000E+0	5.000000E+1	2.000000E+0	1.000000E+0	2.500000E+1
5.570319E-1	2.302800E+2	-2.500000E+2	-2.499960E-1	-3.279000E-1	7.624154E+2	1.516808E+3	2.600000E-2	3.943700E-2	-2.870000E-4	-3.279000E-1	8.752668E-1	1.638462E+1	2.600000E-2	4.260000E-4	1.000000E-2	0.000000E+0	5.000000E+1	2.000000E+0	5.000000E+1	2.000000E+0	1.000000E+0	2.600000E+1
5.795332E-1	2.302800E+2	-2.000000E+2	-2.001230E-1	-2.694000E-1	7.428471E+2	1.639429E+3	2.450000E-2	4.016600E-2	7.100000E-5	-2.694000E-1	-2.635486E-1	1.036735E+1	2.450000E-2	2.540000E-4	1.000000E-2	0.000000E+0	5.000000E+1	2.000000E+0	5.000000E+1	2.000000E+0	1.000000E+0	2.700000E+1
6.012677E-1	2.302800E+2	-1.500000E+2	-1.489800E-1	-1.846000E-1	8.070423E+2	1.156859E+3	3.470000E-2	4.014300E-2	-2.570000E-4	-1.846000E-1	1.392199E+0	-8.069164E-1	3.470000E-2	-2.800000E-5	1.000000E-2	0.000000E+0	5.000000E+1	2.000000E+0	5.000000E+1	2.000000E+0	1.000000E+0	2.800000E+1
6.237523E-1	2.302800E+2	-1.004950E+2	-1.006050E-1	-1.434000E-1	7.015690E+2	1.200181E+3	3.320000E-2	3.984600E-2	1.330000E-4	-1.434000E-1	-9.274756E-1	-4.066265E+0	3.320000E-2	-1.350000E-4	1.000000E-2	0.000000E+0	5.000000E+1	2.000000E+0	5.000000E+1	2.000000E+0	1.000000E+0	2.900000E+1
6.454536E-1	2.302800E+2	-5.099502E+1	-5.059000E-2	-8.030000E-2	6.300125E+2	1.307954E+3	3.030000E-2	3.963100E-2	7.800000E-5	-8.030000E-2	-9.713574E-1	2.320132E+1	3.030000E-2	7.030000E-4	1.000000E-2	0.000000E+0	5.000000E+1	2.000000E+0	5.000000E+1	2.000000E+0	1.000000E+0	3.000000E+1
6.679549E-1	2.302800E+2	-1.495000E+0	-1.226000E-3	-5.300000E-3	2.313208E+2	9.496394E+2	4.160000E-2	3.950500E-2	3.960000E-4	-5.300000E-3	-7.471698E+1	3.221154E+0	4.160000E-2	1.340000E-4	1.000000E-2	0.000000E+0	5.000000E+1	2.000000E+0	5.000000E+1	2.000000E+0	1.000000E+0	3.100000E+1
6.896061E-1	2.302800E+2	4.950002E+1	4.942300E-2	4.980000E-2	9.924297E+2	9.759512E+2	4.100000E-2	4.001400E-2	4.810000E-4	4.980000E-2	9.658635E+0	6.707317E+0	4.100000E-2	2.750000E-4	1.000000E-2	0.000000E+0	5.000000E+1	2.000000E+0	5.000000E+1	2.000000E+0	1.000000E+0	3.200000E+1
7.116407E-1	2.302800E+2	9.900005E+1	9.830000E-2	1.070000E-1	9.186916E+2	1.093453E+3	3.620000E-2	3.958300E-2	6.310000E-4	1.070000E-1	5.897196E+0	3.121547E+0	3.620000E-2	1.130000E-4	1.000000E-2	0.000000E+0	5.000000E+1	2.000000E+0	5.000000E+1	2.000000E+0	1.000000E+0	3.300000E+1
7.333753E-1	2.302800E+2	1.485001E+2	1.475260E-1	1.608000E-1	9.174502E+2	9.041518E+2	4.480000E-2	4.050600E-2	1.030000E-3	1.608000E-1	6.405473E+0	1.350446E+1	4.480000E-2	6.050000E-4	1.000000E-2	0.000000E+0	5.000000E+1	2.000000E+0	5.000000E+1	2.000000E+0	1.000000E+0	3.400000E+1
7.559099E-1	2.302800E+2	1.984951E+2	1.984470E-1	2.172000E-1	9.136602E+2	1.738155E+3	2.330000E-2	4.049900E-2	6.650000E-4	2.172000E-1	3.061694E+0	2.171674E+1	2.330000E-2	5.060000E-4	1.000000E-2	0.000000E+0	5.000000E+1	2.000000E+0	5.000000E+1	2.000000E+0	1.000000E+0	3.500000E+1
7.775778E-1	2.302800E+2	2.484951E+2	2.482210E-1	2.784000E-1	8.915984E+2	1.212212E+3	3.300000E-2	4.000300E-2	1.526000E-3	2.784000E-1	5.481322E+0	1.260606E+1	3.300000E-2	4.160000E-4	1.000000E-2	0.000000E+0	5.000000E+1	2.000000E+0	5.000000E+1	2.000000E+0	1.000000E+0	3.600000E+1
8.000624E-1	2.302800E+2	2.984951E+2	2.984440E-1	3.705000E-1	8.055169E+2	1.188836E+3	3.350000E-2	3.982600E-2	1.261000E-3	3.705000E-1	3.403509E+0	7.611940E+0	3.350000E-2	2.550000E-4	1.000000E-2	0.000000E+0	5.000000E+1	2.000000E+0	5.000000E+1	2.000000E+0	1.000000E+0	3.700000E+1
8.217470E-1	2.302800E+2	3.484951E+2	3.480160E-1	4.535000E-1	7.674002E+2	1.238185E+3	3.250000E-2	4.024100E-2	1.708000E-3	4.535000E-1	3.766262E+0	1.076923E+1	3.250000E-2	3.500000E-4	1.000000E-2	0.000000E+0	5.000000E+1	2.000000E+0	5.000000E+1	2.000000E+0	1.000000E+0	3.800000E+1
8.442316E-1	2.302800E+2	3.984951E+2	3.988980E-1	5.372000E-1	7.425503E+2	1.146171E+3	3.500000E-2	4.011600E-2	2.141000E-3	5.372000E-1	3.985480E+0	2.860000E+1	3.500000E-2	1.001000E-3	1.000000E-2	0.000000E+0	5.000000E+1	2.000000E+0	5.000000E+1	2.000000E+0	1.000000E+0	3.900000E+1
8.659662E-1	2.302800E+2	4.484951E+2	4.487350E-1	6.198000E-1	7.239997E+2	1.140142E+3	3.510000E-2	4.001900E-2	1.859000E-3	6.198000E-1	2.999355E+0	8.005698E+0	3.510000E-2	2.810000E-4	1.000000E-2	0.000000E+0	5.000000E+1	2.000000E+0	5.000000E+1	2.000000E+0	1.000000E+0	4.000000E+1
8.884508E-1	2.302800E+2	4.984951E+2	4.986110E-1	7.407000E-1	6.731619E+2	9.865122E+2	4.100000E-2	4.044700E-2	2.592000E-3	7.407000E-1	3.499392E+0	2.634146E+0	4.100000E-2	1.080000E-4	1.000000E-2	0.000000E+0	5.000000E+1	2.000000E+0	5.000000E+1	2.000000E+0	1.000000E+0	4.100000E+1
9.101687E-1	2.302800E+2	5.484951E+2	5.479290E-1	8.252000E-1	6.639954E+2	1.630205E+3	2.440000E-2	3.977700E-2	2.358000E-3	8.252000E-1	2.857489E+0	3.024590E+1	2.440000E-2	7.380000E-4	1.000000E-2	0.000000E+0	5.000000E+1	2.000000E+0	5.000000E+1	2.000000E+0	1.000000E+0	4.200000E+1
9.326200E-1	2.302800E+2	5.984951E+2	5.985150E-1	9.475000E-1	6.316781E+2	1.825642E+3	2.180000E-2	3.979900E-2	2.561000E-3	9.475000E-1	2.702902E+0	-6.100917E+0	2.180000E-2	-1.330000E-4	1.000000E-2	0.000000E+0	5.000000E+1	2.000000E+0	5.000000E+1	2.000000E+0	1.000000E+0	4.300000E+1
9.543046E-1	2.302800E+2	6.484951E+2	6.483970E-1	1.013700E+0	6.396340E+2	5.577933E+1	7.160000E-1	3.993800E-2	3.024000E-3	1.013700E+0	2.983131E+0	2.674581E+0	7.160000E-1	1.915000E-3	1.000000E-2	0.000000E+0	5.000000E+1	2.000000E+0	5.000000E+1	2.000000E+0	1.000000E+0	4.400000E+1
9.767392E-1	2.302800E+2	6.984951E+2	6.983460E-1	1.122120E+1	6.223452E+1	5.356791E+1	7.503000E-1	4.019200E-2	2.884700E-2	1.122120E+1	2.570759E+0	2.606957E+0	7.503000E-1	1.956000E-3	1.000000E-2	0.000000E+0	5.000000E+1	2.000000E+0	5.000000E+1	2.000000E+0	1.000000E+0	4.500000E+1
9.985071E-1	2.302800E+2	7.484951E+2	7.486920E-1	1.175950E+1	6.366699E+1	5.777490E+1	6.939000E-1	4.009000E-2	3.037000E-2	1.175950E+1	2.582593E+0	3.486093E+0	6.939000E-1	2.419000E-3	1.000000E-2	0.000000E+0	5.000000E+1	2.000000E+0	5.000000E+1	2.000000E+0	1.000000E+0	4.600000E+1
1.021075E+0	2.302800E+2	7.984951E+2	7.982820E-1	1.110320E+1	7.189657E+1	5.953660E+1	6.776000E-1	4.034200E-2	2.941700E-2	1.110320E+1	2.649416E+0	3.195100E+0	6.776000E-1	2.165000E-3	1.000000E-2	0.000000E+0	5.000000E+1	2.000000E+0	5.000000E+1	2.000000E+0	1.000000E+0	4.700000E+1
1.043026E+0	2.302800E+2	8.484951E+2	8.489510E-1	1.234970E+1	6.874264E+1	7.198686E+1	5.481000E-1	3.945600E-2	3.172700E-2	1.234970E+1	2.569050E+0	2.983032E+0	5.481000E-1	1.635000E-3	1.000000E-2	0.000000E+0	5.000000E+1	2.000000E+0	5.000000E+1	2.000000E+0	1.000000E+0	4.800000E+1
1.065128E+0	2.302800E+2	8.984951E+2	8.985310E-1	1.291690E+1	6.956243E+1	9.157967E+1	4.368000E-1	4.000200E-2	3.240200E-2	1.291690E+1	2.508497E+0	2.534341E+0	4.368000E-1	1.107000E-3	1.000000E-2	0.000000E+0	5.000000E+1	2.000000E+0	5.000000E+1	2.000000E+0	1.000000E+0	4.900000E+1
1.086796E+0	2.302800E+2	9.484951E+2	9.495240E-1	1.391420E+1	6.824136E+1	1.298004E+2	3.056000E-1	3.966700E-2	3.434900E-2	1.391420E+1	2.468629E+0	4.057592E+0	3.056000E-1	1.240000E-3	1.000000E-2	0.000000E+0	5.000000E+1	2.000000E+0	5.000000E+1	2.000000E+0	1.000000E+0	5.000000E+1
1.109263E+0	2.302800E+2	9.984951E+2	9.986550E-1	1.583830E+1	6.305317E+1	5.871001E+1	6.845000E-1	4.018700E-2	4.077300E-2	1.583830E+1	2.574329E+0	3.193572E+0	6.845000E-1	2.186000E-3	1.000000E-2	0.000000E+0	5.000000E+1	2.000000E+0	5.000000E+1	2.000000E+0	1.000000E+0	5.100000E+1
1.130998E+0	2.302800E+2	1.048495E+3	1.048408E+0	1.776680E+1	5.900939E+1	5.862044E+1	6.850000E-1	4.015500E-2	4.611100E-2	1.776680E+1	2.595346E+0	3.563504E+0	6.850000E-1	2.441000E-3	1.000000E-2	0.000000E+0	5.000000E+1	2.000000E+0	5.000000E+1	2.000000E+0	1.000000E+0	5.200000E+1
1.153049E+0	2.302800E+2	1.098495E+3	1.098270E+0	1.959680E+1	5.604333E+1	5.367202E+1	7.598000E-1	4.078000E-2	5.022300E-2	1.959680E+1	2.562816E+0	2.376941E+0	7.598000E-1	1.806000E-3	1.000000E-2	0.000000E+0	5.000000E+1	2.000000E+0	5.000000E+1	2.000000E+0	1.000000E+0	5.300000E+1
1.174734E+0	2.302800E+2	1.148495E+3	1.147641E+0	2.141620E+1	5.358752E+1	5.177613E+1	7.674000E-1	3.973300E-2	5.539700E-2	2.141620E+1	2.586687E+0	2.851186E+0	7.674000E-1	2.188000E-3	1.000000E-2	0.000000E+0	5.000000E+1	2.000000E+0	5.000000E+1	2.000000E+0	1.000000E+0	5.400000E+1
1.197268E+0	2.302800E+2	1.198495E+3	1.198451E+0	2.316390E+1	5.173788E+1	4.943576E+1	8.064000E-1	3.986500E-2	6.037300E-2	2.316390E+1	2.606340E+0	3.129960E+0	8.064000E-1	2.524000E-3	1.000000E-2	0.000000E+0	5.000000E+1	2.000000E+0	5.000000E+1	2.000000E+0	1.000000E+0	5.500000E+1
1.219003E+0	2.302800E+2	1.248495E+3	1.248724E+0	2.434920E+1	5.128398E+1	4.993557E+1	8.071000E-1	4.030300E-2	6.273600E-2	2.434920E+1	2.576512E+0	2.523851E+0	8.071000E-1	2.037000E-3	1.000000E-2	0.000000E+0	5.000000E+1	2.000000E+0	5.000000E+1	2.000000E+0	1.000000E+0	5.600000E+1
1.241471E+0	2.302800E+2	1.298495E+3	1.298427E+0	2.664240E+1	4.873536E+1	4.849443E+1	8.256000E-1	4.003700E-2	6.864300E-2	2.664240E+1	2.576457E+0	3.523498E+0	8.256000E-1	2.909000E-3	1.000000E-2	0.000000E+0	5.000000E+1	2.000000E+0	5.000000E+1	2.000000E+0	1.000000E+0	5.700000E+1
1.264022E+0	2.302800E+2	1.348495E+3	1.348976E+0	2.723110E+1	4.953806E+1	4.894083E+1	8.129000E-1	3.978400E-2	7.040200E-2	2.723110E+1	2.585353E+0	2.494772E+0	8.129000E-1	2.028000E-3	1.000000E-2	0.000000E+0	5.000000E+1	2.000000E+0	5.000000E+1	2.000000E+0	1.000000E+0	5.800000E+1
1.285774E+0	2.302800E+2	1.398495E+3	1.398774E+0	2.841070E+1	4.923406E+1	4.883171E+1	8.123000E-1	3.966600E-2	7.277100E-2	2.841070E+1	2.561394E+0	2.704666E+0	8.123000E-1	2.197000E-3	1.000000E-2	0.000000E+0	5.000000E+1	2.000000E+0	5.000000E+1	2.000000E+0	1.000000E+0	5.900000E+1
1.307841E+0	2.302800E+2	1.448495E+3	1.448039E+0	3.002790E+1	4.822312E+1	5.060306E+1	7.976000E-1	4.036100E-2	7.771300E-2	3.002790E+1	2.588026E+0	3.225928E+0	7.976000E-1	2.573000E-3	1.000000E-2	0.000000E+0	5.000000E+1	2.000000E+0	5.000000E+1	2.000000E+0	1.000000E+0	6.000000E+1
1.329259E+0	2.302800E+2	1.498495E+3	1.498552E+0	3.158650E+1	4.744280E+1	4.738331E+1	8.377000E-1	3.969300E-2	8.159800E-2	3.158650E+1	2.583319E+0	3.358004E+0	8.377000E-1	2.813000E-3	1.000000E-2	0.000000E+0	5.000000E+1	2.000000E+0	5.000000E+1	2.000000E+0	1.000000E+0	6.100000E+1
1.350911E+0	2.302800E+2	1.500000E+3	1.500063E+0	3.188890E+1	4.704029E+1	4.736036E+1	8.361000E-1	3.959800E-2	8.289000E-2	3.188890E+1	2.599337E+0	3.048678E+0	8.361000E-1	2.549000E-3	1.000000E-2	0.000000E+0	5.000000E+1	2.000000E+0	5.000000E+1	2.000000E+0	1.000000E+0	6.200000E+1
1.372595E+0	2.302800E+2	1.450000E+3	1.450017E+0	3.085260E+1	4.699821E+1	4.754728E+1	8.407000E-1	3.997300E-2	8.009900E-2	3.085260E+1	2.596183E+0	3.027239E+0	8.407000E-1	2.545000E-3	1.000000E-2	0.000000E+0	5.000000E+1	2.000000E+0	5.000000E+1	2.000000E+0	1.000000E+0	6.300000E+1
1.394280E+0	2.302800E+2	1.400000E+3	1.399924E+0	3.086530E+1	4.535592E+1	4.764755E+1	8.421000E-1	4.012400E-2	7.958900E-2	3.086530E+1	2.578591E+0	2.709892E+0	8.421000E-1	2.282000E-3	1.000000E-2	0.000000E+0	5.000000E+1	2.000000E+0	5.000000E+1	2.000000E+0	1.000000E+0	6.400000E+1
1.416014E+0	2.302800E+2	1.350000E+3	1.350221E+0	2.972790E+1	4.541932E+1	4.762795E+1	8.402000E-1	4.001700E-2	7.674400E-2	2.972790E+1	2.581548E+0	2.286360E+0	8.402000E-1	1.921000E-3	1.000000E-2	0.000000E+0	5.000000E+1	2.000000E+0	5.000000E+1	2.000000E+0	1.000000E+0	6.500000E+1
1.437516E+0	2.302800E+2	1.300000E+3	1.300600E+0	2.862020E+1	4.544343E+1	4.732059E+1	8.319000E-1	3.936600E-2	7.355700E-2	2.862020E+1	2.570108E+0	3.300878E+0	8.319000E-1	2.746000E-3	1.000000E-2	0.000000E+0	5.000000E+1	2.000000E+0	5.000000E+1	2.000000E+0	1.000000E+0	6.600000E+1
1.459183E+0	2.302800E+2	1.250000E+3	1.249861E+0	2.749480E+1	4.545809E+1	4.716118E+1	8.419000E-1	3.970500E-2	7.111500E-2	2.749480E+1	2.586489E+0	2.977788E+0	8.419000E-1	2.507000E-3	1.000000E-2	0.000000E+0	5.000000E+1	2.000000E+0	5.000000E+1	2.000000E+0	1.000000E+0	6.700000E+1
1.480785E+0	2.302800E+2	1.200000E+3	1.200506E+0	2.640370E+1	4.546734E+1	4.737774E+1	8.363000E-1	3.962200E-2	6.773000E-2	2.640370E+1	2.565171E+0	3.186656E+0	8.363000E-1	2.665000E-3	1.000000E-2	0.000000E+0	5.000000E+1	2.000000E+0	5.000000E+1	2.000000E+0	1.000000E+0	6.800000E+1
1.502519E+0	2.302800E+2	1.150000E+3	1.149572E+0	2.526370E+1	4.550292E+1	4.725706E+1	8.531000E-1	4.031500E-2	6.525200E-2	2.526370E+1	2.582836E+0	3.261048E+0	8.531000E-1	2.782000E-3	1.000000E-2	0.000000E+0	5.000000E+1	2.000000E+0	5.000000E+1	2.000000E+0	1.000000E+0	6.900000E+1
1.524537E+0	2.302800E+2	1.100000E+3	1.099791E+0	2.415170E+1	4.553679E+1	4.743345E+1	8.490000E-1	4.027100E-2	6.237400E-2	2.415170E+1	2.582593E+0	2.577150E+0	8.490000E-1	2.188000E-3	1.000000E-2	0.000000E+0	5.000000E+1	2.000000E+0	5.000000E+1	2.000000E+0	1.000000E+0	7.000000E+1
1.546238E+0	2.302800E+2	1.050000E+3	1.049759E+0	2.303520E+1	4.557195E+1	4.728497E+1	8.464000E-1	4.002200E-2	5.989800E-2	2.303520E+1	2.600281E+0	2.872164E+0	8.464000E-1	2.431000E-3	1.000000E-2	0.000000E+0	5.000000E+1	2.000000E+0	5.000000E+1	2.000000E+0	1.000000E+0	7.100000E+1
1.568773E+0	2.302800E+2	1.000000E+3	1.000313E+0	2.192450E+1	4.562535E+1	4.789996E+1	8.357000E-1	4.003000E-2	5.623900E-2	2.192450E+1	2.565121E+0	2.712696E+0	8.357000E-1	2.267000E-3	1.000000E-2	0.000000E+0	5.000000E+1	2.000000E+0	5.000000E+1	2.000000E+0	1.000000E+0	7.200000E+1
1.590524E+0	2.302800E+2	9.500000E+2	9.497650E-1	2.080340E+1	4.565432E+1	4.739906E+1	8.470000E-1	4.014700E-2	5.395900E-2	2.080340E+1	2.593759E+0	3.560803E+0	8.470000E-1	3.016000E-3	1.000000E-2	0.000000E+0	5.000000E+1	2.000000E+0	5.000000E+1	2.000000E+0	1.000000E+0	7.300000E+1
1.613109E+0	2.302800E+2	9.000000E+2	8.998890E-1	1.967360E+1	4.574094E+1	4.787613E+1	8.428000E-1	4.035000E-2	5.075000E-2	1.967360E+1	2.579599E+0	2.419317E+0	8.428000E-1	2.039000E-3	1.000000E-2	0.000000E+0	5.000000E+1	2.000000E+0	5.000000E+1	2.000000E+0	1.000000E+0	7.400000E+1
1.634894E+0	2.302800E+2	8.500000E+2	8.502010E-1	1.857370E+1	4.577446E+1	4.736488E+1	8.474000E-1	4.013700E-2	4.790700E-2	1.857370E+1	2.579292E+0	3.000944E+0	8.474000E-1	2.543000E-3	1.000000E-2	0.000000E+0	5.000000E+1	2.000000E+0	5.000000E+1	2.000000E+0	1.000000E+0	7.500000E+1
1.657478E+0	2.302800E+2	8.000000E+2	7.999230E-1	1.745560E+1	4.582615E+1	4.716653E+1	8.509000E-1	4.013400E-2	4.533400E-2	1.745560E+1	2.597104E+0	2.618404E+0	8.509000E-1	2.228000E-3	1.000000E-2	0.000000E+0	5.000000E+1	2.000000E+0	5.000000E+1	2.000000E+0	1.000000E+0	7.600000E+1
1.679313E+0	2.302800E+2	7.500000E+2	7.504310E-1	1.634550E+1	4.591056E+1	4.753104E+1	8.457000E-1	4.019700E-2	4.209800E-2	1.634550E+1	2.575510E+0	2.910015E+0	8.457000E-1	2.461000E-3	1.000000E-2	0.000000E+0	5.000000E+1	2.000000E+0	5.000000E+1	2.000000E+0	1.000000E+0	7.700000E+1
1.701447E+0	2.302800E+2	7.000000E+2	7.001810E-1	1.522400E+1	4.599192E+1	4.794299E+1	8.454000E-1	4.053100E-2	3.965700E-2	1.522400E+1	2.604900E+0	3.173646E+0	8.454000E-1	2.683000E-3	1.000000E-2	0.000000E+0	5.000000E+1	2.000000E+0	5.000000E+1	2.000000E+0	1.000000E+0	7.800000E+1
1.723182E+0	2.302800E+2	6.500000E+2	6.499720E-1	1.411460E+1	4.604962E+1	4.726441E+1	8.415000E-1	3.977300E-2	3.623100E-2	1.411460E+1	2.566917E+0	3.364231E+0	8.415000E-1	2.831000E-3	1.000000E-2	0.000000E+0	5.000000E+1	2.000000E+0	5.000000E+1	2.000000E+0	1.000000E+0	7.900000E+1
1.745733E+0	2.302800E+2	6.000000E+2	6.001230E-1	1.300470E+1	4.614662E+1	4.804316E+1	8.248000E-1	3.962600E-2	3.378100E-2	1.300470E+1	2.597599E+0	3.189864E+0	8.248000E-1	2.631000E-3	1.000000E-2	0.000000E+0	5.000000E+1	2.000000E+0	5.000000E+1	2.000000E+0	1.000000E+0	8.000000E+1
1.767534E+0	2.302800E+2	5.500000E+2	5.507750E-1	1.192690E+1	4.617923E+1	4.796875E+1	8.256000E-1	3.960300E-2	3.076000E-2	1.192690E+1	2.579044E+0	3.024467E+0	8.256000E-1	2.497000E-3	1.000000E-2	0.000000E+0	5.000000E+1	2.000000E+0	5.000000E+1	2.000000E+0	1.000000E+0	8.100000E+1
1.790086E+0	2.302800E+2	5.000000E+2	4.999970E-1	1.081110E+1	4.624849E+1	4.719776E+1	8.404000E-1	3.966500E-2	2.829400E-2	1.081110E+1	2.617125E+0	3.252023E+0	8.404000E-1	2.733000E-3	1.000000E-2	0.000000E+0	5.000000E+1	2.000000E+0	5.000000E+1	2.000000E+0	1.000000E+0	8.200000E+1
1.811887E+0	2.302800E+2	4.500000E+2	4.501730E-1	9.719100E+0	4.631838E+1	4.761508E+1	8.277000E-1	3.941100E-2	2.555700E-2	9.719100E+0	2.629564E+0	3.021626E+0	8.277000E-1	2.501000E-3	1.000000E-2	0.000000E+0	5.000000E+1	2.000000E+0	5.000000E+1	2.000000E+0	1.000000E+0	8.300000E+1
1.834522E+0	2.302800E+2	4.000000E+2	3.996580E-1	8.613000E+0	4.640172E+1	4.784211E+1	8.360000E-1	3.999600E-2	2.225100E-2	8.613000E+0	2.583420E+0	3.078947E+0	8.360000E-1	2.574000E-3	1.000000E-2	0.000000E+0	5.000000E+1	2.000000E+0	5.000000E+1	2.000000E+0	1.000000E+0	8.400000E+1
1.856340E+0	2.302800E+2	3.500000E+2	3.494500E-1	7.513100E+0	4.651209E+1	4.735403E+1	8.409000E-1	3.982000E-2	1.965000E-2	7.513100E+0	2.615432E+0	2.900464E+0	8.409000E-1	2.439000E-3	1.000000E-2	0.000000E+0	5.000000E+1	2.000000E+0	5.000000E+1	2.000000E+0	1.000000E+0	8.500000E+1
1.878991E+0	2.302800E+2	3.000000E+2	2.997540E-1	6.435400E+0	4.657892E+1	4.794805E+1	8.392000E-1	4.023800E-2	1.708200E-2	6.435400E+0	2.654380E+0	2.646568E+0	8.392000E-1	2.221000E-3	1.000000E-2	0.000000E+0	5.000000E+1	2.000000E+0	5.000000E+1	2.000000E+0	1.000000E+0	8.600000E+1
1.900742E+0	2.302800E+2	2.500000E+2	2.497030E-1	5.359300E+0	4.659247E+1	4.729771E+1	8.515000E-1	4.027400E-2	1.351700E-2	5.359300E+0	2.522158E+0	2.597769E+0	8.515000E-1	2.212000E-3	1.000000E-2	0.000000E+0	5.000000E+1	2.000000E+0	5.000000E+1	2.000000E+0	1.000000E+0	8.700000E+1
1.923377E+0	2.302800E+2	2.000000E+2	1.998790E-1	4.286600E+0	4.662880E+1	4.724378E+1	8.479000E-1	4.005800E-2	1.158300E-2	4.286600E+0	2.702142E+0	3.043991E+0	8.479000E-1	2.581000E-3	1.000000E-2	0.000000E+0	5.000000E+1	2.000000E+0	5.000000E+1	2.000000E+0	1.000000E+0	8.800000E+1
1.945128E+0	2.302800E+2	1.500000E+2	1.500380E-1	3.208600E+0	4.676120E+1	4.763309E+1	8.509000E-1	4.053100E-2	8.429000E-3	3.208600E+0	2.627002E+0	2.874603E+0	8.509000E-1	2.446000E-3	1.000000E-2	0.000000E+0	5.000000E+1	2.000000E+0	5.000000E+1	2.000000E+0	1.000000E+0	8.900000E+1
1.967713E+0	2.302800E+2	1.004950E+2	1.002530E-1	2.140000E+0	4.684720E+1	4.746290E+1	8.557000E-1	4.061400E-2	5.658000E-3	2.140000E+0	2.643925E+0	2.503214E+0	8.557000E-1	2.142000E-3	1.000000E-2	0.000000E+0	5.000000E+1	2.000000E+0	5.000000E+1	2.000000E+0	1.000000E+0	9.000000E+1
1.989530E+0	2.302800E+2	5.099502E+1	5.148100E-2	1.080400E+0	4.764994E+1	4.775166E+1	8.295000E-1	3.961000E-2	3.506000E-3	1.080400E+0	3.245094E+0	2.925859E+0	8.295000E-1	2.427000E-3	1.000000E-2	0.000000E+0	5.000000E+1	2.000000E+0	5.000000E+1	2.000000E+0	1.000000E+0	9.100000E+1
2.012198E+0	2.302800E+2	1.495000E+0	1.699000E-3	1.570000E-2	1.082166E+2	4.764749E+1	8.255000E-1	3.933300E-2	9.870000E-4	1.570000E-2	6.286624E+1	3.012720E+0	8.255000E-1	2.487000E-3	1.000000E-2	0.000000E+0	5.000000E+1	2.000000E+0	5.000000E+1	2.000000E+0	1.000000E+0	9.200000E+1
2.034000E+0	2.302800E+2	-4.950002E+1	-5.013300E-2	-1.083200E+0	4.628231E+1	4.722307E+1	8.477000E-1	4.003100E-2	-3.056000E-3	-1.083200E+0	2.821270E+0	2.801699E+0	8.477000E-1	2.375000E-3	1.000000E-2	0.000000E+0	5.000000E+1	2.000000E+0	5.000000E+1	2.000000E+0	1.000000E+0	9.300000E+1
2.056718E+0	2.302800E+2	-9.900005E+1	-9.867800E-2	-2.130100E+0	4.632552E+1	4.734384E+1	8.501000E-1	4.024700E-2	-5.265000E-3	-2.130100E+0	2.471715E+0	3.224327E+0	8.501000E-1	2.741000E-3	1.000000E-2	0.000000E+0	5.000000E+1	2.000000E+0	5.000000E+1	2.000000E+0	1.000000E+0	9.400000E+1
2.078486E+0	2.302800E+2	-1.485001E+2	-1.481490E-1	-3.201100E+0	4.628065E+1	4.759818E+1	8.352000E-1	3.975400E-2	-7.843000E-3	-3.201100E+0	2.450095E+0	3.091475E+0	8.352000E-1	2.582000E-3	1.000000E-2	0.000000E+0	5.000000E+1	2.000000E+0	5.000000E+1	2.000000E+0	1.000000E+0	9.500000E+1
2.100503E+0	2.302800E+2	-1.984951E+2	-1.992160E-1	-4.296600E+0	4.636596E+1	4.765441E+1	8.484000E-1	4.043000E-2	-1.120300E-2	-4.296600E+0	2.607411E+0	2.544790E+0	8.484000E-1	2.159000E-3	1.000000E-2	0.000000E+0	5.000000E+1	2.000000E+0	5.000000E+1	2.000000E+0	1.000000E+0	9.600000E+1
2.122255E+0	2.302800E+2	-2.484951E+2	-2.485120E-1	-5.354700E+0	4.641007E+1	4.757558E+1	8.435000E-1	4.013000E-2	-1.347500E-2	-5.354700E+0	2.516481E+0	2.707765E+0	8.435000E-1	2.284000E-3	1.000000E-2	0.000000E+0	5.000000E+1	2.000000E+0	5.000000E+1	2.000000E+0	1.000000E+0	9.700000E+1
2.144756E+0	2.302800E+2	-2.984951E+2	-2.982970E-1	-6.437600E+0	4.633668E+1	4.788108E+1	8.443000E-1	4.042600E-2	-1.621900E-2	-6.437600E+0	2.519417E+0	2.835485E+0	8.443000E-1	2.394000E-3	1.000000E-2	0.000000E+0	5.000000E+1	2.000000E+0	5.000000E+1	2.000000E+0	1.000000E+0	9.800000E+1
2.166474E+0	2.302800E+2	-3.484951E+2	-3.483750E-1	-7.525400E+0	4.629322E+1	4.756354E+1	8.459000E-1	4.023400E-2	-1.934000E-2	-7.525400E+0	2.569963E+0	2.434094E+0	8.459000E-1	2.059000E-3	1.000000E-2	0.000000E+0	5.000000E+1	2.000000E+0	5.000000E+1	2.000000E+0	1.000000E+0	9.900000E+1
2.188925E+0	2.302800E+2	-3.984951E+2	-3.987260E-1	-8.612400E+0	4.629673E+1	4.759824E+1	8.398000E-1	3.997300E-2	-2.247900E-2	-8.612400E+0	2.610074E+0	2.955466E+0	8.398000E-1	2.482000E-3	1.000000E-2	0.000000E+0	5.000000E+1	2.000000E+0	5.000000E+1	2.000000E+0	1.000000E+0	1.000000E+2
2.210593E+0	2.302800E+2	-4.484951E+2	-4.487670E-1	-9.706400E+0	4.623413E+1	4.716531E+1	8.590000E-1	4.051500E-2	-2.482200E-2	-9.706400E+0	2.557282E+0	3.072177E+0	8.590000E-1	2.639000E-3	1.000000E-2	0.000000E+0	5.000000E+1	2.000000E+0	5.000000E+1	2.000000E+0	1.000000E+0	1.010000E+2
2.233078E+0	2.302800E+2	-4.984951E+2	-4.980080E-1	-1.078750E+1	4.616528E+1	4.762659E+1	8.393000E-1	3.997300E-2	-2.744600E-2	-1.078750E+1	2.544241E+0	2.984630E+0	8.393000E-1	2.505000E-3	1.000000E-2	0.000000E+0	5.000000E+1	2.000000E+0	5.000000E+1	2.000000E+0	1.000000E+0	1.020000E+2
2.254796E+0	2.302800E+2	-5.484951E+2	-5.486920E-1	-1.190770E+1	4.607876E+1	4.715085E+1	8.578000E-1	4.044600E-2	-3.011800E-2	-1.190770E+1	2.529288E+0	3.034507E+0	8.578000E-1	2.603000E-3	1.000000E-2	0.000000E+0	5.000000E+1	2.000000E+0	5.000000E+1	2.000000E+0	1.000000E+0	1.030000E+2
2.277297E+0	2.302800E+2	-5.984951E+2	-5.981420E-1	-1.298150E+1	4.607649E+1	4.704874E+1	8.576000E-1	4.034900E-2	-3.302900E-2	-1.298150E+1	2.544313E+0	2.547808E+0	8.576000E-1	2.185000E-3	1.000000E-2	0.000000E+0	5.000000E+1	2.000000E+0	5.000000E+1	2.000000E+0	1.000000E+0	1.040000E+2
2.298981E+0	2.302800E+2	-6.484951E+2	-6.479250E-1	-1.408050E+1	4.601577E+1	4.771838E+1	8.437000E-1	4.026000E-2	-3.633200E-2	-1.408050E+1	2.580306E+0	3.330568E+0	8.437000E-1	2.810000E-3	1.000000E-2	0.000000E+0	5.000000E+1	2.000000E+0	5.000000E+1	2.000000E+0	1.000000E+0	1.050000E+2
2.320983E+0	2.302800E+2	-6.984951E+2	-6.980240E-1	-1.520340E+1	4.591236E+1	4.789587E+1	8.355000E-1	4.001700E-2	-3.862600E-2	-1.520340E+1	2.540616E+0	3.177738E+0	8.355000E-1	2.655000E-3	1.000000E-2	0.000000E+0	5.000000E+1	2.000000E+0	5.000000E+1	2.000000E+0	1.000000E+0	1.060000E+2
2.342717E+0	2.302800E+2	-7.484951E+2	-7.489290E-1	-1.632820E+1	4.586721E+1	4.788933E+1	8.367000E-1	4.006900E-2	-4.170700E-2	-1.632820E+1	2.554293E+0	3.072786E+0	8.367000E-1	2.571000E-3	1.000000E-2	0.000000E+0	5.000000E+1	2.000000E+0	5.000000E+1	2.000000E+0	1.000000E+0	1.070000E+2
2.364735E+0	2.302800E+2	-7.984951E+2	-7.977280E-1	-1.741270E+1	4.581300E+1	4.765859E+1	8.465000E-1	4.034300E-2	-4.456700E-2	-1.741270E+1	2.559454E+0	3.027761E+0	8.465000E-1	2.563000E-3	1.000000E-2	0.000000E+0	5.000000E+1	2.000000E+0	5.000000E+1	2.000000E+0	1.000000E+0	1.080000E+2
2.386386E+0	2.302800E+2	-8.484951E+2	-8.482210E-1	-1.853930E+1	4.575259E+1	4.792086E+1	8.340000E-1	3.996600E-2	-4.706500E-2	-1.853930E+1	2.538661E+0	2.690647E+0	8.340000E-1	2.244000E-3	1.000000E-2	0.000000E+0	5.000000E+1	2.000000E+0	5.000000E+1	2.000000E+0	1.000000E+0	1.090000E+2
2.408138E+0	2.302800E+2	-8.984951E+2	-8.982910E-1	-1.964400E+1	4.572852E+1	4.717105E+1	8.512000E-1	4.015200E-2	-5.069800E-2	-1.964400E+1	2.580839E+0	2.914709E+0	8.512000E-1	2.481000E-3	1.000000E-2	0.000000E+0	5.000000E+1	2.000000E+0	5.000000E+1	2.000000E+0	1.000000E+0	1.100000E+2
2.429822E+0	2.302800E+2	-9.484951E+2	-9.487320E-1	-2.075100E+1	4.571982E+1	4.721112E+1	8.455000E-1	3.991700E-2	-5.332900E-2	-2.075100E+1	2.569948E+0	2.445890E+0	8.455000E-1	2.068000E-3	1.000000E-2	0.000000E+0	5.000000E+1	2.000000E+0	5.000000E+1	2.000000E+0	1.000000E+0	1.110000E+2
2.452374E+0	2.302800E+2	-9.984951E+2	-9.989250E-1	-2.186370E+1	4.568874E+1	4.784699E+1	8.300000E-1	3.971300E-2	-5.594600E-2	-2.186370E+1	2.558853E+0	3.184337E+0	8.300000E-1	2.643000E-3	1.000000E-2	0.000000E+0	5.000000E+1	2.000000E+0	5.000000E+1	2.000000E+0	1.000000E+0	1.120000E+2
2.474058E+0	2.302800E+2	-1.048495E+3	-1.048891E+0	-2.298530E+1	4.563312E+1	4.722355E+1	8.374000E-1	3.954500E-2	-5.852900E-2	-2.298530E+1	2.546367E+0	2.531646E+0	8.374000E-1	2.120000E-3	1.000000E-2	0.000000E+0	5.000000E+1	2.000000E+0	5.000000E+1	2.000000E+0	1.000000E+0	1.130000E+2
2.495759E+0	2.302800E+2	-1.098495E+3	-1.098057E+0	-2.400890E+1	4.573541E+1	4.737648E+1	8.420000E-1	3.989100E-2	-6.156600E-2	-2.400890E+1	2.564299E+0	2.130641E+0	8.420000E-1	1.794000E-3	1.000000E-2	0.000000E+0	5.000000E+1	2.000000E+0	5.000000E+1	2.000000E+0	1.000000E+0	1.140000E+2
2.517444E+0	2.302800E+2	-1.148495E+3	-1.148525E+0	-2.513040E+1	4.570262E+1	4.765670E+1	8.424000E-1	4.014600E-2	-6.405800E-2	-2.513040E+1	2.549024E+0	3.006885E+0	8.424000E-1	2.533000E-3	1.000000E-2	0.000000E+0	5.000000E+1	2.000000E+0	5.000000E+1	2.000000E+0	1.000000E+0	1.150000E+2
2.539562E+0	2.302800E+2	-1.198495E+3	-1.198096E+0	-2.619670E+1	4.573462E+1	4.791413E+1	8.361000E-1	4.006100E-2	-6.775700E-2	-2.619670E+1	2.586471E+0	3.003229E+0	8.361000E-1	2.511000E-3	1.000000E-2	0.000000E+0	5.000000E+1	2.000000E+0	5.000000E+1	2.000000E+0	1.000000E+0	1.160000E+2
2.561347E+0	2.302800E+2	-1.248495E+3	-1.247993E+0	-2.711850E+1	4.601999E+1	4.748010E+1	8.544000E-1	4.056700E-2	-6.952100E-2	-2.711850E+1	2.563600E+0	2.558521E+0	8.544000E-1	2.186000E-3	1.000000E-2	0.000000E+0	5.000000E+1	2.000000E+0	5.000000E+1	2.000000E+0	1.000000E+0	1.170000E+2
2.583998E+0	2.302800E+2	-1.298495E+3	-1.298554E+0	-2.674050E+1	4.856132E+1	4.993857E+1	7.976000E-1	3.983100E-2	-6.914800E-2	-2.674050E+1	2.585890E+0	2.912487E+0	7.976000E-1	2.323000E-3	1.000000E-2	0.000000E+0	5.000000E+1	2.000000E+0	5.000000E+1	2.000000E+0	1.000000E+0	1.180000E+2
2.605816E+0	2.302800E+2	-1.348495E+3	-1.348233E+0	-2.717330E+1	4.961609E+1	5.047477E+1	8.046000E-1	4.061200E-2	-6.980000E-2	-2.717330E+1	2.568698E+0	3.397962E+0	8.046000E-1	2.734000E-3	1.000000E-2	0.000000E+0	5.000000E+1	2.000000E+0	5.000000E+1	2.000000E+0	1.000000E+0	1.190000E+2
2.628450E+0	2.302800E+2	-1.398495E+3	-1.398453E+0	-2.769130E+1	5.050153E+1	5.037407E+1	7.806000E-1	3.932200E-2	-7.122100E-2	-2.769130E+1	2.571963E+0	2.899052E+0	7.806000E-1	2.263000E-3	1.000000E-2	0.000000E+0	5.000000E+1	2.000000E+0	5.000000E+1	2.000000E+0	1.000000E+0	1.200000E+2
2.650235E+0	2.302800E+2	-1.448495E+3	-1.448322E+0	-2.599200E+1	5.572184E+1	5.613003E+1	7.137000E-1	4.006000E-2	-6.554700E-2	-2.599200E+1	2.521814E+0	2.785484E+0	7.137000E-1	1.988000E-3	1.000000E-2	0.000000E+0	5.000000E+1	2.000000E+0	5.000000E+1	2.000000E+0	1.000000E+0	1.210000E+2
2.672436E+0	2.302800E+2	-1.498495E+3	-1.498215E+0	-2.967280E+1	5.049119E+1	5.119985E+1	7.826000E-1	4.006900E-2	-7.619600E-2	-2.967280E+1	2.567874E+0	3.193202E+0	7.826000E-1	2.499000E-3	1.000000E-2	0.000000E+0	5.000000E+1	2.000000E+0	5.000000E+1	2.000000E+0	1.000000E+0	1.220000E+2
2.694287E+0	2.302800E+2	-1.500000E+3	-1.500181E+0	-2.980600E+1	5.033151E+1	5.175116E+1	7.732000E-1	4.001400E-2	-7.648000E-2	-2.980600E+1	2.565926E+0	2.893171E+0	7.732000E-1	2.237000E-3	1.000000E-2	0.000000E+0	5.000000E+1	2.000000E+0	5.000000E+1	2.000000E+0	1.000000E+0	1.230000E+2
2.716855E+0	2.302800E+2	-1.450000E+3	-1.450280E+0	-2.791320E+1	5.195678E+1	7.028201E+1	5.638000E-1	3.962500E-2	-7.202800E-2	-2.791320E+1	2.580428E+0	2.979780E+0	5.638000E-1	1.680000E-3	1.000000E-2	0.000000E+0	5.000000E+1	2.000000E+0	5.000000E+1	2.000000E+0	1.000000E+0	1.240000E+2
