Tiempo (min)	T (K) 	I pulso(mA)	Vinst 1 (V)	Iinst 1 (mA)	Rinst 1(Ohm)	Rrem 1 (Ohm)	Ibias 1 (mA)	Vbias 1 (V)	Vinst 2 (V)	Iinst 2 (mA)	Rinst 2(Ohm)	Rrem 2 (Ohm)	Ibias 2 (mA)	Vbias 2 (V)	Ancho pulso (s)	Periodo (s)	Icc 1 (mA)	Vcc 1 (V)	Icc 2 (mA)	Vcc 2 (V)	2W 1?	N
1.050060E-2	2.702300E+2	-1.500000E+3	-1.499994E+0	-3.743930E+1	4.006469E+1	4.021965E+1	9.834000E-1	3.955200E-2	-8.101700E-2	-3.743930E+1	2.163956E+0	1.964613E+0	9.834000E-1	1.932000E-3	1.000000E-2	0.000000E+0	5.000000E+1	2.000000E+0	5.000000E+1	2.000000E+0	1.000000E+0	1.000000E+0
3.221851E-2	2.702300E+2	-1.450000E+3	-1.449912E+0	-3.624420E+1	4.000397E+1	4.044726E+1	9.793000E-1	3.961000E-2	-7.854100E-2	-3.624420E+1	2.166995E+0	2.000408E+0	9.793000E-1	1.959000E-3	1.000000E-2	0.000000E+0	5.000000E+1	2.000000E+0	5.000000E+1	2.000000E+0	1.000000E+0	2.000000E+0
5.473647E-2	2.702300E+2	-1.400000E+3	-1.399945E+0	-3.504970E+1	3.994171E+1	4.057344E+1	9.818000E-1	3.983500E-2	-7.605400E-2	-3.504970E+1	2.169890E+0	2.466898E+0	9.818000E-1	2.422000E-3	1.000000E-2	0.000000E+0	5.000000E+1	2.000000E+0	5.000000E+1	2.000000E+0	1.000000E+0	3.000000E+0
7.652104E-2	2.702300E+2	-1.350000E+3	-1.349847E+0	-3.383100E+1	3.989971E+1	4.010257E+1	9.847000E-1	3.948900E-2	-7.374400E-2	-3.383100E+1	2.179776E+0	2.462679E+0	9.847000E-1	2.425000E-3	1.000000E-2	0.000000E+0	5.000000E+1	2.000000E+0	5.000000E+1	2.000000E+0	1.000000E+0	4.000000E+0
9.915568E-2	2.702300E+2	-1.300000E+3	-1.299885E+0	-3.260630E+1	3.986607E+1	4.032174E+1	1.000800E+0	4.035400E-2	-7.061100E-2	-3.260630E+1	2.165563E+0	2.177258E+0	1.000800E+0	2.179000E-3	1.000000E-2	0.000000E+0	5.000000E+1	2.000000E+0	5.000000E+1	2.000000E+0	1.000000E+0	5.000000E+0
1.210069E-1	2.702300E+2	-1.250000E+3	-1.250083E+0	-3.139220E+1	3.982145E+1	4.052882E+1	9.871000E-1	4.000600E-2	-6.824300E-2	-3.139220E+1	2.173884E+0	2.222672E+0	9.871000E-1	2.194000E-3	1.000000E-2	0.000000E+0	5.000000E+1	2.000000E+0	5.000000E+1	2.000000E+0	1.000000E+0	6.000000E+0
1.431915E-1	2.702300E+2	-1.200000E+3	-1.200237E+0	-3.016030E+1	3.979526E+1	4.034188E+1	9.828000E-1	3.964800E-2	-6.528800E-2	-3.016030E+1	2.164700E+0	2.850020E+0	9.828000E-1	2.801000E-3	1.000000E-2	0.000000E+0	5.000000E+1	2.000000E+0	5.000000E+1	2.000000E+0	1.000000E+0	7.000000E+0
1.651761E-1	2.702300E+2	-1.150000E+3	-1.149463E+0	-2.890440E+1	3.976775E+1	4.030401E+1	9.868000E-1	3.977200E-2	-6.249100E-2	-2.890440E+1	2.161989E+0	2.314552E+0	9.868000E-1	2.284000E-3	1.000000E-2	0.000000E+0	5.000000E+1	2.000000E+0	5.000000E+1	2.000000E+0	1.000000E+0	8.000000E+0
1.872107E-1	2.702300E+2	-1.100000E+3	-1.099630E+0	-2.766840E+1	3.974317E+1	4.031764E+1	9.980000E-1	4.023700E-2	-5.936800E-2	-2.766840E+1	2.145697E+0	2.271543E+0	9.980000E-1	2.267000E-3	1.000000E-2	0.000000E+0	5.000000E+1	2.000000E+0	5.000000E+1	2.000000E+0	1.000000E+0	9.000000E+0
2.088786E-1	2.702300E+2	-1.050000E+3	-1.049821E+0	-2.642700E+1	3.972532E+1	4.028706E+1	9.963000E-1	4.013800E-2	-5.727800E-2	-2.642700E+1	2.167405E+0	2.545418E+0	9.963000E-1	2.536000E-3	1.000000E-2	0.000000E+0	5.000000E+1	2.000000E+0	5.000000E+1	2.000000E+0	1.000000E+0	1.000000E+1
2.314632E-1	2.702300E+2	-1.000000E+3	-9.997270E-1	-2.517940E+1	3.970416E+1	4.025068E+1	9.893000E-1	3.982000E-2	-5.479500E-2	-2.517940E+1	2.176184E+0	2.214697E+0	9.893000E-1	2.191000E-3	1.000000E-2	0.000000E+0	5.000000E+1	2.000000E+0	5.000000E+1	2.000000E+0	1.000000E+0	1.100000E+1
2.531478E-1	2.702300E+2	-9.500000E+2	-9.497630E-1	-2.392190E+1	3.970266E+1	4.016720E+1	9.928000E-1	3.987800E-2	-5.187700E-2	-2.392190E+1	2.168599E+0	2.393231E+0	9.928000E-1	2.376000E-3	1.000000E-2	0.000000E+0	5.000000E+1	2.000000E+0	5.000000E+1	2.000000E+0	1.000000E+0	1.200000E+1
2.756991E-1	2.702300E+2	-9.000000E+2	-8.999330E-1	-2.267680E+1	3.968518E+1	4.058303E+1	9.828000E-1	3.988500E-2	-4.940300E-2	-2.267680E+1	2.178570E+0	2.811355E+0	9.828000E-1	2.763000E-3	1.000000E-2	0.000000E+0	5.000000E+1	2.000000E+0	5.000000E+1	2.000000E+0	1.000000E+0	1.300000E+1
2.974337E-1	2.702300E+2	-8.500000E+2	-8.495960E-1	-2.141310E+1	3.967646E+1	4.027430E+1	1.006200E+0	4.052400E-2	-4.669700E-2	-2.141310E+1	2.180768E+0	2.543232E+0	1.006200E+0	2.559000E-3	1.000000E-2	0.000000E+0	5.000000E+1	2.000000E+0	5.000000E+1	2.000000E+0	1.000000E+0	1.400000E+1
3.200183E-1	2.702300E+2	-8.000000E+2	-7.995550E-1	-2.016250E+1	3.965555E+1	4.024038E+1	9.984000E-1	4.017600E-2	-4.369900E-2	-2.016250E+1	2.167340E+0	2.058293E+0	9.984000E-1	2.055000E-3	1.000000E-2	0.000000E+0	5.000000E+1	2.000000E+0	5.000000E+1	2.000000E+0	1.000000E+0	1.500000E+1
3.417362E-1	2.702300E+2	-7.500000E+2	-7.501580E-1	-1.891470E+1	3.966005E+1	4.059348E+1	9.874000E-1	4.008200E-2	-4.121700E-2	-1.891470E+1	2.179099E+0	2.261495E+0	9.874000E-1	2.233000E-3	1.000000E-2	0.000000E+0	5.000000E+1	2.000000E+0	5.000000E+1	2.000000E+0	1.000000E+0	1.600000E+1
3.643042E-1	2.702300E+2	-7.000000E+2	-6.995660E-1	-1.763200E+1	3.967593E+1	4.022885E+1	9.963000E-1	4.008000E-2	-3.786700E-2	-1.763200E+1	2.147629E+0	2.256348E+0	9.963000E-1	2.248000E-3	1.000000E-2	0.000000E+0	5.000000E+1	2.000000E+0	5.000000E+1	2.000000E+0	1.000000E+0	1.700000E+1
3.868555E-1	2.702300E+2	-6.500000E+2	-6.498910E-1	-1.638010E+1	3.967564E+1	4.036907E+1	9.971000E-1	4.025200E-2	-3.552000E-2	-1.638010E+1	2.168485E+0	2.113128E+0	9.971000E-1	2.107000E-3	1.000000E-2	0.000000E+0	5.000000E+1	2.000000E+0	5.000000E+1	2.000000E+0	1.000000E+0	1.800000E+1
4.085067E-1	2.702300E+2	-6.000000E+2	-5.998100E-1	-1.512160E+1	3.966578E+1	4.015959E+1	9.838000E-1	3.950900E-2	-3.275900E-2	-1.512160E+1	2.166371E+0	2.321610E+0	9.838000E-1	2.284000E-3	1.000000E-2	0.000000E+0	5.000000E+1	2.000000E+0	5.000000E+1	2.000000E+0	1.000000E+0	1.900000E+1
4.302913E-1	2.702300E+2	-5.500000E+2	-5.499330E-1	-1.386660E+1	3.965882E+1	4.024017E+1	9.868000E-1	3.970900E-2	-3.034200E-2	-1.386660E+1	2.188136E+0	2.264897E+0	9.868000E-1	2.235000E-3	1.000000E-2	0.000000E+0	5.000000E+1	2.000000E+0	5.000000E+1	2.000000E+0	1.000000E+0	2.000000E+1
4.520092E-1	2.702300E+2	-5.000000E+2	-5.006170E-1	-1.262150E+1	3.966383E+1	4.069033E+1	9.778000E-1	3.978700E-2	-2.738300E-2	-1.262150E+1	2.169552E+0	2.630395E+0	9.778000E-1	2.572000E-3	1.000000E-2	0.000000E+0	5.000000E+1	2.000000E+0	5.000000E+1	2.000000E+0	1.000000E+0	2.100000E+1
4.743771E-1	2.702300E+2	-4.500000E+2	-4.499420E-1	-1.135160E+1	3.963688E+1	4.041362E+1	9.840000E-1	3.976700E-2	-2.463400E-2	-1.135160E+1	2.170091E+0	2.621951E+0	9.840000E-1	2.580000E-3	1.000000E-2	0.000000E+0	5.000000E+1	2.000000E+0	5.000000E+1	2.000000E+0	1.000000E+0	2.200000E+1
4.957284E-1	2.702300E+2	-4.000000E+2	-3.996990E-1	-1.008310E+1	3.964049E+1	4.054395E+1	9.909000E-1	4.017500E-2	-2.157700E-2	-1.008310E+1	2.139917E+0	2.377636E+0	9.909000E-1	2.356000E-3	1.000000E-2	0.000000E+0	5.000000E+1	2.000000E+0	5.000000E+1	2.000000E+0	1.000000E+0	2.300000E+1
5.174296E-1	2.702300E+2	-3.500000E+2	-3.495670E-1	-8.823800E+0	3.961638E+1	4.054716E+1	9.924000E-1	4.023900E-2	-1.919000E-2	-8.823800E+0	2.174800E+0	2.063684E+0	9.924000E-1	2.048000E-3	1.000000E-2	0.000000E+0	5.000000E+1	2.000000E+0	5.000000E+1	2.000000E+0	1.000000E+0	2.400000E+1
5.391475E-1	2.702300E+2	-3.000000E+2	-3.004290E-1	-7.575800E+0	3.965641E+1	4.039533E+1	9.840000E-1	3.974900E-2	-1.648600E-2	-7.575800E+0	2.176140E+0	2.836382E+0	9.840000E-1	2.791000E-3	1.000000E-2	0.000000E+0	5.000000E+1	2.000000E+0	5.000000E+1	2.000000E+0	1.000000E+0	2.500000E+1
5.608988E-1	2.702300E+2	-2.500000E+2	-2.497250E-1	-6.296300E+0	3.966218E+1	4.056735E+1	9.800000E-1	3.975600E-2	-1.316500E-2	-6.296300E+0	2.090911E+0	2.382653E+0	9.800000E-1	2.335000E-3	1.000000E-2	0.000000E+0	5.000000E+1	2.000000E+0	5.000000E+1	2.000000E+0	1.000000E+0	2.600000E+1
5.825667E-1	2.702300E+2	-2.000000E+2	-1.992440E-1	-5.036700E+0	3.955844E+1	4.053648E+1	9.842000E-1	3.989600E-2	-1.019500E-2	-5.036700E+0	2.024143E+0	2.502540E+0	9.842000E-1	2.463000E-3	1.000000E-2	0.000000E+0	5.000000E+1	2.000000E+0	5.000000E+1	2.000000E+0	1.000000E+0	2.700000E+1
6.041346E-1	2.702300E+2	-1.500000E+2	-1.497530E-1	-3.780200E+0	3.961510E+1	4.053620E+1	9.959000E-1	4.037000E-2	-7.760000E-3	-3.780200E+0	2.052801E+0	2.286374E+0	9.959000E-1	2.277000E-3	1.000000E-2	0.000000E+0	5.000000E+1	2.000000E+0	5.000000E+1	2.000000E+0	1.000000E+0	2.800000E+1
6.257858E-1	2.702300E+2	-1.004950E+2	-1.010620E-1	-2.554500E+0	3.956234E+1	4.053214E+1	9.847000E-1	3.991200E-2	-5.374000E-3	-2.554500E+0	2.103739E+0	2.671880E+0	9.847000E-1	2.631000E-3	1.000000E-2	0.000000E+0	5.000000E+1	2.000000E+0	5.000000E+1	2.000000E+0	1.000000E+0	2.900000E+1
6.474537E-1	2.702300E+2	-5.099502E+1	-5.077900E-2	-1.287600E+0	3.943694E+1	4.040574E+1	9.957000E-1	4.023200E-2	-2.803000E-3	-1.287600E+0	2.176918E+0	2.468615E+0	9.957000E-1	2.458000E-3	1.000000E-2	0.000000E+0	5.000000E+1	2.000000E+0	5.000000E+1	2.000000E+0	1.000000E+0	3.000000E+1
6.691549E-1	2.702300E+2	-1.495000E+0	-1.282000E-3	-5.460000E-2	2.347985E+1	4.044476E+1	9.803000E-1	3.964800E-2	2.390000E-4	-5.460000E-2	-4.377289E+0	2.561461E+0	9.803000E-1	2.511000E-3	1.000000E-2	0.000000E+0	5.000000E+1	2.000000E+0	5.000000E+1	2.000000E+0	1.000000E+0	3.100000E+1
6.916062E-1	2.702300E+2	4.950002E+1	4.941800E-2	1.219400E+0	4.052649E+1	4.054329E+1	9.829000E-1	3.985000E-2	3.280000E-3	1.219400E+0	2.689847E+0	2.419371E+0	9.829000E-1	2.378000E-3	1.000000E-2	0.000000E+0	5.000000E+1	2.000000E+0	5.000000E+1	2.000000E+0	1.000000E+0	3.200000E+1
7.132741E-1	2.702300E+2	9.900005E+1	9.960000E-2	2.488300E+0	4.002733E+1	4.020674E+1	9.964000E-1	4.006200E-2	5.603000E-3	2.488300E+0	2.251738E+0	2.533119E+0	9.964000E-1	2.524000E-3	1.000000E-2	0.000000E+0	5.000000E+1	2.000000E+0	5.000000E+1	2.000000E+0	1.000000E+0	3.300000E+1
7.358088E-1	2.702300E+2	1.485001E+2	1.482610E-1	3.703900E+0	4.002835E+1	4.069154E+1	9.862000E-1	4.013000E-2	8.268000E-3	3.703900E+0	2.232242E+0	2.489353E+0	9.862000E-1	2.455000E-3	1.000000E-2	0.000000E+0	5.000000E+1	2.000000E+0	5.000000E+1	2.000000E+0	1.000000E+0	3.400000E+1
7.574767E-1	2.702300E+2	1.984951E+2	1.991330E-1	4.990000E+0	3.990641E+1	4.043443E+1	9.806000E-1	3.965000E-2	1.081600E-2	4.990000E+0	2.167535E+0	2.160922E+0	9.806000E-1	2.119000E-3	1.000000E-2	0.000000E+0	5.000000E+1	2.000000E+0	5.000000E+1	2.000000E+0	1.000000E+0	3.500000E+1
7.799946E-1	2.702300E+2	2.484951E+2	2.481510E-1	6.233800E+0	3.980734E+1	4.050397E+1	9.822000E-1	3.978300E-2	1.357300E-2	6.233800E+0	2.177324E+0	2.264305E+0	9.822000E-1	2.224000E-3	1.000000E-2	0.000000E+0	5.000000E+1	2.000000E+0	5.000000E+1	2.000000E+0	1.000000E+0	3.600000E+1
8.017292E-1	2.702300E+2	2.984951E+2	2.982920E-1	7.498900E+0	3.977810E+1	4.045299E+1	9.956000E-1	4.027500E-2	1.675500E-2	7.498900E+0	2.234328E+0	1.898353E+0	9.956000E-1	1.890000E-3	1.000000E-2	0.000000E+0	5.000000E+1	2.000000E+0	5.000000E+1	2.000000E+0	1.000000E+0	3.700000E+1
8.242638E-1	2.702300E+2	3.484951E+2	3.489550E-1	8.760900E+0	3.983095E+1	4.030052E+1	1.001600E+0	4.036500E-2	1.977400E-2	8.760900E+0	2.257074E+0	2.214457E+0	1.001600E+0	2.218000E-3	1.000000E-2	0.000000E+0	5.000000E+1	2.000000E+0	5.000000E+1	2.000000E+0	1.000000E+0	3.800000E+1
8.460484E-1	2.702300E+2	3.984951E+2	3.986610E-1	1.002190E+1	3.977898E+1	4.063553E+1	9.850000E-1	4.002600E-2	2.185300E-2	1.002190E+1	2.180525E+0	2.203046E+0	9.850000E-1	2.170000E-3	1.000000E-2	0.000000E+0	5.000000E+1	2.000000E+0	5.000000E+1	2.000000E+0	1.000000E+0	3.900000E+1
8.685997E-1	2.702300E+2	4.484951E+2	4.477630E-1	1.125310E+1	3.979019E+1	4.017777E+1	1.006900E+0	4.045500E-2	2.442600E-2	1.125310E+1	2.170602E+0	2.232595E+0	1.006900E+0	2.248000E-3	1.000000E-2	0.000000E+0	5.000000E+1	2.000000E+0	5.000000E+1	2.000000E+0	1.000000E+0	4.000000E+1
8.902843E-1	2.702300E+2	4.984951E+2	4.988010E-1	1.255020E+1	3.974447E+1	4.031863E+1	1.004300E+0	4.049200E-2	2.740300E-2	1.255020E+1	2.183471E+0	2.200538E+0	1.004300E+0	2.210000E-3	1.000000E-2	0.000000E+0	5.000000E+1	2.000000E+0	5.000000E+1	2.000000E+0	1.000000E+0	4.100000E+1
9.128522E-1	2.702300E+2	5.484951E+2	5.485920E-1	1.379410E+1	3.977005E+1	4.051564E+1	9.813000E-1	3.975800E-2	3.064400E-2	1.379410E+1	2.221529E+0	2.414145E+0	9.813000E-1	2.369000E-3	1.000000E-2	0.000000E+0	5.000000E+1	2.000000E+0	5.000000E+1	2.000000E+0	1.000000E+0	4.200000E+1
9.345868E-1	2.702300E+2	5.984951E+2	5.983150E-1	1.504010E+1	3.978132E+1	4.038156E+1	9.933000E-1	4.011100E-2	3.320500E-2	1.504010E+1	2.207765E+0	2.483640E+0	9.933000E-1	2.467000E-3	1.000000E-2	0.000000E+0	5.000000E+1	2.000000E+0	5.000000E+1	2.000000E+0	1.000000E+0	4.300000E+1
9.569714E-1	2.702300E+2	6.484951E+2	6.487370E-1	1.632010E+1	3.975080E+1	4.038376E+1	9.928000E-1	4.009300E-2	3.596700E-2	1.632010E+1	2.203847E+0	3.039887E+0	9.928000E-1	3.018000E-3	1.000000E-2	0.000000E+0	5.000000E+1	2.000000E+0	5.000000E+1	2.000000E+0	1.000000E+0	4.400000E+1
9.786060E-1	2.702300E+2	6.984951E+2	6.986290E-1	1.758250E+1	3.973434E+1	4.032173E+1	9.884000E-1	3.985400E-2	3.877100E-2	1.758250E+1	2.205090E+0	2.443343E+0	9.884000E-1	2.415000E-3	1.000000E-2	0.000000E+0	5.000000E+1	2.000000E+0	5.000000E+1	2.000000E+0	1.000000E+0	4.500000E+1
1.001024E+0	2.702300E+2	7.484951E+2	7.483410E-1	1.882720E+1	3.974786E+1	4.049414E+1	9.734000E-1	3.941700E-2	4.100700E-2	1.882720E+1	2.178072E+0	2.571399E+0	9.734000E-1	2.503000E-3	1.000000E-2	0.000000E+0	5.000000E+1	2.000000E+0	5.000000E+1	2.000000E+0	1.000000E+0	4.600000E+1
1.022792E+0	2.702300E+2	7.984951E+2	7.984060E-1	2.008020E+1	3.976086E+1	4.025982E+1	9.853000E-1	3.966800E-2	4.381900E-2	2.008020E+1	2.182199E+0	2.479448E+0	9.853000E-1	2.443000E-3	1.000000E-2	0.000000E+0	5.000000E+1	2.000000E+0	5.000000E+1	2.000000E+0	1.000000E+0	4.700000E+1
1.045493E+0	2.702300E+2	8.484951E+2	8.485640E-1	2.134800E+1	3.974911E+1	4.056485E+1	9.808000E-1	3.978600E-2	4.672200E-2	2.134800E+1	2.188589E+0	2.641721E+0	9.808000E-1	2.591000E-3	1.000000E-2	0.000000E+0	5.000000E+1	2.000000E+0	5.000000E+1	2.000000E+0	1.000000E+0	4.800000E+1
1.067394E+0	2.702300E+2	8.984951E+2	8.980610E-1	2.259680E+1	3.974284E+1	4.044148E+1	9.808000E-1	3.966500E-2	4.977100E-2	2.259680E+1	2.202569E+0	2.475530E+0	9.808000E-1	2.428000E-3	1.000000E-2	0.000000E+0	5.000000E+1	2.000000E+0	5.000000E+1	2.000000E+0	1.000000E+0	4.900000E+1
1.089246E+0	2.702300E+2	9.484951E+2	9.486270E-1	2.385300E+1	3.976971E+1	4.044594E+1	9.979000E-1	4.036100E-2	5.232000E-2	2.385300E+1	2.193435E+0	2.529312E+0	9.979000E-1	2.524000E-3	1.000000E-2	0.000000E+0	5.000000E+1	2.000000E+0	5.000000E+1	2.000000E+0	1.000000E+0	5.000000E+1
1.111330E+0	2.702300E+2	9.984951E+2	9.983350E-1	2.510460E+1	3.976701E+1	4.058365E+1	1.000600E+0	4.060800E-2	5.512300E-2	2.510460E+1	2.195733E+0	2.550470E+0	1.000600E+0	2.552000E-3	1.000000E-2	0.000000E+0	5.000000E+1	2.000000E+0	5.000000E+1	2.000000E+0	1.000000E+0	5.100000E+1
1.132881E+0	2.702300E+2	1.048495E+3	1.048969E+0	2.636050E+1	3.979321E+1	4.026846E+1	9.983000E-1	4.020000E-2	5.794600E-2	2.636050E+1	2.198213E+0	2.768707E+0	9.983000E-1	2.764000E-3	1.000000E-2	0.000000E+0	5.000000E+1	2.000000E+0	5.000000E+1	2.000000E+0	1.000000E+0	5.200000E+1
1.154483E+0	2.702300E+2	1.098495E+3	1.098526E+0	2.760100E+1	3.980022E+1	4.077295E+1	9.729000E-1	3.966800E-2	6.045900E-2	2.760100E+1	2.190464E+0	3.051701E+0	9.729000E-1	2.969000E-3	1.000000E-2	0.000000E+0	5.000000E+1	2.000000E+0	5.000000E+1	2.000000E+0	1.000000E+0	5.300000E+1
1.176217E+0	2.702300E+2	1.148495E+3	1.148931E+0	2.886250E+1	3.980705E+1	4.032789E+1	9.973000E-1	4.021900E-2	6.335100E-2	2.886250E+1	2.194924E+0	2.111702E+0	9.973000E-1	2.106000E-3	1.000000E-2	0.000000E+0	5.000000E+1	2.000000E+0	5.000000E+1	2.000000E+0	1.000000E+0	5.400000E+1
1.197935E+0	2.702300E+2	1.198495E+3	1.198612E+0	3.009060E+1	3.983344E+1	4.029662E+1	9.878000E-1	3.980500E-2	6.611200E-2	3.009060E+1	2.197098E+0	2.240332E+0	9.878000E-1	2.213000E-3	1.000000E-2	0.000000E+0	5.000000E+1	2.000000E+0	5.000000E+1	2.000000E+0	1.000000E+0	5.500000E+1
1.219686E+0	2.702300E+2	1.248495E+3	1.248136E+0	3.131230E+1	3.986089E+1	4.067761E+1	9.873000E-1	4.016100E-2	6.848600E-2	3.131230E+1	2.187192E+0	2.781323E+0	9.873000E-1	2.746000E-3	1.000000E-2	0.000000E+0	5.000000E+1	2.000000E+0	5.000000E+1	2.000000E+0	1.000000E+0	5.600000E+1
1.242288E+0	2.702300E+2	1.298495E+3	1.298897E+0	3.255990E+1	3.989254E+1	4.060119E+1	9.897000E-1	4.018300E-2	7.158300E-2	3.255990E+1	2.198502E+0	2.664444E+0	9.897000E-1	2.637000E-3	1.000000E-2	0.000000E+0	5.000000E+1	2.000000E+0	5.000000E+1	2.000000E+0	1.000000E+0	5.700000E+1
1.263772E+0	2.702300E+2	1.348495E+3	1.349054E+0	3.378970E+1	3.992501E+1	4.074246E+1	9.684000E-1	3.945500E-2	7.392400E-2	3.378970E+1	2.187767E+0	2.188145E+0	9.684000E-1	2.119000E-3	1.000000E-2	0.000000E+0	5.000000E+1	2.000000E+0	5.000000E+1	2.000000E+0	1.000000E+0	5.800000E+1
1.285524E+0	2.702300E+2	1.398495E+3	1.398347E+0	3.499860E+1	3.995437E+1	4.024294E+1	9.879000E-1	3.975600E-2	7.666500E-2	3.499860E+1	2.190516E+0	2.233020E+0	9.879000E-1	2.206000E-3	1.000000E-2	0.000000E+0	5.000000E+1	2.000000E+0	5.000000E+1	2.000000E+0	1.000000E+0	5.900000E+1
1.307191E+0	2.702300E+2	1.448495E+3	1.448167E+0	3.627510E+1	3.992179E+1	4.030444E+1	9.887000E-1	3.984900E-2	7.986200E-2	3.627510E+1	2.201565E+0	2.628704E+0	9.887000E-1	2.599000E-3	1.000000E-2	0.000000E+0	5.000000E+1	2.000000E+0	5.000000E+1	2.000000E+0	1.000000E+0	6.000000E+1
1.328909E+0	2.702300E+2	1.498495E+3	1.498083E+0	3.769670E+1	3.974043E+1	4.005951E+1	9.915000E-1	3.971900E-2	8.263800E-2	3.769670E+1	2.192181E+0	2.704992E+0	9.915000E-1	2.682000E-3	1.000000E-2	0.000000E+0	5.000000E+1	2.000000E+0	5.000000E+1	2.000000E+0	1.000000E+0	6.100000E+1
1.350594E+0	2.702300E+2	1.500000E+3	1.500237E+0	3.782230E+1	3.966541E+1	3.998296E+1	9.978000E-1	3.989500E-2	8.266400E-2	3.782230E+1	2.185589E+0	2.741030E+0	9.978000E-1	2.735000E-3	1.000000E-2	0.000000E+0	5.000000E+1	2.000000E+0	5.000000E+1	2.000000E+0	1.000000E+0	6.200000E+1
1.372062E+0	2.702300E+2	1.450000E+3	1.449930E+0	3.659140E+1	3.962488E+1	4.032746E+1	9.925000E-1	4.002500E-2	8.042500E-2	3.659140E+1	2.197921E+0	2.517884E+0	9.925000E-1	2.499000E-3	1.000000E-2	0.000000E+0	5.000000E+1	2.000000E+0	5.000000E+1	2.000000E+0	1.000000E+0	6.300000E+1
1.393746E+0	2.702300E+2	1.400000E+3	1.399791E+0	3.536920E+1	3.957655E+1	4.012304E+1	9.834000E-1	3.945700E-2	7.755800E-2	3.536920E+1	2.192812E+0	2.765914E+0	9.834000E-1	2.720000E-3	1.000000E-2	0.000000E+0	5.000000E+1	2.000000E+0	5.000000E+1	2.000000E+0	1.000000E+0	6.400000E+1
1.415398E+0	2.702300E+2	1.350000E+3	1.350034E+0	3.433430E+1	3.932027E+1	4.017863E+1	9.853000E-1	3.958800E-2	7.573600E-2	3.433430E+1	2.205841E+0	2.389120E+0	9.853000E-1	2.354000E-3	1.000000E-2	0.000000E+0	5.000000E+1	2.000000E+0	5.000000E+1	2.000000E+0	1.000000E+0	6.500000E+1
1.437082E+0	2.702300E+2	1.300000E+3	1.299372E+0	3.306550E+1	3.929691E+1	4.022236E+1	9.939000E-1	3.997700E-2	7.247800E-2	3.306550E+1	2.191952E+0	2.011269E+0	9.939000E-1	1.999000E-3	1.000000E-2	0.000000E+0	5.000000E+1	2.000000E+0	5.000000E+1	2.000000E+0	1.000000E+0	6.600000E+1
1.459567E+0	2.702300E+2	1.250000E+3	1.250134E+0	3.182900E+1	3.927657E+1	3.981775E+1	1.004100E+0	3.998100E-2	7.001900E-2	3.182900E+1	2.199849E+0	2.641171E+0	1.004100E+0	2.652000E-3	1.000000E-2	0.000000E+0	5.000000E+1	2.000000E+0	5.000000E+1	2.000000E+0	1.000000E+0	6.700000E+1
1.481251E+0	2.702300E+2	1.200000E+3	1.200424E+0	3.056400E+1	3.927575E+1	3.977030E+1	1.018700E+0	4.051400E-2	6.716000E-2	3.056400E+1	2.197356E+0	2.146854E+0	1.018700E+0	2.187000E-3	1.000000E-2	0.000000E+0	5.000000E+1	2.000000E+0	5.000000E+1	2.000000E+0	1.000000E+0	6.800000E+1
1.503286E+0	2.702300E+2	1.150000E+3	1.149915E+0	2.928030E+1	3.927265E+1	3.984856E+1	9.971000E-1	3.973300E-2	6.430500E-2	2.928030E+1	2.196187E+0	2.376893E+0	9.971000E-1	2.370000E-3	1.000000E-2	0.000000E+0	5.000000E+1	2.000000E+0	5.000000E+1	2.000000E+0	1.000000E+0	6.900000E+1
1.524921E+0	2.702300E+2	1.100000E+3	1.099907E+0	2.801230E+1	3.926514E+1	3.990515E+1	1.001600E+0	3.996900E-2	6.132300E-2	2.801230E+1	2.189145E+0	2.289337E+0	1.001600E+0	2.293000E-3	1.000000E-2	0.000000E+0	5.000000E+1	2.000000E+0	5.000000E+1	2.000000E+0	1.000000E+0	7.000000E+1
1.547405E+0	2.702300E+2	1.050000E+3	1.049826E+0	2.673200E+1	3.927226E+1	4.028680E+1	9.972000E-1	4.017400E-2	5.894700E-2	2.673200E+1	2.205110E+0	2.238267E+0	9.972000E-1	2.232000E-3	1.000000E-2	0.000000E+0	5.000000E+1	2.000000E+0	5.000000E+1	2.000000E+0	1.000000E+0	7.100000E+1
1.569106E+0	2.702300E+2	1.000000E+3	9.996800E-1	2.545410E+1	3.927383E+1	4.031921E+1	9.962000E-1	4.016600E-2	5.618100E-2	2.545410E+1	2.207149E+0	2.414174E+0	9.962000E-1	2.405000E-3	1.000000E-2	0.000000E+0	5.000000E+1	2.000000E+0	5.000000E+1	2.000000E+0	1.000000E+0	7.200000E+1
1.591208E+0	2.702300E+2	9.500000E+2	9.496060E-1	2.418780E+1	3.925971E+1	3.981227E+1	1.012100E+0	4.029400E-2	5.328100E-2	2.418780E+1	2.202805E+0	2.386128E+0	1.012100E+0	2.415000E-3	1.000000E-2	0.000000E+0	5.000000E+1	2.000000E+0	5.000000E+1	2.000000E+0	1.000000E+0	7.300000E+1
1.612892E+0	2.702300E+2	9.000000E+2	8.998140E-1	2.291210E+1	3.927244E+1	3.999595E+1	9.870000E-1	3.947600E-2	5.048800E-2	2.291210E+1	2.203552E+0	2.236069E+0	9.870000E-1	2.207000E-3	1.000000E-2	0.000000E+0	5.000000E+1	2.000000E+0	5.000000E+1	2.000000E+0	1.000000E+0	7.400000E+1
1.635377E+0	2.702300E+2	8.500000E+2	8.500360E-1	2.163460E+1	3.929058E+1	4.033486E+1	9.795000E-1	3.950800E-2	4.719300E-2	2.163460E+1	2.181367E+0	2.095967E+0	9.795000E-1	2.053000E-3	1.000000E-2	0.000000E+0	5.000000E+1	2.000000E+0	5.000000E+1	2.000000E+0	1.000000E+0	7.500000E+1
1.657061E+0	2.702300E+2	8.000000E+2	7.996410E-1	2.034450E+1	3.930502E+1	4.005112E+1	1.017200E+0	4.074000E-2	4.450400E-2	2.034450E+1	2.187520E+0	2.558985E+0	1.017200E+0	2.603000E-3	1.000000E-2	0.000000E+0	5.000000E+1	2.000000E+0	5.000000E+1	2.000000E+0	1.000000E+0	7.600000E+1
1.678796E+0	2.702300E+2	7.500000E+2	7.499180E-1	1.907410E+1	3.931604E+1	4.029126E+1	9.991000E-1	4.025500E-2	4.213100E-2	1.907410E+1	2.208807E+0	2.649384E+0	9.991000E-1	2.647000E-3	1.000000E-2	0.000000E+0	5.000000E+1	2.000000E+0	5.000000E+1	2.000000E+0	1.000000E+0	7.700000E+1
1.700481E+0	2.702300E+2	7.000000E+2	7.001860E-1	1.780400E+1	3.932745E+1	4.012935E+1	9.818000E-1	3.939900E-2	3.910700E-2	1.780400E+1	2.196529E+0	2.513750E+0	9.818000E-1	2.468000E-3	1.000000E-2	0.000000E+0	5.000000E+1	2.000000E+0	5.000000E+1	2.000000E+0	1.000000E+0	7.800000E+1
1.722999E+0	2.702300E+2	6.500000E+2	6.504920E-1	1.654100E+1	3.932604E+1	3.992891E+1	9.988000E-1	3.988100E-2	3.654100E-2	1.654100E+1	2.209117E+0	2.349820E+0	9.988000E-1	2.347000E-3	1.000000E-2	0.000000E+0	5.000000E+1	2.000000E+0	5.000000E+1	2.000000E+0	1.000000E+0	7.900000E+1
1.744666E+0	2.702300E+2	6.000000E+2	6.002120E-1	1.525900E+1	3.933495E+1	3.984869E+1	1.011200E+0	4.029500E-2	3.299300E-2	1.525900E+1	2.162199E+0	2.277492E+0	1.011200E+0	2.303000E-3	1.000000E-2	0.000000E+0	5.000000E+1	2.000000E+0	5.000000E+1	2.000000E+0	1.000000E+0	8.000000E+1
1.767168E+0	2.702300E+2	5.500000E+2	5.501040E-1	1.397140E+1	3.937358E+1	4.007728E+1	9.835000E-1	3.941600E-2	3.130900E-2	1.397140E+1	2.240935E+0	2.541942E+0	9.835000E-1	2.500000E-3	1.000000E-2	0.000000E+0	5.000000E+1	2.000000E+0	5.000000E+1	2.000000E+0	1.000000E+0	8.100000E+1
1.788886E+0	2.702300E+2	5.000000E+2	4.996500E-1	1.268030E+1	3.940364E+1	3.997694E+1	9.973000E-1	3.986900E-2	2.862000E-2	1.268030E+1	2.257044E+0	2.577960E+0	9.973000E-1	2.571000E-3	1.000000E-2	0.000000E+0	5.000000E+1	2.000000E+0	5.000000E+1	2.000000E+0	1.000000E+0	8.200000E+1
1.810937E+0	2.702300E+2	4.500000E+2	4.506930E-1	1.144690E+1	3.937249E+1	3.985763E+1	1.018500E+0	4.059500E-2	2.478500E-2	1.144690E+1	2.165215E+0	2.654885E+0	1.018500E+0	2.704000E-3	1.000000E-2	0.000000E+0	5.000000E+1	2.000000E+0	5.000000E+1	2.000000E+0	1.000000E+0	8.300000E+1
1.832605E+0	2.702300E+2	4.000000E+2	4.004800E-1	1.016050E+1	3.941538E+1	3.986971E+1	9.978000E-1	3.978200E-2	2.193300E-2	1.016050E+1	2.158654E+0	2.598717E+0	9.978000E-1	2.593000E-3	1.000000E-2	0.000000E+0	5.000000E+1	2.000000E+0	5.000000E+1	2.000000E+0	1.000000E+0	8.400000E+1
1.855073E+0	2.702300E+2	3.500000E+2	3.504930E-1	8.886800E+0	3.943973E+1	3.997006E+1	1.002000E+0	4.005000E-2	1.916200E-2	8.886800E+0	2.156232E+0	2.900200E+0	1.002000E+0	2.906000E-3	1.000000E-2	0.000000E+0	5.000000E+1	2.000000E+0	5.000000E+1	2.000000E+0	1.000000E+0	8.500000E+1
1.876807E+0	2.702300E+2	3.000000E+2	3.002640E-1	7.608500E+0	3.946428E+1	4.010246E+1	1.005300E+0	4.031500E-2	1.728300E-2	7.608500E+0	2.271538E+0	2.608177E+0	1.005300E+0	2.622000E-3	1.000000E-2	0.000000E+0	5.000000E+1	2.000000E+0	5.000000E+1	2.000000E+0	1.000000E+0	8.600000E+1
1.899292E+0	2.702300E+2	2.500000E+2	2.498160E-1	6.324900E+0	3.949723E+1	4.021642E+1	1.007300E+0	4.051000E-2	1.394600E-2	6.324900E+0	2.204936E+0	2.428274E+0	1.007300E+0	2.446000E-3	1.000000E-2	0.000000E+0	5.000000E+1	2.000000E+0	5.000000E+1	2.000000E+0	1.000000E+0	8.700000E+1
1.921093E+0	2.702300E+2	2.000000E+2	1.996260E-1	5.058400E+0	3.946426E+1	4.004506E+1	9.987000E-1	3.999300E-2	1.162800E-2	5.058400E+0	2.298751E+0	2.499249E+0	9.987000E-1	2.496000E-3	1.000000E-2	0.000000E+0	5.000000E+1	2.000000E+0	5.000000E+1	2.000000E+0	1.000000E+0	8.800000E+1
1.943628E+0	2.702300E+2	1.500000E+2	1.498330E-1	3.778600E+0	3.965305E+1	4.021480E+1	9.916000E-1	3.987700E-2	8.589000E-3	3.778600E+0	2.273064E+0	2.718838E+0	9.916000E-1	2.696000E-3	1.000000E-2	0.000000E+0	5.000000E+1	2.000000E+0	5.000000E+1	2.000000E+0	1.000000E+0	8.900000E+1
1.965246E+0	2.702300E+2	1.004950E+2	1.007870E-1	2.540700E+0	3.966899E+1	3.985887E+1	9.920000E-1	3.954000E-2	5.602000E-3	2.540700E+0	2.204904E+0	2.772177E+0	9.920000E-1	2.750000E-3	1.000000E-2	0.000000E+0	5.000000E+1	2.000000E+0	5.000000E+1	2.000000E+0	1.000000E+0	9.000000E+1
1.987680E+0	2.702300E+2	5.099502E+1	5.129900E-2	1.281500E+0	4.003043E+1	3.991281E+1	1.009300E+0	4.028400E-2	2.997000E-3	1.281500E+0	2.338666E+0	1.842861E+0	1.009300E+0	1.860000E-3	1.000000E-2	0.000000E+0	5.000000E+1	2.000000E+0	5.000000E+1	2.000000E+0	1.000000E+0	9.100000E+1
2.009432E+0	2.702300E+2	1.495000E+0	1.689000E-3	2.700000E-2	6.255556E+1	4.018502E+1	9.891000E-1	3.974700E-2	3.420000E-4	2.700000E-2	1.266667E+1	3.054292E+0	9.891000E-1	3.021000E-3	1.000000E-2	0.000000E+0	5.000000E+1	2.000000E+0	5.000000E+1	2.000000E+0	1.000000E+0	9.200000E+1
2.031950E+0	2.702300E+2	-4.950002E+1	-4.922300E-2	-1.263000E+0	3.897308E+1	3.992461E+1	1.008100E+0	4.024800E-2	-2.496000E-3	-1.263000E+0	1.976247E+0	2.307311E+0	1.008100E+0	2.326000E-3	1.000000E-2	0.000000E+0	5.000000E+1	2.000000E+0	5.000000E+1	2.000000E+0	1.000000E+0	9.300000E+1
2.053784E+0	2.702300E+2	-9.900005E+1	-9.863500E-2	-2.519100E+0	3.915486E+1	4.021186E+1	9.912000E-1	3.985800E-2	-5.166000E-3	-2.519100E+0	2.050732E+0	2.843019E+0	9.912000E-1	2.818000E-3	1.000000E-2	0.000000E+0	5.000000E+1	2.000000E+0	5.000000E+1	2.000000E+0	1.000000E+0	9.400000E+1
2.076352E+0	2.702300E+2	-1.485001E+2	-1.488440E-1	-3.789600E+0	3.927697E+1	3.991774E+1	9.968000E-1	3.979000E-2	-7.966000E-3	-3.789600E+0	2.102069E+0	2.205056E+0	9.968000E-1	2.198000E-3	1.000000E-2	0.000000E+0	5.000000E+1	2.000000E+0	5.000000E+1	2.000000E+0	1.000000E+0	9.500000E+1
2.098053E+0	2.702300E+2	-1.984951E+2	-1.984960E-1	-5.049600E+0	3.930925E+1	3.975612E+1	1.012800E+0	4.026500E-2	-1.050600E-2	-5.049600E+0	2.080561E+0	1.965837E+0	1.012800E+0	1.991000E-3	1.000000E-2	0.000000E+0	5.000000E+1	2.000000E+0	5.000000E+1	2.000000E+0	1.000000E+0	9.600000E+1
2.120538E+0	2.702300E+2	-2.484951E+2	-2.486230E-1	-6.319900E+0	3.933970E+1	4.004954E+1	9.890000E-1	3.960900E-2	-1.406000E-2	-6.319900E+0	2.224719E+0	2.445905E+0	9.890000E-1	2.419000E-3	1.000000E-2	0.000000E+0	5.000000E+1	2.000000E+0	5.000000E+1	2.000000E+0	1.000000E+0	9.700000E+1
2.142206E+0	2.702300E+2	-2.984951E+2	-2.981350E-1	-7.579800E+0	3.933283E+1	4.026193E+1	9.850000E-1	3.965800E-2	-1.673400E-2	-7.579800E+0	2.207710E+0	2.261929E+0	9.850000E-1	2.228000E-3	1.000000E-2	0.000000E+0	5.000000E+1	2.000000E+0	5.000000E+1	2.000000E+0	1.000000E+0	9.800000E+1
2.164807E+0	2.702300E+2	-3.484951E+2	-3.480300E-1	-8.846900E+0	3.933920E+1	4.009497E+1	9.898000E-1	3.968600E-2	-1.932800E-2	-8.846900E+0	2.184720E+0	2.443928E+0	9.898000E-1	2.419000E-3	1.000000E-2	0.000000E+0	5.000000E+1	2.000000E+0	5.000000E+1	2.000000E+0	1.000000E+0	9.900000E+1
2.186642E+0	2.702300E+2	-3.984951E+2	-3.987790E-1	-1.014510E+1	3.930755E+1	4.001399E+1	1.000700E+0	4.004200E-2	-2.163400E-2	-1.014510E+1	2.132458E+0	2.091536E+0	1.000700E+0	2.093000E-3	1.000000E-2	0.000000E+0	5.000000E+1	2.000000E+0	5.000000E+1	2.000000E+0	1.000000E+0	1.000000E+2
2.209226E+0	2.702300E+2	-4.484951E+2	-4.486810E-1	-1.140920E+1	3.932625E+1	4.020894E+1	1.000300E+0	4.022100E-2	-2.442000E-2	-1.140920E+1	2.140378E+0	2.898131E+0	1.000300E+0	2.899000E-3	1.000000E-2	0.000000E+0	5.000000E+1	2.000000E+0	5.000000E+1	2.000000E+0	1.000000E+0	1.010000E+2
2.231078E+0	2.702300E+2	-4.984951E+2	-4.980530E-1	-1.266000E+1	3.934068E+1	3.991466E+1	1.007700E+0	4.022200E-2	-2.779200E-2	-1.266000E+1	2.195261E+0	2.697231E+0	1.007700E+0	2.718000E-3	1.000000E-2	0.000000E+0	5.000000E+1	2.000000E+0	5.000000E+1	2.000000E+0	1.000000E+0	1.020000E+2
2.253662E+0	2.702300E+2	-5.484951E+2	-5.484120E-1	-1.394520E+1	3.932622E+1	3.996185E+1	1.022300E+0	4.085300E-2	-3.070500E-2	-1.394520E+1	2.201833E+0	2.377971E+0	1.022300E+0	2.431000E-3	1.000000E-2	0.000000E+0	5.000000E+1	2.000000E+0	5.000000E+1	2.000000E+0	1.000000E+0	1.030000E+2
2.275430E+0	2.702300E+2	-5.984951E+2	-5.988190E-1	-1.522290E+1	3.933672E+1	3.992524E+1	1.003200E+0	4.005300E-2	-3.367100E-2	-1.522290E+1	2.211865E+0	2.655502E+0	1.003200E+0	2.664000E-3	1.000000E-2	0.000000E+0	5.000000E+1	2.000000E+0	5.000000E+1	2.000000E+0	1.000000E+0	1.040000E+2
2.297981E+0	2.702300E+2	-6.484951E+2	-6.482000E-1	-1.648910E+1	3.931082E+1	4.040810E+1	9.924000E-1	4.010100E-2	-3.596400E-2	-1.648910E+1	2.181077E+0	2.313583E+0	9.924000E-1	2.296000E-3	1.000000E-2	0.000000E+0	5.000000E+1	2.000000E+0	5.000000E+1	2.000000E+0	1.000000E+0	1.050000E+2
2.319749E+0	2.702300E+2	-6.984951E+2	-6.983000E-1	-1.775790E+1	3.932334E+1	3.990352E+1	9.950000E-1	3.970400E-2	-3.930800E-2	-1.775790E+1	2.213550E+0	1.959799E+0	9.950000E-1	1.950000E-3	1.000000E-2	0.000000E+0	5.000000E+1	2.000000E+0	5.000000E+1	2.000000E+0	1.000000E+0	1.060000E+2
2.342417E+0	2.702300E+2	-7.484951E+2	-7.483640E-1	-1.903210E+1	3.932115E+1	3.985689E+1	9.992000E-1	3.982500E-2	-4.181500E-2	-1.903210E+1	2.197078E+0	2.461970E+0	9.992000E-1	2.460000E-3	1.000000E-2	0.000000E+0	5.000000E+1	2.000000E+0	5.000000E+1	2.000000E+0	1.000000E+0	1.070000E+2
2.364052E+0	2.702300E+2	-7.984951E+2	-7.984450E-1	-2.031480E+1	3.930361E+1	3.992924E+1	1.017500E+0	4.062800E-2	-4.417300E-2	-2.031480E+1	2.174425E+0	2.372482E+0	1.017500E+0	2.414000E-3	1.000000E-2	0.000000E+0	5.000000E+1	2.000000E+0	5.000000E+1	2.000000E+0	1.000000E+0	1.080000E+2
2.386587E+0	2.702300E+2	-8.484951E+2	-8.484750E-1	-2.158340E+1	3.931146E+1	4.008624E+1	9.972000E-1	3.997400E-2	-4.699500E-2	-2.158340E+1	2.177368E+0	2.065784E+0	9.972000E-1	2.060000E-3	1.000000E-2	0.000000E+0	5.000000E+1	2.000000E+0	5.000000E+1	2.000000E+0	1.000000E+0	1.090000E+2
2.408304E+0	2.702300E+2	-8.984951E+2	-8.978150E-1	-2.283600E+1	3.931577E+1	4.025020E+1	9.952000E-1	4.005700E-2	-4.998800E-2	-2.283600E+1	2.189000E+0	2.690916E+0	9.952000E-1	2.678000E-3	1.000000E-2	0.000000E+0	5.000000E+1	2.000000E+0	5.000000E+1	2.000000E+0	1.000000E+0	1.100000E+2
2.430756E+0	2.702300E+2	-9.484951E+2	-9.486150E-1	-2.410430E+1	3.935460E+1	4.008565E+1	1.004100E+0	4.025000E-2	-5.268700E-2	-2.410430E+1	2.185793E+0	2.243800E+0	1.004100E+0	2.253000E-3	1.000000E-2	0.000000E+0	5.000000E+1	2.000000E+0	5.000000E+1	2.000000E+0	1.000000E+0	1.110000E+2
2.452424E+0	2.702300E+2	-9.984951E+2	-9.984190E-1	-2.532690E+1	3.942129E+1	4.005400E+1	1.000000E+0	4.005400E-2	-5.498500E-2	-2.532690E+1	2.171012E+0	2.563000E+0	1.000000E+0	2.563000E-3	1.000000E-2	0.000000E+0	5.000000E+1	2.000000E+0	5.000000E+1	2.000000E+0	1.000000E+0	1.120000E+2
2.474892E+0	2.702300E+2	-1.048495E+3	-1.049005E+0	-2.651380E+1	3.956449E+1	4.032131E+1	9.897000E-1	3.990600E-2	-5.766600E-2	-2.651380E+1	2.174943E+0	2.832171E+0	9.897000E-1	2.803000E-3	1.000000E-2	0.000000E+0	5.000000E+1	2.000000E+0	5.000000E+1	2.000000E+0	1.000000E+0	1.130000E+2
2.496559E+0	2.702300E+2	-1.098495E+3	-1.098614E+0	-2.761990E+1	3.977618E+1	4.018585E+1	1.000800E+0	4.021800E-2	-6.057600E-2	-2.761990E+1	2.193201E+0	1.910472E+0	1.000800E+0	1.912000E-3	1.000000E-2	0.000000E+0	5.000000E+1	2.000000E+0	5.000000E+1	2.000000E+0	1.000000E+0	1.140000E+2
2.518561E+0	2.702300E+2	-1.148495E+3	-1.147909E+0	-2.861690E+1	4.011298E+1	4.066478E+1	9.898000E-1	4.025000E-2	-6.230800E-2	-2.861690E+1	2.177315E+0	2.720752E+0	9.898000E-1	2.693000E-3	1.000000E-2	0.000000E+0	5.000000E+1	2.000000E+0	5.000000E+1	2.000000E+0	1.000000E+0	1.150000E+2
2.540262E+0	2.702300E+2	-1.198495E+3	-1.198844E+0	-2.981120E+1	4.021455E+1	4.099107E+1	9.737000E-1	3.991300E-2	-6.495800E-2	-2.981120E+1	2.178980E+0	2.750334E+0	9.737000E-1	2.678000E-3	1.000000E-2	0.000000E+0	5.000000E+1	2.000000E+0	5.000000E+1	2.000000E+0	1.000000E+0	1.160000E+2
2.562730E+0	2.702300E+2	-1.248495E+3	-1.248755E+0	-3.101480E+1	4.026320E+1	4.082755E+1	9.800000E-1	4.001100E-2	-6.775400E-2	-3.101480E+1	2.184570E+0	2.603061E+0	9.800000E-1	2.551000E-3	1.000000E-2	0.000000E+0	5.000000E+1	2.000000E+0	5.000000E+1	2.000000E+0	1.000000E+0	1.170000E+2
2.584364E+0	2.702300E+2	-1.298495E+3	-1.298745E+0	-3.218220E+1	4.035600E+1	4.094467E+1	9.760000E-1	3.996200E-2	-7.015700E-2	-3.218220E+1	2.179994E+0	2.356557E+0	9.760000E-1	2.300000E-3	1.000000E-2	0.000000E+0	5.000000E+1	2.000000E+0	5.000000E+1	2.000000E+0	1.000000E+0	1.180000E+2
2.606866E+0	2.702300E+2	-1.348495E+3	-1.348772E+0	-3.339970E+1	4.038276E+1	4.059380E+1	9.835000E-1	3.992400E-2	-7.322700E-2	-3.339970E+1	2.192445E+0	2.090493E+0	9.835000E-1	2.056000E-3	1.000000E-2	0.000000E+0	5.000000E+1	2.000000E+0	5.000000E+1	2.000000E+0	1.000000E+0	1.190000E+2
2.628584E+0	2.702300E+2	-1.398495E+3	-1.398572E+0	-3.464910E+1	4.036388E+1	4.074336E+1	9.753000E-1	3.973700E-2	-7.540900E-2	-3.464910E+1	2.176362E+0	1.723572E+0	9.753000E-1	1.681000E-3	1.000000E-2	0.000000E+0	5.000000E+1	2.000000E+0	5.000000E+1	2.000000E+0	1.000000E+0	1.200000E+2
2.651052E+0	2.702300E+2	-1.448495E+3	-1.447855E+0	-3.585450E+1	4.038140E+1	4.056800E+1	9.824000E-1	3.985400E-2	-7.846900E-2	-3.585450E+1	2.188540E+0	1.976792E+0	9.824000E-1	1.942000E-3	1.000000E-2	0.000000E+0	5.000000E+1	2.000000E+0	5.000000E+1	2.000000E+0	1.000000E+0	1.210000E+2
2.672786E+0	2.702300E+2	-1.498495E+3	-1.498552E+0	-3.708770E+1	4.040563E+1	4.087670E+1	9.878000E-1	4.037800E-2	-8.130100E-2	-3.708770E+1	2.192128E+0	2.403321E+0	9.878000E-1	2.374000E-3	1.000000E-2	0.000000E+0	5.000000E+1	2.000000E+0	5.000000E+1	2.000000E+0	1.000000E+0	1.220000E+2
2.695221E+0	2.702300E+2	-1.500000E+3	-1.499533E+0	-3.713420E+1	4.038145E+1	4.111111E+1	9.675000E-1	3.977500E-2	-8.028600E-2	-3.713420E+1	2.162050E+0	2.952972E+0	9.675000E-1	2.857000E-3	1.000000E-2	0.000000E+0	5.000000E+1	2.000000E+0	5.000000E+1	2.000000E+0	1.000000E+0	1.230000E+2
2.716972E+0	2.702300E+2	-1.450000E+3	-1.450464E+0	-3.596580E+1	4.032898E+1	4.064585E+1	9.770000E-1	3.971100E-2	-7.847200E-2	-3.596580E+1	2.181851E+0	2.456499E+0	9.770000E-1	2.400000E-3	1.000000E-2	0.000000E+0	5.000000E+1	2.000000E+0	5.000000E+1	2.000000E+0	1.000000E+0	1.240000E+2
