40
 2.63812335418412E+0000  9.88919616446550E+0000  1.00000000000000E+0004
 2.91065986991657E+0000  1.24497133610833E+0001  7.89652286849976E+0003
 3.31604418373586E+0000  1.56650869264750E+0001  6.23550734127394E+0003
 3.92434957760170E+0000  1.96956371485514E+0001  4.92388263170676E+0003
 4.84352573091382E+0000  2.47343588268310E+0001  3.88815518030810E+0003
 6.23911899661987E+0000  3.10072702002291E+0001  3.07029062975786E+0003
 8.36264272691523E+0000  3.87667112245308E+0001  2.42446201708234E+0003
 1.15899495974123E+0001  4.82701270107845E+0001  1.91448197616997E+0003
 1.64673171054010E+0001  5.97318289003916E+0001  1.51177507061567E+0003
 2.37530598663802E+0001  7.32298093930658E+0001  1.19377664171444E+0003
 3.44217392794258E+0001  8.85498223884286E+0001  9.42668455117888E+0002
 4.95661518842603E+0001  1.04970126804634E+0002  7.44380301325171E+0002
 7.01101601352000E+0001  1.21056780436882E+0002  5.87801607227493E+0002
 9.62980712970480E+0001  1.34653000588621E+0002  4.64158883361279E+0002
 1.27131964002003E+0002  1.43306776295483E+0002  3.66524123707964E+0002
 1.60201301902337E+0002  1.45171125495803E+0002  2.89426612471676E+0002
 1.92294302271410E+0002  1.39907961625911E+0002  2.28546386413500E+0002
 2.20557287385753E+0002  1.28882926071599E+0002  1.80472176682717E+0002
 2.43401481519485E+0002  1.14478388227569E+0002  1.42510267030300E+0002
 2.60626994610458E+0002  9.91090297675801E+0001  1.12533558260076E+0002
 2.72955471869735E+0002  8.45847683805572E+0001  8.88623816274341E+0001
 2.81460481059951E+0002  7.19735788733195E+0001  7.01703828670384E+0001
 2.87186012219579E+0002  6.17609329987221E+0001  5.54102033000950E+0001
 2.90982010471720E+0002  5.40804735331627E+0001  4.37547937507419E+0001
 2.93477001156922E+0002  4.89035500460361E+0001  3.45510729459222E+0001
 2.95110246636660E+0002  4.61643777875354E+0001  2.72833337648677E+0001
 2.96178458370697E+0002  4.58343387975348E+0001  2.15443469003188E+0001
 2.96878001105845E+0002  4.79651742003126E+0001  1.70125427985259E+0001
 2.97337304414013E+0002  5.27166452651663E+0001  1.34339933259890E+0001
 2.97639858892399E+0002  6.03789071891813E+0001  1.06081835513944E+0001
 2.97839835349737E+0002  7.13959936510716E+0001  8.37677640068292E+0000
 2.97972428589212E+0002  8.63945995062011E+0001  6.61474064123015E+0000
 2.98060607402559E+0002  1.06221326444124E+0002  5.22334507426684E+0000
 2.98119483792785E+0002  1.31991303300447E+0002  4.12462638290135E+0000
 2.98159131351527E+0002  1.65151340321708E+0002  3.25702065565978E+0000
 2.98186404102054E+0002  2.07561385256142E+0002  2.57191380905935E+0000
 2.98206115906835E+0002  2.61598966569981E+0002  2.03091762090474E+0000
 2.98221813510103E+0002  3.30292540253505E+0002  1.60371874375133E+0000
 2.98236293553687E+0002  4.17491246000618E+0002  1.26638017346740E+0000
 2.98251960741584E+0002  5.28080602241605E+0002  1.00000000000000E+0000
