40
 6.44868919436349E+0002  1.59819394230058E+0003  1.00000000000000E+0004
 8.37170007772432E+0002  1.96868399369650E+0003  7.89652286849976E+0003
 1.12350263391087E+0003  2.38896552153946E+0003  6.23550734127394E+0003
 1.53350751778374E+0003  2.83655991208188E+0003  4.92388263170676E+0003
 2.08894435404471E+0003  3.26847047369640E+0003  3.88815518030810E+0003
 2.78757741449497E+0003  3.62401049471492E+0003  3.07029062975786E+0003
 3.58900710320134E+0003  3.84235099012909E+0003  2.42446201708234E+0003
 4.41753038743593E+0003  3.89114823620995E+0003  1.91448197616997E+0003
 5.18860811349165E+0003  3.78669623462387E+0003  1.51177507061567E+0003
 5.84263790294875E+0003  3.58754332788499E+0003  1.19377664171444E+0003
 6.36162431553439E+0003  3.36768881201728E+0003  9.42668455117888E+0002
 6.76318204919985E+0003  3.19145475356962E+0003  7.44380301325171E+0002
 7.08498997887537E+0003  3.10269458577661E+0003  5.87801607227493E+0002
 7.37252583269406E+0003  3.12530450888320E+0003  4.64158883361279E+0002
 7.67359980389854E+0003  3.26676632029980E+0003  3.66524123707964E+0002
 8.03686954261080E+0003  3.51913061362977E+0003  2.89426612471676E+0002
 8.50945929132663E+0003  3.85596445752483E+0003  2.28546386413500E+0002
 9.12886960438617E+0003  4.22783616334564E+0003  1.80472176682717E+0002
 9.90721247948289E+0003  4.56348077871671E+0003  1.42510267030300E+0002
 1.08140503525220E+0004  4.78574958858642E+0003  1.12533558260076E+0002
 1.17740784324068E+0004  4.84275043889181E+0003  8.88623816274341E+0001
 1.26919436186210E+0004  4.73581851238607E+0003  7.01703828670384E+0001
 1.34921610338998E+0004  4.52025332766755E+0003  5.54102033000950E+0001
 1.41453380007919E+0004  4.27804872868685E+0003  4.37547937507419E+0001
 1.46674381605233E+0004  4.08604070605112E+0003  3.45510729459222E+0001
 1.51035783651056E+0004  3.99834681739948E+0003  2.72833337648677E+0001
 1.55126017560016E+0004  4.04304691475418E+0003  2.15443469003188E+0001
 1.59585021307712E+0004  4.22373751052815E+0003  1.70125427985259E+0001
 1.65055668411469E+0004  4.51871867062044E+0003  1.34339933259890E+0001
 1.72105327291731E+0004  4.87671149617527E+0003  1.06081835513944E+0001
 1.81062799860809E+0004  5.21492181116524E+0003  8.37677640068292E+0000
 1.91791765320721E+0004  5.43074908934895E+0003  6.61474064123015E+0000
 2.03556724670759E+0004  5.43440864067687E+0003  5.22334507426684E+0000
 2.15188510384817E+0004  5.18953860262876E+0003  4.12462638290135E+0000
 2.25540310324347E+0004  4.73045678929711E+0003  3.25702065565978E+0000
 2.33916449972025E+0004  4.14000467670894E+0003  2.57191380905935E+0000
 2.40184759300687E+0004  3.50839680058552E+0003  2.03091762090474E+0000
 2.44606157950538E+0004  2.90371007415037E+0003  1.60371874375133E+0000
 2.47596089526026E+0004  2.36411593939981E+0003  1.26638017346740E+0000
 2.49560755138826E+0004  1.90377540055799E+0003  1.00000000000000E+0000
