Tiempo (min)	T (K) 	I pulso(mA)	Vinst 1 (V)	Iinst 1 (mA)	Rinst 1(Ohm)	Rrem 1 (Ohm)	Ibias 1 (mA)	Vbias 1 (V)	Vinst 2 (V)	Iinst 2 (mA)	Rinst 2(Ohm)	Rrem 2 (Ohm)	Ibias 2 (mA)	Vbias 2 (V)	Ancho pulso (s)	Periodo (s)	Icc 1 (mA)	Vcc 1 (V)	Icc 2 (mA)	Vcc 2 (V)	2W 1?	N
7.900454E-3	2.960200E+2	5.000000E+2	5.009800E-1	3.168590E-1	1.581082E+3	1.555504E+3	3.208800E-1	4.991300E-1	9.910000E+37	3.168590E-1	3.127574E+41	3.088382E+41	3.208800E-1	9.910000E+37	2.000000E-2	0.000000E+0	5.000000E-1	1.000000E+1	5.000000E-1	1.000000E+1	1.000000E+0	1.000000E+0
2.455140E-2	2.960200E+2	4.900000E+2	4.896800E-1	3.124040E-1	1.567458E+3	1.563019E+3	3.197850E-1	4.998300E-1	9.910000E+37	3.124040E-1	3.172174E+41	3.098957E+41	3.197850E-1	9.910000E+37	2.000000E-2	0.000000E+0	5.000000E-1	1.000000E+1	5.000000E-1	1.000000E+1	1.000000E+0	2.000000E+0
4.096901E-2	2.960200E+2	4.800000E+2	4.804000E-1	3.050100E-1	1.575030E+3	1.574589E+3	3.172700E-1	4.995700E-1	9.910000E+37	3.050100E-1	3.249074E+41	3.123523E+41	3.172700E-1	9.910000E+37	2.000000E-2	0.000000E+0	5.000000E-1	1.000000E+1	5.000000E-1	1.000000E+1	1.000000E+0	3.000000E+0
5.735329E-2	2.960200E+2	4.700000E+2	4.699700E-1	2.968490E-1	1.583195E+3	1.573072E+3	3.176270E-1	4.996500E-1	9.910000E+37	2.968490E-1	3.338398E+41	3.120012E+41	3.176270E-1	9.910000E+37	2.000000E-2	0.000000E+0	5.000000E-1	1.000000E+1	5.000000E-1	1.000000E+1	1.000000E+0	4.000000E+0
7.378756E-2	2.960200E+2	4.600000E+2	4.602000E-1	2.909180E-1	1.581889E+3	1.564023E+3	3.191960E-1	4.992300E-1	9.910000E+37	2.909180E-1	3.406458E+41	3.104675E+41	3.191960E-1	9.910000E+37	2.000000E-2	0.000000E+0	5.000000E-1	1.000000E+1	5.000000E-1	1.000000E+1	1.000000E+0	5.000000E+0
9.023850E-2	2.960200E+2	4.500000E+2	4.498000E-1	2.837930E-1	1.584958E+3	1.562764E+3	3.191460E-1	4.987500E-1	9.910000E+37	2.837930E-1	3.491982E+41	3.105162E+41	3.191460E-1	9.910000E+37	2.000000E-2	0.000000E+0	5.000000E-1	1.000000E+1	5.000000E-1	1.000000E+1	1.000000E+0	6.000000E+0
1.066394E-1	2.960200E+2	4.400000E+2	4.398900E-1	2.775170E-1	1.585092E+3	1.583987E+3	3.158360E-1	5.002800E-1	9.910000E+37	2.775170E-1	3.570952E+41	3.137704E+41	3.158360E-1	9.910000E+37	2.000000E-2	0.000000E+0	5.000000E-1	1.000000E+1	5.000000E-1	1.000000E+1	1.000000E+0	7.000000E+0
1.230570E-1	2.960200E+2	4.300000E+2	4.294400E-1	2.723630E-1	1.576719E+3	1.572612E+3	3.181650E-1	5.003500E-1	9.910000E+37	2.723630E-1	3.638527E+41	3.114736E+41	3.181650E-1	9.910000E+37	2.000000E-2	0.000000E+0	5.000000E-1	1.000000E+1	5.000000E-1	1.000000E+1	1.000000E+0	8.000000E+0
1.396913E-1	2.960200E+2	4.200000E+2	4.201800E-1	2.640450E-1	1.591320E+3	1.571198E+3	3.179740E-1	4.996000E-1	9.910000E+37	2.640450E-1	3.753148E+41	3.116607E+41	3.179740E-1	9.910000E+37	2.000000E-2	0.000000E+0	5.000000E-1	1.000000E+1	5.000000E-1	1.000000E+1	1.000000E+0	9.000000E+0
1.561256E-1	2.960200E+2	4.100000E+2	4.093700E-1	2.587910E-1	1.581856E+3	1.574538E+3	3.174010E-1	4.997600E-1	9.910000E+37	2.587910E-1	3.829345E+41	3.122233E+41	3.174010E-1	9.910000E+37	2.000000E-2	0.000000E+0	5.000000E-1	1.000000E+1	5.000000E-1	1.000000E+1	1.000000E+0	1.000000E+1
1.726599E-1	2.960200E+2	4.000000E+2	3.996200E-1	2.528770E-1	1.580294E+3	1.562685E+3	3.194950E-1	4.992700E-1	9.910000E+37	2.528770E-1	3.918901E+41	3.101770E+41	3.194950E-1	9.910000E+37	2.000000E-2	0.000000E+0	5.000000E-1	1.000000E+1	5.000000E-1	1.000000E+1	1.000000E+0	1.100000E+1
1.890775E-1	2.960200E+2	3.900000E+2	3.898000E-1	2.441430E-1	1.596605E+3	1.563795E+3	3.193770E-1	4.994400E-1	9.910000E+37	2.441430E-1	4.059097E+41	3.102916E+41	3.193770E-1	9.910000E+37	2.000000E-2	0.000000E+0	5.000000E-1	1.000000E+1	5.000000E-1	1.000000E+1	1.000000E+0	1.200000E+1
2.055118E-1	2.960200E+2	3.800000E+2	3.793400E-1	2.391090E-1	1.586473E+3	1.577714E+3	3.171360E-1	5.003500E-1	9.910000E+37	2.391090E-1	4.144553E+41	3.124842E+41	3.171360E-1	9.910000E+37	2.000000E-2	0.000000E+0	5.000000E-1	1.000000E+1	5.000000E-1	1.000000E+1	1.000000E+0	1.300000E+1
2.219127E-1	2.960200E+2	3.700000E+2	3.702800E-1	2.310040E-1	1.602916E+3	1.583890E+3	3.161710E-1	5.007800E-1	9.910000E+37	2.310040E-1	4.289969E+41	3.134380E+41	3.161710E-1	9.910000E+37	2.000000E-2	0.000000E+0	5.000000E-1	1.000000E+1	5.000000E-1	1.000000E+1	1.000000E+0	1.400000E+1
2.383470E-1	2.960200E+2	3.600000E+2	3.595900E-1	2.266560E-1	1.586501E+3	1.576195E+3	3.180380E-1	5.012900E-1	9.910000E+37	2.266560E-1	4.372265E+41	3.115980E+41	3.180380E-1	9.910000E+37	2.000000E-2	0.000000E+0	5.000000E-1	1.000000E+1	5.000000E-1	1.000000E+1	1.000000E+0	1.500000E+1
2.547812E-1	2.960200E+2	3.500000E+2	3.504700E-1	2.181110E-1	1.606842E+3	1.559004E+3	3.205060E-1	4.996700E-1	9.910000E+37	2.181110E-1	4.543558E+41	3.091986E+41	3.205060E-1	9.910000E+37	2.000000E-2	0.000000E+0	5.000000E-1	1.000000E+1	5.000000E-1	1.000000E+1	1.000000E+0	1.600000E+1
2.711822E-1	2.960200E+2	3.400000E+2	3.397700E-1	2.109200E-1	1.610895E+3	1.572940E+3	3.179270E-1	5.000800E-1	9.910000E+37	2.109200E-1	4.698464E+41	3.117068E+41	3.179270E-1	9.910000E+37	2.000000E-2	0.000000E+0	5.000000E-1	1.000000E+1	5.000000E-1	1.000000E+1	1.000000E+0	1.700000E+1
2.876165E-1	2.960200E+2	3.300000E+2	3.302500E-1	2.050990E-1	1.610198E+3	1.581794E+3	3.158250E-1	4.995700E-1	9.910000E+37	2.050990E-1	4.831813E+41	3.137814E+41	3.158250E-1	9.910000E+37	2.000000E-2	0.000000E+0	5.000000E-1	1.000000E+1	5.000000E-1	1.000000E+1	1.000000E+0	1.800000E+1
3.040507E-1	2.960200E+2	3.200000E+2	3.199400E-1	2.004710E-1	1.595942E+3	1.568514E+3	3.189260E-1	5.002400E-1	9.910000E+37	2.004710E-1	4.943358E+41	3.107304E+41	3.189260E-1	9.910000E+37	2.000000E-2	0.000000E+0	5.000000E-1	1.000000E+1	5.000000E-1	1.000000E+1	1.000000E+0	1.900000E+1
3.204517E-1	2.960200E+2	3.100000E+2	3.100600E-1	1.916860E-1	1.617541E+3	1.573529E+3	3.176110E-1	4.997700E-1	9.910000E+37	1.916860E-1	5.169913E+41	3.120169E+41	3.176110E-1	9.910000E+37	2.000000E-2	0.000000E+0	5.000000E-1	1.000000E+1	5.000000E-1	1.000000E+1	1.000000E+0	2.000000E+1
3.368859E-1	2.960200E+2	3.000000E+2	2.998600E-1	1.882790E-1	1.592636E+3	1.584481E+3	3.158700E-1	5.004900E-1	9.910000E+37	1.882790E-1	5.263465E+41	3.137367E+41	3.158700E-1	9.910000E+37	2.000000E-2	0.000000E+0	5.000000E-1	1.000000E+1	5.000000E-1	1.000000E+1	1.000000E+0	2.100000E+1
3.533369E-1	2.960200E+2	2.900000E+2	2.906800E-1	1.794760E-1	1.619604E+3	1.562395E+3	3.197270E-1	4.995400E-1	9.910000E+37	1.794760E-1	5.521630E+41	3.099519E+41	3.197270E-1	9.910000E+37	2.000000E-2	0.000000E+0	5.000000E-1	1.000000E+1	5.000000E-1	1.000000E+1	1.000000E+0	2.200000E+1
3.697545E-1	2.960200E+2	2.800000E+2	2.799700E-1	1.712170E-1	1.635176E+3	1.572429E+3	3.181510E-1	5.002700E-1	9.910000E+37	1.712170E-1	5.787977E+41	3.114873E+41	3.181510E-1	9.910000E+37	2.000000E-2	0.000000E+0	5.000000E-1	1.000000E+1	5.000000E-1	1.000000E+1	1.000000E+0	2.300000E+1
3.861888E-1	2.960200E+2	2.700000E+2	2.706400E-1	1.646650E-1	1.643579E+3	1.562632E+3	3.194290E-1	4.991500E-1	9.910000E+37	1.646650E-1	6.018280E+41	3.102411E+41	3.194290E-1	9.910000E+37	2.000000E-2	0.000000E+0	5.000000E-1	1.000000E+1	5.000000E-1	1.000000E+1	1.000000E+0	2.400000E+1
4.026564E-1	2.960200E+2	2.600000E+2	2.584100E-1	1.580210E-1	1.635289E+3	1.565274E+3	3.195670E-1	5.002100E-1	9.910000E+37	1.580210E-1	6.271318E+41	3.101071E+41	3.195670E-1	9.910000E+37	2.000000E-2	0.000000E+0	5.000000E-1	1.000000E+1	5.000000E-1	1.000000E+1	1.000000E+0	2.500000E+1
4.191240E-1	2.960200E+2	2.500000E+2	2.493700E-1	1.552800E-1	1.605938E+3	1.575535E+3	3.168320E-1	4.991800E-1	9.910000E+37	1.552800E-1	6.382020E+41	3.127841E+41	3.168320E-1	9.910000E+37	2.000000E-2	0.000000E+0	5.000000E-1	1.000000E+1	5.000000E-1	1.000000E+1	1.000000E+0	2.600000E+1
4.355416E-1	2.960200E+2	2.400000E+2	2.402300E-1	1.474300E-1	1.629451E+3	1.566403E+3	3.189410E-1	4.995900E-1	9.910000E+37	1.474300E-1	6.721834E+41	3.107158E+41	3.189410E-1	9.910000E+37	2.000000E-2	0.000000E+0	5.000000E-1	1.000000E+1	5.000000E-1	1.000000E+1	1.000000E+0	2.700000E+1
4.519925E-1	2.960200E+2	2.300000E+2	2.304800E-1	1.400540E-1	1.645651E+3	1.574043E+3	3.170370E-1	4.990300E-1	9.910000E+37	1.400540E-1	7.075842E+41	3.125818E+41	3.170370E-1	9.910000E+37	2.000000E-2	0.000000E+0	5.000000E-1	1.000000E+1	5.000000E-1	1.000000E+1	1.000000E+0	2.800000E+1
4.683768E-1	2.960200E+2	2.200000E+2	2.203700E-1	1.321150E-1	1.668017E+3	1.574086E+3	3.176510E-1	5.000100E-1	9.910000E+37	1.321150E-1	7.501041E+41	3.119776E+41	3.176510E-1	9.910000E+37	2.000000E-2	0.000000E+0	5.000000E-1	1.000000E+1	5.000000E-1	1.000000E+1	1.000000E+0	2.900000E+1
4.847944E-1	2.960200E+2	2.100000E+2	2.093000E-1	1.274300E-1	1.642470E+3	1.573277E+3	3.174140E-1	4.993800E-1	9.910000E+37	1.274300E-1	7.776819E+41	3.122106E+41	3.174140E-1	9.910000E+37	2.000000E-2	0.000000E+0	5.000000E-1	1.000000E+1	5.000000E-1	1.000000E+1	1.000000E+0	3.000000E+1
5.012620E-1	2.960200E+2	2.000000E+2	1.996600E-1	1.214720E-1	1.643671E+3	1.581049E+3	3.163470E-1	5.001600E-1	9.910000E+37	1.214720E-1	8.158259E+41	3.132636E+41	3.163470E-1	9.910000E+37	2.000000E-2	0.000000E+0	5.000000E-1	1.000000E+1	5.000000E-1	1.000000E+1	1.000000E+0	3.100000E+1
5.176796E-1	2.960200E+2	2.000000E+2	2.003500E-1	1.223120E-1	1.638024E+3	1.571416E+3	3.183690E-1	5.002900E-1	9.910000E+37	1.223120E-1	8.102230E+41	3.112740E+41	3.183690E-1	9.910000E+37	2.000000E-2	0.000000E+0	5.000000E-1	1.000000E+1	5.000000E-1	1.000000E+1	1.000000E+0	3.200000E+1
5.340806E-1	2.960200E+2	2.100000E+2	2.102200E-1	1.284820E-1	1.636183E+3	1.568051E+3	3.185610E-1	4.995200E-1	9.910000E+37	1.284820E-1	7.713143E+41	3.110864E+41	3.185610E-1	9.910000E+37	2.000000E-2	0.000000E+0	5.000000E-1	1.000000E+1	5.000000E-1	1.000000E+1	1.000000E+0	3.300000E+1
5.504982E-1	2.960200E+2	2.200000E+2	2.199000E-1	1.344130E-1	1.636002E+3	1.563029E+3	3.196870E-1	4.996800E-1	9.910000E+37	1.344130E-1	7.372799E+41	3.099907E+41	3.196870E-1	9.910000E+37	2.000000E-2	0.000000E+0	5.000000E-1	1.000000E+1	5.000000E-1	1.000000E+1	1.000000E+0	3.400000E+1
5.669158E-1	2.960200E+2	2.300000E+2	2.303600E-1	1.399980E-1	1.645452E+3	1.579237E+3	3.176280E-1	5.016100E-1	9.910000E+37	1.399980E-1	7.078673E+41	3.120002E+41	3.176280E-1	9.910000E+37	2.000000E-2	0.000000E+0	5.000000E-1	1.000000E+1	5.000000E-1	1.000000E+1	1.000000E+0	3.500000E+1
5.833167E-1	2.960200E+2	2.400000E+2	2.394500E-1	1.479300E-1	1.618671E+3	1.585741E+3	3.160100E-1	5.011100E-1	9.910000E+37	1.479300E-1	6.699114E+41	3.135977E+41	3.160100E-1	9.910000E+37	2.000000E-2	0.000000E+0	5.000000E-1	1.000000E+1	5.000000E-1	1.000000E+1	1.000000E+0	3.600000E+1
6.004843E-1	2.960200E+2	2.500000E+2	2.499300E-1	1.532930E-1	1.630407E+3	1.572120E+3	3.180800E-1	5.000600E-1	9.910000E+37	1.532930E-1	6.464744E+41	3.115568E+41	3.180800E-1	9.910000E+37	2.000000E-2	0.000000E+0	5.000000E-1	1.000000E+1	5.000000E-1	1.000000E+1	1.000000E+0	3.700000E+1
6.169020E-1	2.960200E+2	2.600000E+2	2.603600E-1	1.589360E-1	1.638144E+3	1.568853E+3	3.188380E-1	5.002100E-1	9.910000E+37	1.589360E-1	6.235214E+41	3.108162E+41	3.188380E-1	9.910000E+37	2.000000E-2	0.000000E+0	5.000000E-1	1.000000E+1	5.000000E-1	1.000000E+1	1.000000E+0	3.800000E+1
6.333196E-1	2.960200E+2	2.700000E+2	2.696100E-1	1.640220E-1	1.643743E+3	1.586699E+3	3.156490E-1	5.008400E-1	9.910000E+37	1.640220E-1	6.041872E+41	3.139563E+41	3.156490E-1	9.910000E+37	2.000000E-2	0.000000E+0	5.000000E-1	1.000000E+1	5.000000E-1	1.000000E+1	1.000000E+0	3.900000E+1
6.497372E-1	2.960200E+2	2.800000E+2	2.810500E-1	1.715920E-1	1.637897E+3	1.577345E+3	3.169060E-1	4.998700E-1	9.910000E+37	1.715920E-1	5.775328E+41	3.127110E+41	3.169060E-1	9.910000E+37	2.000000E-2	0.000000E+0	5.000000E-1	1.000000E+1	5.000000E-1	1.000000E+1	1.000000E+0	4.000000E+1
6.661381E-1	2.960200E+2	2.900000E+2	2.901700E-1	1.789010E-1	1.621959E+3	1.575711E+3	3.170760E-1	4.996200E-1	9.910000E+37	1.789010E-1	5.539377E+41	3.125434E+41	3.170760E-1	9.910000E+37	2.000000E-2	0.000000E+0	5.000000E-1	1.000000E+1	5.000000E-1	1.000000E+1	1.000000E+0	4.100000E+1
6.825724E-1	2.960200E+2	3.000000E+2	2.993700E-1	1.872330E-1	1.598917E+3	1.573261E+3	3.176460E-1	4.997400E-1	9.910000E+37	1.872330E-1	5.292870E+41	3.119825E+41	3.176460E-1	9.910000E+37	2.000000E-2	0.000000E+0	5.000000E-1	1.000000E+1	5.000000E-1	1.000000E+1	1.000000E+0	4.200000E+1
6.989900E-1	2.960200E+2	3.100000E+2	3.098800E-1	1.918730E-1	1.615027E+3	1.581723E+3	3.170720E-1	5.015200E-1	9.910000E+37	1.918730E-1	5.164875E+41	3.125473E+41	3.170720E-1	9.910000E+37	2.000000E-2	0.000000E+0	5.000000E-1	1.000000E+1	5.000000E-1	1.000000E+1	1.000000E+0	4.300000E+1
7.153909E-1	2.960200E+2	3.200000E+2	3.197000E-1	1.979860E-1	1.614761E+3	1.571582E+3	3.189970E-1	5.013300E-1	9.910000E+37	1.979860E-1	5.005404E+41	3.106612E+41	3.189970E-1	9.910000E+37	2.000000E-2	0.000000E+0	5.000000E-1	1.000000E+1	5.000000E-1	1.000000E+1	1.000000E+0	4.400000E+1
7.318085E-1	2.960200E+2	3.300000E+2	3.302900E-1	2.046430E-1	1.613981E+3	1.561275E+3	3.201230E-1	4.998000E-1	9.910000E+37	2.046430E-1	4.842580E+41	3.095685E+41	3.201230E-1	9.910000E+37	2.000000E-2	0.000000E+0	5.000000E-1	1.000000E+1	5.000000E-1	1.000000E+1	1.000000E+0	4.500000E+1
7.481928E-1	2.960200E+2	3.400000E+2	3.406200E-1	2.088520E-1	1.630916E+3	1.575753E+3	3.168200E-1	4.992300E-1	9.910000E+37	2.088520E-1	4.744987E+41	3.127959E+41	3.168200E-1	9.910000E+37	2.000000E-2	0.000000E+0	5.000000E-1	1.000000E+1	5.000000E-1	1.000000E+1	1.000000E+0	4.600000E+1
7.646104E-1	2.960200E+2	3.500000E+2	3.495600E-1	2.191330E-1	1.595196E+3	1.575687E+3	3.175060E-1	5.002900E-1	9.910000E+37	2.191330E-1	4.522368E+41	3.121201E+41	3.175060E-1	9.910000E+37	2.000000E-2	0.000000E+0	5.000000E-1	1.000000E+1	5.000000E-1	1.000000E+1	1.000000E+0	4.700000E+1
7.810280E-1	2.960200E+2	3.600000E+2	3.597600E-1	2.248330E-1	1.600121E+3	1.567573E+3	3.191750E-1	5.003300E-1	9.910000E+37	2.248330E-1	4.407716E+41	3.104880E+41	3.191750E-1	9.910000E+37	2.000000E-2	0.000000E+0	5.000000E-1	1.000000E+1	5.000000E-1	1.000000E+1	1.000000E+0	4.800000E+1
7.975123E-1	2.960200E+2	3.700000E+2	3.699000E-1	2.308020E-1	1.602672E+3	1.569419E+3	3.182580E-1	4.994800E-1	9.910000E+37	2.308020E-1	4.293724E+41	3.113826E+41	3.182580E-1	9.910000E+37	2.000000E-2	0.000000E+0	5.000000E-1	1.000000E+1	5.000000E-1	1.000000E+1	1.000000E+0	4.900000E+1
8.139632E-1	2.960200E+2	3.800000E+2	3.794100E-1	2.341300E-1	1.620510E+3	1.565655E+3	3.188890E-1	4.992700E-1	9.910000E+37	2.341300E-1	4.232691E+41	3.107664E+41	3.188890E-1	9.910000E+37	2.000000E-2	0.000000E+0	5.000000E-1	1.000000E+1	5.000000E-1	1.000000E+1	1.000000E+0	5.000000E+1
8.303975E-1	2.960200E+2	3.900000E+2	3.903600E-1	2.438660E-1	1.600715E+3	1.573751E+3	3.176170E-1	4.998500E-1	9.910000E+37	2.438660E-1	4.063707E+41	3.120110E+41	3.176170E-1	9.910000E+37	2.000000E-2	0.000000E+0	5.000000E-1	1.000000E+1	5.000000E-1	1.000000E+1	1.000000E+0	5.100000E+1
8.469984E-1	2.960200E+2	4.000000E+2	4.005000E-1	2.510610E-1	1.595230E+3	1.579857E+3	3.171680E-1	5.010800E-1	9.910000E+37	2.510610E-1	3.947248E+41	3.124527E+41	3.171680E-1	9.910000E+37	2.000000E-2	0.000000E+0	5.000000E-1	1.000000E+1	5.000000E-1	1.000000E+1	1.000000E+0	5.200000E+1
8.634327E-1	2.960200E+2	4.100000E+2	4.103900E-1	2.583250E-1	1.588658E+3	1.584944E+3	3.156010E-1	5.002100E-1	9.910000E+37	2.583250E-1	3.836253E+41	3.140041E+41	3.156010E-1	9.910000E+37	2.000000E-2	0.000000E+0	5.000000E-1	1.000000E+1	5.000000E-1	1.000000E+1	1.000000E+0	5.300000E+1
8.798503E-1	2.960200E+2	4.200000E+2	4.185200E-1	2.654750E-1	1.576495E+3	1.583904E+3	3.158020E-1	5.002000E-1	9.910000E+37	2.654750E-1	3.732932E+41	3.138042E+41	3.158020E-1	9.910000E+37	2.000000E-2	0.000000E+0	5.000000E-1	1.000000E+1	5.000000E-1	1.000000E+1	1.000000E+0	5.400000E+1
8.962679E-1	2.960200E+2	4.300000E+2	4.304600E-1	2.682770E-1	1.604536E+3	1.569442E+3	3.180620E-1	4.991800E-1	9.910000E+37	2.682770E-1	3.693943E+41	3.115745E+41	3.180620E-1	9.910000E+37	2.000000E-2	0.000000E+0	5.000000E-1	1.000000E+1	5.000000E-1	1.000000E+1	1.000000E+0	5.500000E+1
9.126689E-1	2.960200E+2	4.400000E+2	4.400500E-1	2.773270E-1	1.586755E+3	1.585347E+3	3.156660E-1	5.004400E-1	9.910000E+37	2.773270E-1	3.573399E+41	3.139394E+41	3.156660E-1	9.910000E+37	2.000000E-2	0.000000E+0	5.000000E-1	1.000000E+1	5.000000E-1	1.000000E+1	1.000000E+0	5.600000E+1
9.291198E-1	2.960200E+2	4.500000E+2	4.497000E-1	2.860660E-1	1.572015E+3	1.584351E+3	3.155930E-1	5.000100E-1	9.910000E+37	2.860660E-1	3.464236E+41	3.140120E+41	3.155930E-1	9.910000E+37	2.000000E-2	0.000000E+0	5.000000E-1	1.000000E+1	5.000000E-1	1.000000E+1	1.000000E+0	5.700000E+1
9.455874E-1	2.960200E+2	4.600000E+2	4.595800E-1	2.899850E-1	1.584841E+3	1.571054E+3	3.185250E-1	5.004200E-1	9.910000E+37	2.899850E-1	3.417418E+41	3.111216E+41	3.185250E-1	9.910000E+37	2.000000E-2	0.000000E+0	5.000000E-1	1.000000E+1	5.000000E-1	1.000000E+1	1.000000E+0	5.800000E+1
9.620217E-1	2.960200E+2	4.700000E+2	4.710200E-1	2.959450E-1	1.591580E+3	1.573983E+3	3.177480E-1	5.001300E-1	9.910000E+37	2.959450E-1	3.348595E+41	3.118824E+41	3.177480E-1	9.910000E+37	2.000000E-2	0.000000E+0	5.000000E-1	1.000000E+1	5.000000E-1	1.000000E+1	1.000000E+0	5.900000E+1
9.784226E-1	2.960200E+2	4.800000E+2	4.804700E-1	3.046470E-1	1.577137E+3	1.563395E+3	3.193690E-1	4.993000E-1	9.910000E+37	3.046470E-1	3.252945E+41	3.102994E+41	3.193690E-1	9.910000E+37	2.000000E-2	0.000000E+0	5.000000E-1	1.000000E+1	5.000000E-1	1.000000E+1	1.000000E+0	6.000000E+1
9.948736E-1	2.960200E+2	4.900000E+2	4.897700E-1	3.107360E-1	1.576161E+3	1.574177E+3	3.176390E-1	5.000200E-1	9.910000E+37	3.107360E-1	3.189202E+41	3.119894E+41	3.176390E-1	9.910000E+37	2.000000E-2	0.000000E+0	5.000000E-1	1.000000E+1	5.000000E-1	1.000000E+1	1.000000E+0	6.100000E+1
1.011325E+0	2.960200E+2	5.000000E+2	5.001600E-1	3.174870E-1	1.575372E+3	1.560750E+3	3.200000E-1	4.994400E-1	9.910000E+37	3.174870E-1	3.121388E+41	3.096875E+41	3.200000E-1	9.910000E+37	2.000000E-2	0.000000E+0	5.000000E-1	1.000000E+1	5.000000E-1	1.000000E+1	1.000000E+0	6.200000E+1
1.027775E+0	2.960200E+2	5.100000E+2	5.095400E-1	3.244950E-1	1.570255E+3	1.583943E+3	3.164570E-1	5.012500E-1	9.910000E+37	3.244950E-1	3.053976E+41	3.131547E+41	3.164570E-1	9.910000E+37	2.000000E-2	0.000000E+0	5.000000E-1	1.000000E+1	5.000000E-1	1.000000E+1	1.000000E+0	6.300000E+1
1.044176E+0	2.960200E+2	5.200000E+2	5.198900E-1	3.308090E-1	1.571572E+3	1.567860E+3	3.189890E-1	5.001300E-1	9.910000E+37	3.308090E-1	2.995686E+41	3.106690E+41	3.189890E-1	9.910000E+37	2.000000E-2	0.000000E+0	5.000000E-1	1.000000E+1	5.000000E-1	1.000000E+1	1.000000E+0	6.400000E+1
1.060577E+0	2.960200E+2	5.300000E+2	5.298900E-1	3.380110E-1	1.567671E+3	1.571088E+3	3.185690E-1	5.005000E-1	9.910000E+37	3.380110E-1	2.931857E+41	3.110786E+41	3.185690E-1	9.910000E+37	2.000000E-2	0.000000E+0	5.000000E-1	1.000000E+1	5.000000E-1	1.000000E+1	1.000000E+0	6.500000E+1
1.077012E+0	2.960200E+2	5.400000E+2	5.400000E-1	3.470900E-1	1.555792E+3	1.573058E+3	3.177060E-1	4.997700E-1	9.910000E+37	3.470900E-1	2.855167E+41	3.119236E+41	3.177060E-1	9.910000E+37	2.000000E-2	0.000000E+0	5.000000E-1	1.000000E+1	5.000000E-1	1.000000E+1	1.000000E+0	6.600000E+1
1.093546E+0	2.960200E+2	5.500000E+2	5.492700E-1	3.534340E-1	1.554095E+3	1.573592E+3	3.178460E-1	5.001600E-1	9.910000E+37	3.534340E-1	2.803918E+41	3.117862E+41	3.178460E-1	9.910000E+37	2.000000E-2	0.000000E+0	5.000000E-1	1.000000E+1	5.000000E-1	1.000000E+1	1.000000E+0	6.700000E+1
1.110097E+0	2.960200E+2	5.600000E+2	5.605400E-1	3.573130E-1	1.568765E+3	1.574469E+3	3.180500E-1	5.007600E-1	9.910000E+37	3.573130E-1	2.773479E+41	3.115862E+41	3.180500E-1	9.910000E+37	2.000000E-2	0.000000E+0	5.000000E-1	1.000000E+1	5.000000E-1	1.000000E+1	1.000000E+0	6.800000E+1
1.126514E+0	2.960200E+2	5.700000E+2	5.701400E-1	3.655530E-1	1.559664E+3	1.572598E+3	3.179770E-1	5.000500E-1	9.910000E+37	3.655530E-1	2.710961E+41	3.116578E+41	3.179770E-1	9.910000E+37	2.000000E-2	0.000000E+0	5.000000E-1	1.000000E+1	5.000000E-1	1.000000E+1	1.000000E+0	6.900000E+1
1.142965E+0	2.960200E+2	5.800000E+2	5.806000E-1	3.730630E-1	1.556306E+3	1.574040E+3	3.178000E-1	5.002300E-1	9.910000E+37	3.730630E-1	2.656388E+41	3.118313E+41	3.178000E-1	9.910000E+37	2.000000E-2	0.000000E+0	5.000000E-1	1.000000E+1	5.000000E-1	1.000000E+1	1.000000E+0	7.000000E+1
1.159400E+0	2.960200E+2	5.900000E+2	5.900100E-1	3.799760E-1	1.552756E+3	1.583841E+3	3.164270E-1	5.011700E-1	9.910000E+37	3.799760E-1	2.608059E+41	3.131844E+41	3.164270E-1	9.910000E+37	2.000000E-2	0.000000E+0	5.000000E-1	1.000000E+1	5.000000E-1	1.000000E+1	1.000000E+0	7.100000E+1
1.175801E+0	2.960200E+2	6.000000E+2	5.998900E-1	3.859130E-1	1.554470E+3	1.574806E+3	3.175630E-1	5.001000E-1	9.910000E+37	3.859130E-1	2.567936E+41	3.120641E+41	3.175630E-1	9.910000E+37	2.000000E-2	0.000000E+0	5.000000E-1	1.000000E+1	5.000000E-1	1.000000E+1	1.000000E+0	7.200000E+1
1.192235E+0	2.960200E+2	6.000000E+2	5.997800E-1	3.856740E-1	1.555148E+3	1.552881E+3	3.213640E-1	4.990400E-1	9.910000E+37	3.856740E-1	2.569528E+41	3.083731E+41	3.213640E-1	9.910000E+37	2.000000E-2	0.000000E+0	5.000000E-1	1.000000E+1	5.000000E-1	1.000000E+1	1.000000E+0	7.300000E+1
1.208636E+0	2.960200E+2	5.900000E+2	5.892000E-1	3.791900E-1	1.553838E+3	1.570618E+3	3.182250E-1	4.998100E-1	9.910000E+37	3.791900E-1	2.613466E+41	3.114149E+41	3.182250E-1	9.910000E+37	2.000000E-2	0.000000E+0	5.000000E-1	1.000000E+1	5.000000E-1	1.000000E+1	1.000000E+0	7.400000E+1
1.225053E+0	2.960200E+2	5.800000E+2	5.799600E-1	3.724000E-1	1.557358E+3	1.567973E+3	3.191510E-1	5.004200E-1	9.910000E+37	3.724000E-1	2.661117E+41	3.105113E+41	3.191510E-1	9.910000E+37	2.000000E-2	0.000000E+0	5.000000E-1	1.000000E+1	5.000000E-1	1.000000E+1	1.000000E+0	7.500000E+1
1.241504E+0	2.960200E+2	5.700000E+2	5.691800E-1	3.632020E-1	1.567117E+3	1.581081E+3	3.160560E-1	4.997100E-1	9.910000E+37	3.632020E-1	2.728509E+41	3.135520E+41	3.160560E-1	9.910000E+37	2.000000E-2	0.000000E+0	5.000000E-1	1.000000E+1	5.000000E-1	1.000000E+1	1.000000E+0	7.600000E+1
1.257939E+0	2.960200E+2	5.600000E+2	5.603900E-1	3.582840E-1	1.564094E+3	1.585414E+3	3.156210E-1	5.003900E-1	9.910000E+37	3.582840E-1	2.765962E+41	3.139842E+41	3.156210E-1	9.910000E+37	2.000000E-2	0.000000E+0	5.000000E-1	1.000000E+1	5.000000E-1	1.000000E+1	1.000000E+0	7.700000E+1
1.274373E+0	2.960200E+2	5.500000E+2	5.494500E-1	3.506750E-1	1.566835E+3	1.573284E+3	3.179020E-1	5.001500E-1	9.910000E+37	3.506750E-1	2.825978E+41	3.117313E+41	3.179020E-1	9.910000E+37	2.000000E-2	0.000000E+0	5.000000E-1	1.000000E+1	5.000000E-1	1.000000E+1	1.000000E+0	7.800000E+1
1.290774E+0	2.960200E+2	5.400000E+2	5.396100E-1	3.447700E-1	1.565130E+3	1.574192E+3	3.172040E-1	4.993400E-1	9.910000E+37	3.447700E-1	2.874380E+41	3.124172E+41	3.172040E-1	9.910000E+37	2.000000E-2	0.000000E+0	5.000000E-1	1.000000E+1	5.000000E-1	1.000000E+1	1.000000E+0	7.900000E+1
1.307191E+0	2.960200E+2	5.300000E+2	5.299800E-1	3.380120E-1	1.567932E+3	1.571741E+3	3.181440E-1	5.000400E-1	9.910000E+37	3.380120E-1	2.931849E+41	3.114942E+41	3.181440E-1	9.910000E+37	2.000000E-2	0.000000E+0	5.000000E-1	1.000000E+1	5.000000E-1	1.000000E+1	1.000000E+0	8.000000E+1
1.323626E+0	2.960200E+2	5.200000E+2	5.205000E-1	3.321580E-1	1.567025E+3	1.561217E+3	3.197890E-1	4.992600E-1	9.910000E+37	3.321580E-1	2.983520E+41	3.098918E+41	3.197890E-1	9.910000E+37	2.000000E-2	0.000000E+0	5.000000E-1	1.000000E+1	5.000000E-1	1.000000E+1	1.000000E+0	8.100000E+1
1.340043E+0	2.960200E+2	5.100000E+2	5.090000E-1	3.238370E-1	1.571778E+3	1.572752E+3	3.177870E-1	4.998000E-1	9.910000E+37	3.238370E-1	3.060182E+41	3.118441E+41	3.177870E-1	9.910000E+37	2.000000E-2	0.000000E+0	5.000000E-1	1.000000E+1	5.000000E-1	1.000000E+1	1.000000E+0	8.200000E+1
1.356494E+0	2.960200E+2	5.000000E+2	4.990900E-1	3.184600E-1	1.567198E+3	1.590833E+3	3.152750E-1	5.015500E-1	9.910000E+37	3.184600E-1	3.111851E+41	3.143288E+41	3.152750E-1	9.910000E+37	2.000000E-2	0.000000E+0	5.000000E-1	1.000000E+1	5.000000E-1	1.000000E+1	1.000000E+0	8.300000E+1
1.372912E+0	2.960200E+2	4.900000E+2	4.904800E-1	3.117040E-1	1.573544E+3	1.574830E+3	3.174120E-1	4.998700E-1	9.910000E+37	3.117040E-1	3.179298E+41	3.122125E+41	3.174120E-1	9.910000E+37	2.000000E-2	0.000000E+0	5.000000E-1	1.000000E+1	5.000000E-1	1.000000E+1	1.000000E+0	8.400000E+1
