Tiempo (s),Setpoint (K),Temperatura (K),dT/dt (K/min),Potencia_LS (%),Z_40Hz (Ohm),Fase_40Hz,Z_50kHz (Ohm),Fase_50kHz,Vac (mV),Vdc (mV),V_Arduino (V),P,I,D
4.173239E+0,85.000000E+0,85.040000E+0,NaN,0.000000E+0,3.613278E+0,15.217800E+0,22.229920E+0,-117.262800E+0,2.650000E+0,100.000000E+0,0.000000E+0,40.000000E+0,3.000000E+0,1.000000E+0
48.840794E+0,85.000000E+0,84.840000E+0,-366.043879E-3,5.000000E+0,3.779632E+0,13.219860E+0,22.376920E+0,-117.509600E+0,2.650000E+0,100.000000E+0,0.000000E+0,40.000000E+0,3.000000E+0,1.000000E+0
93.806365E+0,85.000000E+0,84.710000E+0,-133.531803E-3,6.000000E+0,3.581828E+0,14.432640E+0,22.312720E+0,-117.357000E+0,2.650000E+0,100.000000E+0,0.000000E+0,40.000000E+0,3.000000E+0,1.000000E+0
138.298910E+0,85.000000E+0,84.850000E+0,90.020158E-3,3.000000E+0,3.776600E+0,14.294500E+0,22.176500E+0,-117.173000E+0,2.650000E+0,100.000000E+0,0.000000E+0,40.000000E+0,3.000000E+0,1.000000E+0
182.827457E+0,85.000000E+0,85.070000E+0,130.908362E-3,3.000000E+0,3.630624E+0,14.726880E+0,22.089720E+0,-117.073200E+0,2.650000E+0,100.000000E+0,0.000000E+0,40.000000E+0,3.000000E+0,1.000000E+0
227.865033E+0,85.000000E+0,85.150000E+0,28.665618E-3,3.000000E+0,3.650592E+0,13.555960E+0,22.127960E+0,-117.116800E+0,2.650000E+0,100.000000E+0,0.000000E+0,40.000000E+0,3.000000E+0,1.000000E+0
272.357578E+0,85.000000E+0,85.120000E+0,9.481902E-3,3.000000E+0,3.660608E+0,13.603200E+0,22.143880E+0,-117.162000E+0,2.650000E+0,100.000000E+0,0.000000E+0,40.000000E+0,3.000000E+0,1.000000E+0
4.936672E+3,86.613085E+0,85.130000E+0,150.105006E-3,4.000000E+0,3.693424E+0,11.986520E+0,22.307040E+0,-117.387200E+0,1.714500E+0,100.000000E+0,0.000000E+0,40.000000E+0,3.000000E+0,1.000000E+0
4.981184E+3,86.613085E+0,85.130000E+0,159.038749E-3,3.000000E+0,3.573954E+0,16.418000E+0,21.500260E+0,-116.236600E+0,1.772750E+0,100.000000E+0,0.000000E+0,40.000000E+0,3.000000E+0,1.000000E+0
5.025736E+3,88.096803E+0,86.680000E+0,79.947214E-3,0.000000E+0,3.658386E+0,14.947600E+0,20.247780E+0,-114.372600E+0,1.772750E+0,100.000000E+0,0.000000E+0,40.000000E+0,3.000000E+0,1.000000E+0
5.070243E+3,89.581888E+0,88.080000E+0,12.063437E-3,8.000000E+0,3.728042E+0,15.780080E+0,20.215080E+0,-114.340600E+0,1.539750E+0,100.000000E+0,0.000000E+0,40.000000E+0,3.000000E+0,1.000000E+0
5.114989E+3,91.065439E+0,87.930000E+0,348.957957E-3,6.000000E+0,3.766470E+0,14.020140E+0,19.479440E+0,-113.191000E+0,1.831000E+0,100.000000E+0,0.000000E+0,40.000000E+0,3.000000E+0,1.000000E+0
5.159466E+3,92.556958E+0,89.450000E+0,1.009651E+0,1.000000E+0,3.765902E+0,11.592698E+0,17.980140E+0,-110.660200E+0,2.180500E+0,100.000000E+0,0.000000E+0,40.000000E+0,3.000000E+0,1.000000E+0
5.204009E+3,94.039543E+0,91.760000E+0,1.290651E+0,12.000000E+0,3.603792E+0,9.816406E+0,17.284900E+0,-109.427200E+0,1.772750E+0,100.000000E+0,0.000000E+0,40.000000E+0,3.000000E+0,1.000000E+0
5.248539E+3,95.524295E+0,92.680000E+0,1.249682E+0,7.000000E+0,3.550752E+0,11.716964E+0,16.352420E+0,-107.650800E+0,2.122250E+0,100.000000E+0,0.000000E+0,40.000000E+0,3.000000E+0,1.000000E+0
5.293061E+3,97.008646E+0,94.430000E+0,1.447681E+0,7.000000E+0,3.698712E+0,14.048840E+0,15.327600E+0,-105.561400E+0,2.471750E+0,100.000000E+0,0.000000E+0,40.000000E+0,3.000000E+0,1.000000E+0
5.337620E+3,98.492698E+0,96.130000E+0,1.892822E+0,14.000000E+0,3.694662E+0,12.286998E+0,14.747380E+0,-104.283800E+0,2.180500E+0,100.000000E+0,0.000000E+0,40.000000E+0,3.000000E+0,1.000000E+0
5.382130E+3,100.000000E+0,97.300000E+0,2.185376E+0,11.000000E+0,3.791718E+0,9.574326E+0,13.928680E+0,-102.382400E+0,2.650000E+0,100.000000E+0,0.000000E+0,40.000000E+0,3.000000E+0,1.000000E+0
5.426693E+3,100.000000E+0,99.050000E+0,2.099471E+0,14.000000E+0,3.741382E+0,11.956980E+0,13.228120E+0,-100.622400E+0,2.650000E+0,100.000000E+0,0.000000E+0,40.000000E+0,3.000000E+0,1.000000E+0
5.471216E+3,100.000000E+0,100.470000E+0,2.018668E+0,1.000000E+0,3.740038E+0,12.114080E+0,12.943980E+0,-99.873940E+0,2.650000E+0,100.000000E+0,0.000000E+0,40.000000E+0,3.000000E+0,1.000000E+0
5.515752E+3,100.000000E+0,100.760000E+0,2.074660E+0,35.000000E+0,3.712398E+0,12.503560E+0,13.189820E+0,-100.556000E+0,2.650000E+0,100.000000E+0,0.000000E+0,40.000000E+0,3.000000E+0,1.000000E+0
5.560304E+3,100.000000E+0,99.900000E+0,2.011756E+0,16.000000E+0,3.736176E+0,9.714346E+0,13.140800E+0,-100.399400E+0,2.650000E+0,100.000000E+0,0.000000E+0,40.000000E+0,3.000000E+0,1.000000E+0
5.604786E+3,100.000000E+0,100.180000E+0,1.751327E+0,14.000000E+0,3.744026E+0,10.867826E+0,13.074340E+0,-100.244200E+0,2.650000E+0,100.000000E+0,0.000000E+0,40.000000E+0,3.000000E+0,1.000000E+0
5.649312E+3,100.000000E+0,100.230000E+0,967.722567E-3,21.000000E+0,3.647102E+0,9.176838E+0,13.094900E+0,-100.282800E+0,2.650000E+0,100.000000E+0,0.000000E+0,40.000000E+0,3.000000E+0,1.000000E+0
5.694343E+3,100.000000E+0,100.070000E+0,125.762827E-3,14.000000E+0,3.770938E+0,12.494680E+0,13.028440E+0,-100.125600E+0,2.650000E+0,100.000000E+0,0.000000E+0,40.000000E+0,3.000000E+0,1.000000E+0
5.738836E+3,100.000000E+0,100.220000E+0,-184.101297E-3,19.000000E+0,3.633768E+0,10.967796E+0,13.046500E+0,-100.194200E+0,2.650000E+0,100.000000E+0,0.000000E+0,40.000000E+0,3.000000E+0,1.000000E+0
10.402711E+3,101.663118E+0,100.180000E+0,-80.703399E-3,15.000000E+0,3.736662E+0,12.454540E+0,12.689600E+0,-99.196620E+0,2.650000E+0,100.000000E+0,0.000000E+0,40.000000E+0,3.000000E+0,1.000000E+0
10.447210E+3,101.663118E+0,100.180000E+0,47.351200E-3,0.000000E+0,3.677512E+0,12.169340E+0,12.192740E+0,-97.802320E+0,2.650000E+0,100.000000E+0,0.000000E+0,40.000000E+0,3.000000E+0,1.000000E+0
10.491741E+3,103.146403E+0,102.200000E+0,-29.702999E-3,0.000000E+0,3.612354E+0,10.871222E+0,11.416240E+0,-95.451360E+0,2.238750E+0,100.000000E+0,0.000000E+0,40.000000E+0,3.000000E+0,1.000000E+0
10.536287E+3,104.630788E+0,103.810000E+0,-4.081797E-3,22.000000E+0,3.737626E+0,9.707080E+0,11.561320E+0,-95.905700E+0,1.365000E+0,100.000000E+0,0.000000E+0,40.000000E+0,3.000000E+0,1.000000E+0
10.580810E+3,106.115640E+0,102.950000E+0,451.931392E-3,0.000000E+0,3.668458E+0,9.466742E+0,11.314380E+0,-95.138260E+0,2.650000E+0,100.000000E+0,0.000000E+0,40.000000E+0,3.000000E+0,1.000000E+0
10.625343E+3,107.599758E+0,104.510000E+0,1.269859E+0,3.000000E+0,3.683838E+0,8.695164E+0,10.578740E+0,-92.650360E+0,2.650000E+0,100.000000E+0,0.000000E+0,40.000000E+0,3.000000E+0,1.000000E+0
10.669887E+3,109.084176E+0,106.260000E+0,1.437212E+0,3.000000E+0,3.668154E+0,9.258984E+0,10.181780E+0,-91.204580E+0,1.539750E+0,100.000000E+0,0.000000E+0,40.000000E+0,3.000000E+0,1.000000E+0
10.714419E+3,110.568994E+0,107.600000E+0,1.140637E+0,4.000000E+0,3.693212E+0,9.531852E+0,9.635134E+0,-88.852560E+0,1.714500E+0,100.000000E+0,0.000000E+0,40.000000E+0,3.000000E+0,1.000000E+0
10.758941E+3,112.053379E+0,109.460000E+0,1.068789E+0,9.000000E+0,3.710466E+0,9.066738E+0,9.211320E+0,-87.063240E+0,1.772750E+0,100.000000E+0,0.000000E+0,40.000000E+0,3.000000E+0,1.000000E+0
10.803828E+3,113.537464E+0,110.810000E+0,1.594170E+0,6.000000E+0,3.679560E+0,8.648624E+0,8.793894E+0,-85.140460E+0,2.122250E+0,100.000000E+0,0.000000E+0,40.000000E+0,3.000000E+0,1.000000E+0
10.848714E+3,115.033683E+0,112.550000E+0,2.155630E+0,10.000000E+0,3.669422E+0,7.847414E+0,8.397638E+0,-83.193540E+0,2.238750E+0,100.000000E+0,0.000000E+0,40.000000E+0,3.000000E+0,1.000000E+0
10.893653E+3,116.529869E+0,113.970000E+0,2.130501E+0,9.000000E+0,3.700270E+0,7.940054E+0,8.078208E+0,-81.499460E+0,2.297000E+0,100.000000E+0,0.000000E+0,40.000000E+0,3.000000E+0,1.000000E+0
10.938495E+3,118.027854E+0,115.590000E+0,2.125122E+0,12.000000E+0,3.684614E+0,7.458774E+0,7.716210E+0,-79.442940E+0,2.471750E+0,100.000000E+0,0.000000E+0,40.000000E+0,3.000000E+0,1.000000E+0
10.983385E+3,120.000000E+0,117.060000E+0,2.110046E+0,11.000000E+0,3.674496E+0,7.621480E+0,7.430806E+0,-77.691740E+0,2.650000E+0,100.000000E+0,0.000000E+0,40.000000E+0,3.000000E+0,1.000000E+0
11.028268E+3,120.000000E+0,118.630000E+0,2.069201E+0,10.000000E+0,3.681920E+0,7.674996E+0,7.075258E+0,-75.304520E+0,2.650000E+0,100.000000E+0,0.000000E+0,40.000000E+0,3.000000E+0,1.000000E+0
11.073155E+3,120.000000E+0,120.660000E+0,2.069508E+0,5.000000E+0,3.673454E+0,7.349662E+0,6.872286E+0,-73.868520E+0,2.650000E+0,100.000000E+0,0.000000E+0,40.000000E+0,3.000000E+0,1.000000E+0
11.118044E+3,120.000000E+0,121.150000E+0,2.043182E+0,65.000000E+0,3.683328E+0,7.664900E+0,7.062892E+0,-75.257200E+0,2.650000E+0,100.000000E+0,0.000000E+0,40.000000E+0,3.000000E+0,1.000000E+0
11.162929E+3,120.000000E+0,119.690000E+0,2.168028E+0,21.000000E+0,3.664698E+0,6.944480E+0,7.021572E+0,-74.951660E+0,2.650000E+0,100.000000E+0,0.000000E+0,40.000000E+0,3.000000E+0,1.000000E+0
11.207813E+3,120.000000E+0,120.360000E+0,2.040708E+0,27.000000E+0,3.662694E+0,7.585126E+0,6.970028E+0,-74.571840E+0,2.650000E+0,100.000000E+0,0.000000E+0,40.000000E+0,3.000000E+0,1.000000E+0
11.252702E+3,120.000000E+0,120.410000E+0,1.147347E+0,44.000000E+0,3.708560E+0,8.252960E+0,7.010870E+0,-74.860740E+0,2.650000E+0,100.000000E+0,0.000000E+0,40.000000E+0,3.000000E+0,1.000000E+0
11.297584E+3,120.000000E+0,119.960000E+0,169.291489E-3,24.000000E+0,3.627340E+0,8.979774E+0,6.966700E+0,-74.560120E+0,2.650000E+0,100.000000E+0,0.000000E+0,40.000000E+0,3.000000E+0,1.000000E+0
11.342503E+3,120.000000E+0,120.390000E+0,-231.698800E-3,35.000000E+0,3.669072E+0,8.996120E+0,6.996620E+0,-74.766080E+0,2.650000E+0,100.000000E+0,0.000000E+0,40.000000E+0,3.000000E+0,1.000000E+0
11.387359E+3,120.000000E+0,120.190000E+0,-104.716427E-3,34.000000E+0,3.556440E+0,6.455502E+0,6.984106E+0,-74.694080E+0,2.650000E+0,100.000000E+0,0.000000E+0,40.000000E+0,3.000000E+0,1.000000E+0
11.432281E+3,120.000000E+0,120.160000E+0,66.836330E-3,29.000000E+0,3.683070E+0,7.945660E+0,6.950676E+0,-74.443180E+0,2.650000E+0,100.000000E+0,0.000000E+0,40.000000E+0,3.000000E+0,1.000000E+0
11.477631E+3,120.000000E+0,120.310000E+0,-42.330660E-3,35.000000E+0,3.589288E+0,7.192244E+0,6.957366E+0,-74.501500E+0,2.650000E+0,100.000000E+0,0.000000E+0,40.000000E+0,3.000000E+0,1.000000E+0
11.522486E+3,120.000000E+0,120.190000E+0,-4.452574E-3,31.000000E+0,3.591656E+0,6.903720E+0,6.936750E+0,-74.352560E+0,2.650000E+0,100.000000E+0,0.000000E+0,40.000000E+0,3.000000E+0,1.000000E+0
16.175305E+3,121.725152E+0,120.230000E+0,26.587981E-3,30.000000E+0,3.655020E+0,6.782138E+0,6.877338E+0,-73.918680E+0,2.650000E+0,100.000000E+0,0.000000E+0,40.000000E+0,3.000000E+0,1.000000E+0
16.220191E+3,121.725152E+0,120.230000E+0,-17.999647E-3,27.000000E+0,3.635690E+0,6.407808E+0,6.707214E+0,-72.621880E+0,2.650000E+0,100.000000E+0,0.000000E+0,40.000000E+0,3.000000E+0,1.000000E+0
16.265079E+3,123.221338E+0,121.730000E+0,34.726255E-3,0.000000E+0,3.636386E+0,6.267644E+0,6.419498E+0,-70.353060E+0,2.650000E+0,100.000000E+0,0.000000E+0,40.000000E+0,3.000000E+0,1.000000E+0
16.309961E+3,124.717623E+0,123.410000E+0,7.395724E-3,55.000000E+0,3.627960E+0,6.955962E+0,6.455712E+0,-70.633100E+0,2.650000E+0,100.000000E+0,0.000000E+0,40.000000E+0,3.000000E+0,1.000000E+0
16.354842E+3,126.213676E+0,122.920000E+0,334.916194E-3,13.000000E+0,3.625270E+0,6.988954E+0,6.239496E+0,-68.791060E+0,2.650000E+0,100.000000E+0,0.000000E+0,40.000000E+0,3.000000E+0,1.000000E+0
16.399742E+3,127.709728E+0,125.140000E+0,1.041904E+0,14.000000E+0,3.649242E+0,6.381102E+0,5.969214E+0,-66.298220E+0,2.650000E+0,100.000000E+0,0.000000E+0,40.000000E+0,3.000000E+0,1.000000E+0
16.444637E+3,129.206380E+0,127.030000E+0,1.307790E+0,32.000000E+0,3.632156E+0,6.310664E+0,5.846102E+0,-65.079360E+0,2.650000E+0,100.000000E+0,0.000000E+0,40.000000E+0,3.000000E+0,1.000000E+0
16.489499E+3,130.702866E+0,127.950000E+0,1.359000E+0,17.000000E+0,3.639382E+0,6.110656E+0,5.661754E+0,-63.161080E+0,2.650000E+0,100.000000E+0,0.000000E+0,40.000000E+0,3.000000E+0,1.000000E+0
16.534389E+3,132.198285E+0,130.010000E+0,1.565951E+0,30.000000E+0,3.581562E+0,6.230702E+0,5.506148E+0,-61.465000E+0,2.650000E+0,100.000000E+0,0.000000E+0,40.000000E+0,3.000000E+0,1.000000E+0
16.579271E+3,133.694603E+0,131.250000E+0,1.926943E+0,26.000000E+0,3.610556E+0,5.811910E+0,5.385900E+0,-60.052180E+0,2.650000E+0,100.000000E+0,0.000000E+0,40.000000E+0,3.000000E+0,1.000000E+0
16.624157E+3,135.190689E+0,132.780000E+0,2.205612E+0,25.000000E+0,3.619450E+0,5.527152E+0,5.228570E+0,-58.095500E+0,2.650000E+0,100.000000E+0,0.000000E+0,40.000000E+0,3.000000E+0,1.000000E+0
16.669052E+3,136.686875E+0,134.490000E+0,2.025380E+0,34.000000E+0,3.580700E+0,6.273524E+0,5.140678E+0,-56.971560E+0,2.650000E+0,100.000000E+0,0.000000E+0,40.000000E+0,3.000000E+0,1.000000E+0
16.713967E+3,138.183394E+0,135.750000E+0,2.016391E+0,31.000000E+0,3.629166E+0,4.068716E+0,5.008054E+0,-55.149760E+0,2.650000E+0,100.000000E+0,0.000000E+0,40.000000E+0,3.000000E+0,1.000000E+0
16.758829E+3,140.000000E+0,137.310000E+0,2.074095E+0,36.000000E+0,3.651064E+0,6.122506E+0,4.905818E+0,-53.689420E+0,2.650000E+0,100.000000E+0,0.000000E+0,40.000000E+0,3.000000E+0,1.000000E+0
16.803721E+3,140.000000E+0,138.830000E+0,2.000296E+0,41.000000E+0,3.526070E+0,5.476152E+0,4.792010E+0,-51.995640E+0,2.650000E+0,100.000000E+0,0.000000E+0,40.000000E+0,3.000000E+0,1.000000E+0
16.848637E+3,140.000000E+0,140.540000E+0,2.011380E+0,22.000000E+0,3.612686E+0,6.368430E+0,4.732862E+0,-51.071040E+0,2.650000E+0,100.000000E+0,0.000000E+0,40.000000E+0,3.000000E+0,1.000000E+0
16.893489E+3,140.000000E+0,141.260000E+0,1.975944E+0,74.000000E+0,3.634900E+0,3.679776E+0,4.767482E+0,-51.605300E+0,2.650000E+0,100.000000E+0,0.000000E+0,40.000000E+0,3.000000E+0,1.000000E+0
16.938387E+3,140.000000E+0,139.940000E+0,2.033860E+0,48.000000E+0,3.568260E+0,4.978226E+0,4.782150E+0,-51.856120E+0,2.650000E+0,100.000000E+0,0.000000E+0,40.000000E+0,3.000000E+0,1.000000E+0
16.983280E+3,140.000000E+0,140.300000E+0,1.947025E+0,40.000000E+0,3.620060E+0,5.445210E+0,4.750992E+0,-51.396640E+0,2.650000E+0,100.000000E+0,0.000000E+0,40.000000E+0,3.000000E+0,1.000000E+0
17.028188E+3,140.000000E+0,140.610000E+0,1.127001E+0,60.000000E+0,3.589012E+0,5.425800E+0,4.780162E+0,-51.817240E+0,2.650000E+0,100.000000E+0,0.000000E+0,40.000000E+0,3.000000E+0,1.000000E+0
17.073061E+3,140.000000E+0,140.140000E+0,193.860682E-3,49.000000E+0,3.588264E+0,5.519764E+0,4.762680E+0,-51.546660E+0,2.650000E+0,100.000000E+0,0.000000E+0,40.000000E+0,3.000000E+0,1.000000E+0
17.117947E+3,140.000000E+0,140.340000E+0,-198.315505E-3,46.000000E+0,3.553708E+0,5.283508E+0,4.746874E+0,-51.292200E+0,2.650000E+0,100.000000E+0,0.000000E+0,40.000000E+0,3.000000E+0,1.000000E+0
17.162836E+3,140.000000E+0,140.410000E+0,-100.253597E-3,54.000000E+0,3.559130E+0,5.717018E+0,4.753216E+0,-51.365940E+0,2.650000E+0,100.000000E+0,0.000000E+0,40.000000E+0,3.000000E+0,1.000000E+0
17.208230E+3,140.000000E+0,140.240000E+0,53.414966E-3,47.000000E+0,3.558436E+0,5.209868E+0,4.749966E+0,-51.332180E+0,2.650000E+0,100.000000E+0,0.000000E+0,40.000000E+0,3.000000E+0,1.000000E+0
17.253096E+3,140.000000E+0,140.370000E+0,-35.653351E-3,48.000000E+0,3.575606E+0,5.067312E+0,4.753762E+0,-51.387740E+0,2.650000E+0,100.000000E+0,0.000000E+0,40.000000E+0,3.000000E+0,1.000000E+0
21.905875E+3,141.835519E+0,140.340000E+0,-22.163247E-3,48.000000E+0,3.542324E+0,5.406064E+0,4.721606E+0,-50.889400E+0,2.650000E+0,100.000000E+0,0.000000E+0,40.000000E+0,3.000000E+0,1.000000E+0
21.950728E+3,141.835519E+0,140.300000E+0,29.134493E-3,82.000000E+0,3.526846E+0,3.462522E+0,4.686126E+0,-50.319520E+0,2.650000E+0,100.000000E+0,0.000000E+0,40.000000E+0,3.000000E+0,1.000000E+0
21.995601E+3,143.330604E+0,141.400000E+0,-32.952041E-3,11.000000E+0,3.610024E+0,3.964022E+0,4.572628E+0,-48.409140E+0,2.650000E+0,100.000000E+0,0.000000E+0,40.000000E+0,3.000000E+0,1.000000E+0
22.040545E+3,144.826390E+0,143.450000E+0,-9.444160E-3,71.000000E+0,3.465984E+0,5.731626E+0,4.560742E+0,-48.219720E+0,2.650000E+0,100.000000E+0,0.000000E+0,40.000000E+0,3.000000E+0,1.000000E+0
22.085384E+3,146.324509E+0,143.240000E+0,235.693642E-3,49.000000E+0,3.638486E+0,4.762640E+0,4.494248E+0,-47.084300E+0,2.650000E+0,100.000000E+0,0.000000E+0,40.000000E+0,3.000000E+0,1.000000E+0
22.130271E+3,147.819161E+0,145.150000E+0,939.055053E-3,29.000000E+0,3.582584E+0,4.988410E+0,4.397622E+0,-45.305840E+0,2.650000E+0,100.000000E+0,0.000000E+0,40.000000E+0,3.000000E+0,1.000000E+0
22.175157E+3,149.315380E+0,147.440000E+0,1.347576E+0,53.000000E+0,3.458180E+0,4.629348E+0,4.341136E+0,-44.252200E+0,2.650000E+0,100.000000E+0,0.000000E+0,40.000000E+0,3.000000E+0,1.000000E+0
22.220049E+3,150.811599E+0,148.330000E+0,1.490233E+0,55.000000E+0,3.607226E+0,4.343360E+0,4.297990E+0,-43.390240E+0,2.650000E+0,100.000000E+0,0.000000E+0,40.000000E+0,3.000000E+0,1.000000E+0
22.264940E+3,152.307985E+0,149.740000E+0,1.724499E+0,39.000000E+0,3.528506E+0,6.485668E+0,4.210220E+0,-41.650500E+0,2.650000E+0,100.000000E+0,0.000000E+0,40.000000E+0,3.000000E+0,1.000000E+0
22.309830E+3,153.804370E+0,151.720000E+0,2.023036E+0,52.000000E+0,3.434206E+0,6.105106E+0,4.160598E+0,-40.616980E+0,2.650000E+0,100.000000E+0,0.000000E+0,40.000000E+0,3.000000E+0,1.000000E+0
22.354731E+3,155.300689E+0,153.040000E+0,2.156451E+0,61.000000E+0,3.433974E+0,3.173652E+0,4.109768E+0,-39.528260E+0,2.650000E+0,100.000000E+0,0.000000E+0,40.000000E+0,3.000000E+0,1.000000E+0
22.399613E+3,156.797375E+0,154.290000E+0,1.975928E+0,53.000000E+0,3.524718E+0,2.933454E+0,4.059754E+0,-38.477820E+0,2.650000E+0,100.000000E+0,0.000000E+0,40.000000E+0,3.000000E+0,1.000000E+0
22.444513E+3,158.293460E+0,156.050000E+0,2.002563E+0,55.000000E+0,3.424390E+0,4.835054E+0,4.018492E+0,-37.567740E+0,2.650000E+0,100.000000E+0,0.000000E+0,40.000000E+0,3.000000E+0,1.000000E+0
22.489395E+3,160.000000E+0,157.550000E+0,2.062708E+0,64.000000E+0,3.494928E+0,2.916874E+0,3.971638E+0,-36.519820E+0,2.650000E+0,100.000000E+0,0.000000E+0,40.000000E+0,3.000000E+0,1.000000E+0
22.534288E+3,160.000000E+0,158.860000E+0,1.978050E+0,70.000000E+0,3.424066E+0,5.890092E+0,3.929372E+0,-35.576580E+0,2.650000E+0,100.000000E+0,0.000000E+0,40.000000E+0,3.000000E+0,1.000000E+0
22.579183E+3,160.000000E+0,160.480000E+0,1.969205E+0,40.000000E+0,3.472732E+0,2.863188E+0,3.894288E+0,-34.795920E+0,2.650000E+0,100.000000E+0,0.000000E+0,40.000000E+0,3.000000E+0,1.000000E+0
22.624075E+3,160.000000E+0,161.410000E+0,2.022723E+0,81.000000E+0,3.380552E+0,4.013154E+0,3.913616E+0,-35.219400E+0,2.650000E+0,100.000000E+0,0.000000E+0,40.000000E+0,3.000000E+0,1.000000E+0
22.668995E+3,160.000000E+0,160.270000E+0,2.004858E+0,77.000000E+0,3.428702E+0,2.671144E+0,3.916014E+0,-35.274540E+0,2.650000E+0,100.000000E+0,0.000000E+0,40.000000E+0,3.000000E+0,1.000000E+0
22.713862E+3,160.000000E+0,160.230000E+0,1.846666E+0,57.000000E+0,3.430052E+0,4.506200E+0,3.906170E+0,-35.050180E+0,2.650000E+0,100.000000E+0,0.000000E+0,40.000000E+0,3.000000E+0,1.000000E+0
22.758788E+3,160.000000E+0,160.740000E+0,1.173893E+0,72.000000E+0,3.460974E+0,5.945836E+0,3.909426E+0,-35.127080E+0,2.650000E+0,100.000000E+0,0.000000E+0,40.000000E+0,3.000000E+0,1.000000E+0
22.804141E+3,160.000000E+0,160.350000E+0,258.401408E-3,70.000000E+0,3.413388E+0,4.429462E+0,3.916774E+0,-35.282140E+0,2.650000E+0,100.000000E+0,0.000000E+0,40.000000E+0,3.000000E+0,1.000000E+0
22.848996E+3,160.000000E+0,160.320000E+0,-204.923631E-3,63.000000E+0,3.417114E+0,5.875856E+0,3.906768E+0,-35.076000E+0,2.650000E+0,100.000000E+0,0.000000E+0,40.000000E+0,3.000000E+0,1.000000E+0
22.894388E+3,160.000000E+0,160.480000E+0,-131.574622E-3,68.000000E+0,3.359162E+0,5.857154E+0,3.904300E+0,-35.029940E+0,2.650000E+0,100.000000E+0,0.000000E+0,40.000000E+0,3.000000E+0,1.000000E+0
22.939244E+3,160.000000E+0,160.350000E+0,38.151308E-3,69.000000E+0,3.432888E+0,5.742868E+0,3.910026E+0,-35.143120E+0,2.650000E+0,100.000000E+0,0.000000E+0,40.000000E+0,3.000000E+0,1.000000E+0
27.595055E+3,161.845186E+0,160.350000E+0,-37.723984E-3,65.000000E+0,3.473136E+0,4.179384E+0,3.894520E+0,-34.808380E+0,2.650000E+0,100.000000E+0,0.000000E+0,40.000000E+0,3.000000E+0,1.000000E+0
27.639957E+3,161.845186E+0,160.400000E+0,-57.659857E-3,100.000000E+0,3.497870E+0,5.197784E+0,3.889084E+0,-34.690880E+0,2.650000E+0,100.000000E+0,0.000000E+0,40.000000E+0,3.000000E+0,1.000000E+0
27.684841E+3,163.341904E+0,161.070000E+0,38.088317E-3,39.000000E+0,3.462046E+0,2.690786E+0,3.844948E+0,-33.660720E+0,2.650000E+0,100.000000E+0,0.000000E+0,40.000000E+0,3.000000E+0,1.000000E+0
27.729727E+3,164.838057E+0,163.170000E+0,8.266880E-3,70.000000E+0,3.380906E+0,5.638932E+0,3.819922E+0,-33.114580E+0,2.650000E+0,100.000000E+0,0.000000E+0,40.000000E+0,3.000000E+0,1.000000E+0
27.774629E+3,166.334242E+0,163.860000E+0,161.999655E-3,92.000000E+0,3.389410E+0,5.720916E+0,3.800098E+0,-32.630640E+0,2.650000E+0,100.000000E+0,0.000000E+0,40.000000E+0,3.000000E+0,1.000000E+0
27.819533E+3,167.830961E+0,164.950000E+0,776.501191E-3,73.000000E+0,3.415512E+0,2.625324E+0,3.758636E+0,-31.711100E+0,2.650000E+0,100.000000E+0,0.000000E+0,40.000000E+0,3.000000E+0,1.000000E+0
27.864385E+3,169.327780E+0,166.950000E+0,1.398983E+0,65.000000E+0,3.424002E+0,2.876784E+0,3.718894E+0,-30.780280E+0,2.650000E+0,100.000000E+0,0.000000E+0,40.000000E+0,3.000000E+0,1.000000E+0
27.909306E+3,170.822832E+0,168.730000E+0,1.635011E+0,76.000000E+0,3.424500E+0,2.849938E+0,3.690906E+0,-30.147420E+0,2.650000E+0,100.000000E+0,0.000000E+0,40.000000E+0,3.000000E+0,1.000000E+0
27.954161E+3,172.320218E+0,170.110000E+0,1.706412E+0,81.000000E+0,3.351962E+0,2.508090E+0,3.665476E+0,-29.574560E+0,2.650000E+0,100.000000E+0,0.000000E+0,40.000000E+0,3.000000E+0,1.000000E+0
27.999051E+3,173.815370E+0,171.460000E+0,1.927065E+0,88.000000E+0,3.299992E+0,3.911694E+0,3.635426E+0,-28.925760E+0,2.650000E+0,100.000000E+0,0.000000E+0,40.000000E+0,3.000000E+0,1.000000E+0
28.043947E+3,175.311722E+0,172.890000E+0,2.234628E+0,94.000000E+0,3.308756E+0,4.703656E+0,3.612418E+0,-28.462560E+0,2.650000E+0,100.000000E+0,0.000000E+0,40.000000E+0,3.000000E+0,1.000000E+0
28.088840E+3,176.808241E+0,174.420000E+0,2.154486E+0,91.000000E+0,3.235690E+0,4.672762E+0,3.584392E+0,-27.955380E+0,2.805500E+0,100.000000E+0,0.000000E+0,40.000000E+0,3.000000E+0,1.000000E+0
28.133726E+3,180.000000E+0,175.940000E+0,1.931612E+0,97.000000E+0,3.220376E+0,2.718348E+0,3.558324E+0,-27.392160E+0,2.978750E+0,100.000000E+0,0.000000E+0,40.000000E+0,3.000000E+0,1.000000E+0
28.178625E+3,180.000000E+0,177.330000E+0,1.886969E+0,100.000000E+0,3.235754E+0,2.423934E+0,3.529542E+0,-26.808100E+0,3.152000E+0,100.000000E+0,0.000000E+0,40.000000E+0,3.000000E+0,1.000000E+0
28.223548E+3,180.000000E+0,178.740000E+0,1.958024E+0,100.000000E+0,3.314386E+0,3.666524E+0,3.508790E+0,-26.361100E+0,2.650000E+0,100.000000E+0,0.000000E+0,40.000000E+0,3.000000E+0,1.000000E+0
28.268506E+3,180.000000E+0,180.170000E+0,1.986989E+0,66.000000E+0,3.296420E+0,3.917116E+0,3.486452E+0,-25.938480E+0,2.650000E+0,100.000000E+0,0.000000E+0,40.000000E+0,3.000000E+0,1.000000E+0
28.313415E+3,180.000000E+0,181.370000E+0,1.951114E+0,81.000000E+0,3.224018E+0,2.262376E+0,3.482628E+0,-25.966740E+0,2.650000E+0,100.000000E+0,0.000000E+0,40.000000E+0,3.000000E+0,1.000000E+0
28.358268E+3,180.000000E+0,180.940000E+0,1.903614E+0,99.000000E+0,3.218398E+0,4.761030E+0,3.493652E+0,-26.144260E+0,2.650000E+0,100.000000E+0,0.000000E+0,40.000000E+0,3.000000E+0,1.000000E+0
28.403167E+3,180.000000E+0,180.280000E+0,1.840709E+0,86.000000E+0,3.170538E+0,3.640328E+0,3.493204E+0,-26.112900E+0,2.650000E+0,100.000000E+0,0.000000E+0,40.000000E+0,3.000000E+0,1.000000E+0
28.448073E+3,180.000000E+0,180.580000E+0,1.388819E+0,82.000000E+0,3.231940E+0,5.298036E+0,3.492378E+0,-26.058820E+0,2.650000E+0,100.000000E+0,0.000000E+0,40.000000E+0,3.000000E+0,1.000000E+0
28.492948E+3,180.000000E+0,180.690000E+0,513.979168E-3,89.000000E+0,3.227862E+0,2.346070E+0,3.488340E+0,-26.011680E+0,2.650000E+0,100.000000E+0,0.000000E+0,40.000000E+0,3.000000E+0,1.000000E+0
28.537875E+3,180.000000E+0,180.480000E+0,-151.502908E-3,88.000000E+0,3.299048E+0,4.766478E+0,3.488504E+0,-26.017280E+0,2.650000E+0,100.000000E+0,0.000000E+0,40.000000E+0,3.000000E+0,1.000000E+0
28.582730E+3,180.000000E+0,180.480000E+0,-231.734238E-3,83.000000E+0,3.251672E+0,3.060400E+0,3.486886E+0,-25.993760E+0,2.650000E+0,100.000000E+0,0.000000E+0,40.000000E+0,3.000000E+0,1.000000E+0
28.628119E+3,180.000000E+0,180.530000E+0,-11.111555E-3,86.000000E+0,3.252062E+0,4.240662E+0,3.489122E+0,-26.002380E+0,2.650000E+0,100.000000E+0,0.000000E+0,40.000000E+0,3.000000E+0,1.000000E+0
28.673071E+3,180.000000E+0,180.480000E+0,22.282125E-3,87.000000E+0,3.235926E+0,3.802566E+0,3.486776E+0,-25.957940E+0,2.650000E+0,100.000000E+0,0.000000E+0,40.000000E+0,3.000000E+0,1.000000E+0
33.328966E+3,181.978386E+0,180.480000E+0,-57.970044E-3,85.000000E+0,3.273326E+0,2.812104E+0,3.484108E+0,-25.908960E+0,2.650000E+0,100.000000E+0,0.000000E+0,40.000000E+0,3.000000E+0,1.000000E+0
33.373874E+3,181.978386E+0,180.430000E+0,-35.698859E-3,100.000000E+0,3.301466E+0,2.327644E+0,3.478062E+0,-25.795380E+0,2.650000E+0,100.000000E+0,0.000000E+0,40.000000E+0,3.000000E+0,1.000000E+0
33.418773E+3,183.475305E+0,180.740000E+0,12.049043E-3,100.000000E+0,3.252178E+0,3.998794E+0,3.464000E+0,-25.514220E+0,2.978750E+0,100.000000E+0,0.000000E+0,40.000000E+0,3.000000E+0,1.000000E+0
33.463670E+3,184.971957E+0,181.990000E+0,1.935947E-3,100.000000E+0,3.178216E+0,2.404454E+0,3.439360E+0,-24.997540E+0,3.845000E+0,100.000000E+0,0.000000E+0,40.000000E+0,3.000000E+0,1.000000E+0
33.508550E+3,186.468509E+0,183.420000E+0,59.837804E-3,100.000000E+0,3.240148E+0,2.444874E+0,3.419502E+0,-24.561220E+0,3.845000E+0,100.000000E+0,0.000000E+0,40.000000E+0,3.000000E+0,1.000000E+0
33.553445E+3,187.964495E+0,184.810000E+0,406.323512E-3,100.000000E+0,3.218258E+0,2.278954E+0,3.398262E+0,-24.195320E+0,3.845000E+0,100.000000E+0,0.000000E+0,40.000000E+0,3.000000E+0,1.000000E+0
33.598314E+3,189.461014E+0,186.050000E+0,1.002396E+0,100.000000E+0,3.239302E+0,2.823084E+0,3.382938E+0,-23.939000E+0,3.845000E+0,100.000000E+0,0.000000E+0,40.000000E+0,3.000000E+0,1.000000E+0
33.643220E+3,190.956633E+0,187.200000E+0,1.572731E+0,100.000000E+0,3.211116E+0,4.497412E+0,3.364654E+0,-23.610460E+0,3.845000E+0,100.000000E+0,0.000000E+0,40.000000E+0,3.000000E+0,1.000000E+0
33.688115E+3,192.453518E+0,188.370000E+0,1.811257E+0,100.000000E+0,3.098298E+0,3.656876E+0,3.345750E+0,-23.268720E+0,3.845000E+0,100.000000E+0,0.000000E+0,40.000000E+0,3.000000E+0,1.000000E+0
33.733022E+3,193.950004E+0,189.370000E+0,1.746658E+0,100.000000E+0,3.200120E+0,2.609566E+0,3.332612E+0,-23.025680E+0,3.845000E+0,100.000000E+0,0.000000E+0,40.000000E+0,3.000000E+0,1.000000E+0
33.777909E+3,195.446923E+0,190.340000E+0,1.635119E+0,100.000000E+0,3.137464E+0,2.042626E+0,3.317250E+0,-22.801100E+0,3.845000E+0,100.000000E+0,0.000000E+0,40.000000E+0,3.000000E+0,1.000000E+0
33.822803E+3,196.943142E+0,191.200000E+0,1.532423E+0,100.000000E+0,3.103148E+0,4.896444E+0,3.307654E+0,-22.633180E+0,3.845000E+0,100.000000E+0,0.000000E+0,40.000000E+0,3.000000E+0,1.000000E+0
33.867692E+3,200.000000E+0,192.060000E+0,1.438763E+0,100.000000E+0,3.078918E+0,2.627304E+0,3.297422E+0,-22.433740E+0,3.845000E+0,100.000000E+0,0.000000E+0,40.000000E+0,3.000000E+0,1.000000E+0
33.912597E+3,200.000000E+0,192.810000E+0,1.329729E+0,100.000000E+0,3.052746E+0,2.504548E+0,3.286404E+0,-22.240080E+0,3.845000E+0,100.000000E+0,0.000000E+0,40.000000E+0,3.000000E+0,1.000000E+0
33.957476E+3,200.000000E+0,193.510000E+0,1.229589E+0,100.000000E+0,3.144300E+0,2.844872E+0,3.276196E+0,-22.080940E+0,3.845000E+0,100.000000E+0,0.000000E+0,40.000000E+0,3.000000E+0,1.000000E+0
34.002375E+3,200.000000E+0,194.220000E+0,1.149406E+0,100.000000E+0,3.069598E+0,2.726148E+0,3.264420E+0,-21.884040E+0,3.845000E+0,100.000000E+0,0.000000E+0,40.000000E+0,3.000000E+0,1.000000E+0
34.047257E+3,200.000000E+0,194.930000E+0,1.064740E+0,100.000000E+0,3.041710E+0,2.908742E+0,3.259212E+0,-21.794360E+0,3.845000E+0,100.000000E+0,0.000000E+0,40.000000E+0,3.000000E+0,1.000000E+0
34.092142E+3,200.000000E+0,195.530000E+0,995.702618E-3,100.000000E+0,3.073868E+0,2.828210E+0,3.243396E+0,-21.534880E+0,3.845000E+0,100.000000E+0,0.000000E+0,40.000000E+0,3.000000E+0,1.000000E+0
34.137070E+3,200.000000E+0,196.120000E+0,953.429395E-3,100.000000E+0,3.095942E+0,4.911110E+0,3.237624E+0,-21.474060E+0,3.845000E+0,100.000000E+0,0.000000E+0,40.000000E+0,3.000000E+0,1.000000E+0
34.181940E+3,200.000000E+0,196.720000E+0,922.298751E-3,100.000000E+0,3.097710E+0,3.971486E+0,3.231838E+0,-21.399260E+0,3.845000E+0,100.000000E+0,0.000000E+0,40.000000E+0,3.000000E+0,1.000000E+0
34.226816E+3,200.000000E+0,197.270000E+0,873.188681E-3,100.000000E+0,3.097856E+0,2.050394E+0,3.216362E+0,-21.165720E+0,3.845000E+0,100.000000E+0,0.000000E+0,40.000000E+0,3.000000E+0,1.000000E+0
34.271691E+3,200.000000E+0,197.750000E+0,821.902785E-3,100.000000E+0,3.027876E+0,3.796496E+0,3.215946E+0,-21.166160E+0,3.845000E+0,100.000000E+0,0.000000E+0,40.000000E+0,3.000000E+0,1.000000E+0
34.316621E+3,200.000000E+0,198.300000E+0,786.314950E-3,100.000000E+0,3.124742E+0,2.646730E+0,3.208768E+0,-21.067620E+0,2.650000E+0,100.000000E+0,0.000000E+0,40.000000E+0,3.000000E+0,1.000000E+0
34.361516E+3,200.000000E+0,198.730000E+0,750.840923E-3,100.000000E+0,3.025822E+0,4.790226E+0,3.201214E+0,-20.948380E+0,2.650000E+0,100.000000E+0,0.000000E+0,40.000000E+0,3.000000E+0,1.000000E+0
34.406362E+3,200.000000E+0,199.160000E+0,715.187557E-3,100.000000E+0,3.045522E+0,1.855738E+0,3.194108E+0,-20.855620E+0,2.650000E+0,100.000000E+0,0.000000E+0,40.000000E+0,3.000000E+0,1.000000E+0
34.451247E+3,200.000000E+0,199.660000E+0,677.110830E-3,100.000000E+0,3.101374E+0,4.575132E+0,3.187864E+0,-20.769600E+0,2.650000E+0,100.000000E+0,0.000000E+0,40.000000E+0,3.000000E+0,1.000000E+0
34.496134E+3,200.000000E+0,200.030000E+0,639.249657E-3,100.000000E+0,3.051616E+0,3.204634E+0,3.178196E+0,-20.634120E+0,2.650000E+0,100.000000E+0,0.000000E+0,40.000000E+0,3.000000E+0,1.000000E+0
34.541023E+3,200.000000E+0,200.460000E+0,617.150031E-3,99.000000E+0,3.086176E+0,3.540710E+0,3.176454E+0,-20.582160E+0,2.650000E+0,100.000000E+0,0.000000E+0,40.000000E+0,3.000000E+0,1.000000E+0
34.585922E+3,200.000000E+0,200.770000E+0,592.772372E-3,100.000000E+0,2.995736E+0,4.840844E+0,3.173298E+0,-20.533380E+0,2.650000E+0,100.000000E+0,0.000000E+0,40.000000E+0,3.000000E+0,1.000000E+0
34.630806E+3,200.000000E+0,200.770000E+0,579.333050E-3,100.000000E+0,2.983496E+0,4.729418E+0,3.172270E+0,-20.510580E+0,2.650000E+0,100.000000E+0,0.000000E+0,40.000000E+0,3.000000E+0,1.000000E+0
34.675696E+3,200.000000E+0,200.520000E+0,536.879600E-3,100.000000E+0,3.045092E+0,1.994574E+0,3.175760E+0,-20.582420E+0,2.650000E+0,100.000000E+0,0.000000E+0,40.000000E+0,3.000000E+0,1.000000E+0
34.720564E+3,200.000000E+0,200.520000E+0,412.110821E-3,100.000000E+0,3.060142E+0,4.669770E+0,3.170260E+0,-20.513960E+0,2.650000E+0,100.000000E+0,0.000000E+0,40.000000E+0,3.000000E+0,1.000000E+0
34.765951E+3,200.000000E+0,200.640000E+0,178.192423E-3,100.000000E+0,3.082890E+0,2.996662E+0,3.174868E+0,-20.542600E+0,2.650000E+0,100.000000E+0,0.000000E+0,40.000000E+0,3.000000E+0,1.000000E+0
34.810803E+3,200.000000E+0,200.580000E+0,-42.345302E-3,100.000000E+0,2.995186E+0,2.056850E+0,3.170942E+0,-20.490640E+0,2.650000E+0,100.000000E+0,0.000000E+0,40.000000E+0,3.000000E+0,1.000000E+0
34.855699E+3,200.000000E+0,200.520000E+0,-84.809311E-3,100.000000E+0,3.062058E+0,3.498212E+0,3.176298E+0,-20.572340E+0,2.650000E+0,100.000000E+0,0.000000E+0,40.000000E+0,3.000000E+0,1.000000E+0
34.901074E+3,200.000000E+0,200.520000E+0,-15.815985E-3,100.000000E+0,3.097718E+0,2.439610E+0,3.173640E+0,-20.521040E+0,2.650000E+0,100.000000E+0,0.000000E+0,40.000000E+0,3.000000E+0,1.000000E+0
34.945922E+3,200.000000E+0,200.580000E+0,13.147471E-3,100.000000E+0,2.979316E+0,2.446318E+0,3.172832E+0,-20.527540E+0,2.650000E+0,100.000000E+0,0.000000E+0,40.000000E+0,3.000000E+0,1.000000E+0
39.598613E+3,201.954919E+0,200.460000E+0,-26.737087E-3,100.000000E+0,2.953486E+0,4.139280E+0,3.164742E+0,-20.401640E+0,3.845000E+0,100.000000E+0,0.000000E+0,40.000000E+0,3.000000E+0,1.000000E+0
39.643526E+3,201.954919E+0,200.520000E+0,-26.734729E-3,100.000000E+0,3.026976E+0,2.098002E+0,3.162176E+0,-20.332500E+0,3.845000E+0,100.000000E+0,0.000000E+0,40.000000E+0,3.000000E+0,1.000000E+0
39.688412E+3,203.452038E+0,200.710000E+0,770.379062E-6,100.000000E+0,2.959760E+0,2.860074E+0,3.156756E+0,-20.278560E+0,3.845000E+0,100.000000E+0,0.000000E+0,40.000000E+0,3.000000E+0,1.000000E+0
39.733302E+3,204.948223E+0,201.210000E+0,14.826999E-3,100.000000E+0,2.985484E+0,3.554122E+0,3.151718E+0,-20.221660E+0,3.845000E+0,100.000000E+0,0.000000E+0,40.000000E+0,3.000000E+0,1.000000E+0
39.778188E+3,206.444542E+0,201.660000E+0,57.206467E-3,100.000000E+0,3.075372E+0,2.575762E+0,3.147976E+0,-20.140660E+0,3.845000E+0,100.000000E+0,0.000000E+0,40.000000E+0,3.000000E+0,1.000000E+0
39.823078E+3,207.940761E+0,202.220000E+0,210.160558E-3,100.000000E+0,2.999376E+0,3.787638E+0,3.137460E+0,-20.040000E+0,3.845000E+0,100.000000E+0,0.000000E+0,40.000000E+0,3.000000E+0,1.000000E+0
39.867963E+3,209.437080E+0,202.670000E+0,421.034756E-3,100.000000E+0,2.998004E+0,3.262874E+0,3.137408E+0,-20.020440E+0,3.845000E+0,100.000000E+0,0.000000E+0,40.000000E+0,3.000000E+0,1.000000E+0
39.912887E+3,210.933266E+0,203.040000E+0,590.359050E-3,100.000000E+0,3.035046E+0,2.814666E+0,3.131560E+0,-19.954440E+0,3.845000E+0,100.000000E+0,0.000000E+0,40.000000E+0,3.000000E+0,1.000000E+0
39.957741E+3,212.430718E+0,203.430000E+0,661.648278E-3,100.000000E+0,2.993276E+0,3.055902E+0,3.124426E+0,-19.857440E+0,3.845000E+0,100.000000E+0,0.000000E+0,40.000000E+0,3.000000E+0,1.000000E+0
40.002624E+3,213.925870E+0,203.820000E+0,632.620224E-3,100.000000E+0,2.951232E+0,3.816756E+0,3.120040E+0,-19.822340E+0,3.845000E+0,100.000000E+0,0.000000E+0,40.000000E+0,3.000000E+0,1.000000E+0
40.047524E+3,215.421956E+0,204.130000E+0,576.922364E-3,100.000000E+0,2.964254E+0,4.479576E+0,3.115920E+0,-19.755900E+0,3.845000E+0,100.000000E+0,0.000000E+0,40.000000E+0,3.000000E+0,1.000000E+0
40.092420E+3,216.918608E+0,204.460000E+0,525.756819E-3,100.000000E+0,2.974616E+0,2.475364E+0,3.112174E+0,-19.686260E+0,3.845000E+0,100.000000E+0,0.000000E+0,40.000000E+0,3.000000E+0,1.000000E+0
40.137296E+3,220.000000E+0,204.780000E+0,499.080362E-3,100.000000E+0,2.982528E+0,2.764436E+0,3.105788E+0,-19.621180E+0,3.845000E+0,100.000000E+0,0.000000E+0,40.000000E+0,3.000000E+0,1.000000E+0
40.182168E+3,220.000000E+0,205.040000E+0,472.319214E-3,100.000000E+0,2.968904E+0,4.723068E+0,3.101510E+0,-19.605440E+0,3.845000E+0,100.000000E+0,0.000000E+0,40.000000E+0,3.000000E+0,1.000000E+0
40.227045E+3,220.000000E+0,205.370000E+0,443.289217E-3,100.000000E+0,2.986414E+0,3.011682E+0,3.099876E+0,-19.575280E+0,3.845000E+0,100.000000E+0,0.000000E+0,40.000000E+0,3.000000E+0,1.000000E+0
40.271939E+3,220.000000E+0,205.620000E+0,416.606791E-3,100.000000E+0,2.946458E+0,3.713930E+0,3.094068E+0,-19.479360E+0,3.845000E+0,100.000000E+0,0.000000E+0,40.000000E+0,3.000000E+0,1.000000E+0
40.316808E+3,220.000000E+0,205.880000E+0,405.539275E-3,100.000000E+0,2.952628E+0,3.120126E+0,3.089798E+0,-19.431360E+0,3.845000E+0,100.000000E+0,0.000000E+0,40.000000E+0,3.000000E+0,1.000000E+0
40.361704E+3,220.000000E+0,206.140000E+0,389.945674E-3,100.000000E+0,2.952426E+0,2.705076E+0,3.086960E+0,-19.400860E+0,3.845000E+0,100.000000E+0,0.000000E+0,40.000000E+0,3.000000E+0,1.000000E+0
40.406585E+3,220.000000E+0,206.340000E+0,374.327471E-3,100.000000E+0,2.980026E+0,2.815410E+0,3.082674E+0,-19.335140E+0,3.845000E+0,100.000000E+0,0.000000E+0,40.000000E+0,3.000000E+0,1.000000E+0
40.451488E+3,220.000000E+0,206.670000E+0,358.709069E-3,100.000000E+0,2.908726E+0,3.311176E+0,3.078190E+0,-19.308320E+0,3.845000E+0,100.000000E+0,0.000000E+0,40.000000E+0,3.000000E+0,1.000000E+0
40.496381E+3,220.000000E+0,206.870000E+0,331.967568E-3,100.000000E+0,2.923958E+0,4.817306E+0,3.076876E+0,-19.309140E+0,3.845000E+0,100.000000E+0,0.000000E+0,40.000000E+0,3.000000E+0,1.000000E+0
40.541281E+3,220.000000E+0,207.130000E+0,336.396119E-3,100.000000E+0,2.902302E+0,2.499542E+0,3.070758E+0,-19.209380E+0,3.845000E+0,100.000000E+0,0.000000E+0,40.000000E+0,3.000000E+0,1.000000E+0
40.586164E+3,220.000000E+0,207.390000E+0,338.582096E-3,100.000000E+0,2.987746E+0,4.821020E+0,3.064028E+0,-19.140280E+0,3.845000E+0,100.000000E+0,0.000000E+0,40.000000E+0,3.000000E+0,1.000000E+0
40.631050E+3,220.000000E+0,207.590000E+0,338.563836E-3,100.000000E+0,2.893632E+0,2.183360E+0,3.062688E+0,-19.124220E+0,3.845000E+0,100.000000E+0,0.000000E+0,40.000000E+0,3.000000E+0,1.000000E+0
40.675928E+3,220.000000E+0,207.850000E+0,336.337561E-3,100.000000E+0,3.011666E+0,4.267030E+0,3.056462E+0,-19.060960E+0,3.845000E+0,100.000000E+0,0.000000E+0,40.000000E+0,3.000000E+0,1.000000E+0
40.720828E+3,220.000000E+0,208.050000E+0,320.777506E-3,100.000000E+0,2.951130E+0,3.138804E+0,3.051470E+0,-19.009840E+0,3.845000E+0,100.000000E+0,0.000000E+0,40.000000E+0,3.000000E+0,1.000000E+0
40.765729E+3,220.000000E+0,208.330000E+0,320.811751E-3,100.000000E+0,2.919924E+0,2.589906E+0,3.047396E+0,-18.956020E+0,3.845000E+0,100.000000E+0,0.000000E+0,40.000000E+0,3.000000E+0,1.000000E+0
40.810603E+3,220.000000E+0,208.590000E+0,307.451919E-3,100.000000E+0,2.962034E+0,3.345390E+0,3.040572E+0,-18.860100E+0,3.845000E+0,100.000000E+0,0.000000E+0,40.000000E+0,3.000000E+0,1.000000E+0
40.855507E+3,220.000000E+0,208.930000E+0,311.869683E-3,100.000000E+0,2.996274E+0,3.947674E+0,3.038376E+0,-18.834060E+0,3.845000E+0,100.000000E+0,0.000000E+0,40.000000E+0,3.000000E+0,1.000000E+0
40.900396E+3,220.000000E+0,209.250000E+0,329.678290E-3,100.000000E+0,2.926468E+0,4.053644E+0,3.029650E+0,-18.749380E+0,3.845000E+0,100.000000E+0,0.000000E+0,40.000000E+0,3.000000E+0,1.000000E+0
40.945290E+3,220.000000E+0,209.660000E+0,360.866285E-3,100.000000E+0,2.858250E+0,2.276216E+0,3.020378E+0,-18.614800E+0,3.845000E+0,100.000000E+0,0.000000E+0,40.000000E+0,3.000000E+0,1.000000E+0
40.990169E+3,220.000000E+0,210.000000E+0,400.967961E-3,100.000000E+0,2.942508E+0,4.577108E+0,3.013560E+0,-18.500920E+0,3.845000E+0,100.000000E+0,0.000000E+0,40.000000E+0,3.000000E+0,1.000000E+0
41.035060E+3,220.000000E+0,210.460000E+0,443.281448E-3,100.000000E+0,2.957034E+0,3.309852E+0,2.999286E+0,-18.321100E+0,3.845000E+0,100.000000E+0,0.000000E+0,40.000000E+0,3.000000E+0,1.000000E+0
41.079980E+3,220.000000E+0,210.950000E+0,476.708324E-3,100.000000E+0,2.831884E+0,3.480862E+0,2.985908E+0,-18.150480E+0,3.845000E+0,100.000000E+0,0.000000E+0,40.000000E+0,3.000000E+0,1.000000E+0
41.124839E+3,220.000000E+0,211.490000E+0,507.936765E-3,100.000000E+0,2.811384E+0,4.147050E+0,2.972400E+0,-17.994180E+0,3.845000E+0,100.000000E+0,0.000000E+0,40.000000E+0,3.000000E+0,1.000000E+0
41.169739E+3,220.000000E+0,212.110000E+0,556.877761E-3,100.000000E+0,2.829782E+0,2.972332E+0,2.957580E+0,-17.834400E+0,3.845000E+0,100.000000E+0,0.000000E+0,40.000000E+0,3.000000E+0,1.000000E+0
41.214626E+3,220.000000E+0,212.800000E+0,619.240026E-3,100.000000E+0,2.777476E+0,2.854674E+0,2.937684E+0,-17.636140E+0,3.845000E+0,100.000000E+0,0.000000E+0,40.000000E+0,3.000000E+0,1.000000E+0
41.259518E+3,220.000000E+0,213.560000E+0,699.476548E-3,100.000000E+0,2.789234E+0,3.894428E+0,2.916786E+0,-17.432960E+0,3.845000E+0,100.000000E+0,0.000000E+0,40.000000E+0,3.000000E+0,1.000000E+0
41.304415E+3,220.000000E+0,214.320000E+0,779.722761E-3,100.000000E+0,2.772706E+0,1.947858E+0,2.894710E+0,-17.234320E+0,3.845000E+0,100.000000E+0,0.000000E+0,40.000000E+0,3.000000E+0,1.000000E+0
41.349304E+3,220.000000E+0,215.290000E+0,873.285703E-3,100.000000E+0,2.803280E+0,2.462520E+0,2.867780E+0,-16.999060E+0,3.845000E+0,100.000000E+0,0.000000E+0,40.000000E+0,3.000000E+0,1.000000E+0
41.394197E+3,220.000000E+0,216.430000E+0,953.387215E-3,100.000000E+0,2.814142E+0,1.646518E+0,2.841864E+0,-16.771180E+0,3.845000E+0,100.000000E+0,0.000000E+0,40.000000E+0,3.000000E+0,1.000000E+0
41.439088E+3,220.000000E+0,217.640000E+0,1.046946E+0,100.000000E+0,2.797006E+0,3.939190E+0,2.812214E+0,-16.550220E+0,3.845000E+0,100.000000E+0,0.000000E+0,40.000000E+0,3.000000E+0,1.000000E+0
41.483977E+3,220.000000E+0,218.930000E+0,1.193963E+0,100.000000E+0,2.690476E+0,4.149384E+0,2.779216E+0,-16.350620E+0,2.650000E+0,100.000000E+0,0.000000E+0,40.000000E+0,3.000000E+0,1.000000E+0
41.528874E+3,220.000000E+0,220.380000E+0,1.378870E+0,67.000000E+0,2.708952E+0,2.581834E+0,2.746134E+0,-15.995060E+0,2.650000E+0,100.000000E+0,0.000000E+0,40.000000E+0,3.000000E+0,1.000000E+0
41.573768E+3,220.000000E+0,221.770000E+0,1.550426E+0,58.000000E+0,2.681232E+0,3.520060E+0,2.723706E+0,-15.849260E+0,2.650000E+0,100.000000E+0,0.000000E+0,40.000000E+0,3.000000E+0,1.000000E+0
41.618651E+3,220.000000E+0,221.850000E+0,1.690733E+0,66.000000E+0,2.638736E+0,4.889590E+0,2.712612E+0,-15.780080E+0,2.650000E+0,100.000000E+0,0.000000E+0,40.000000E+0,3.000000E+0,1.000000E+0
41.663548E+3,220.000000E+0,221.190000E+0,1.799834E+0,72.000000E+0,2.581158E+0,4.220986E+0,2.704044E+0,-15.738640E+0,2.650000E+0,100.000000E+0,0.000000E+0,40.000000E+0,3.000000E+0,1.000000E+0
41.708438E+3,220.000000E+0,220.830000E+0,1.570396E+0,65.000000E+0,2.622372E+0,2.959816E+0,2.691990E+0,-15.686440E+0,2.650000E+0,100.000000E+0,0.000000E+0,40.000000E+0,3.000000E+0,1.000000E+0
41.753317E+3,220.000000E+0,220.970000E+0,830.852210E-3,57.000000E+0,2.640418E+0,2.546370E+0,2.681316E+0,-15.635160E+0,2.650000E+0,100.000000E+0,0.000000E+0,40.000000E+0,3.000000E+0,1.000000E+0
41.798215E+3,220.000000E+0,221.190000E+0,-28.933508E-3,55.000000E+0,2.591500E+0,3.660374E+0,2.671764E+0,-15.613080E+0,2.650000E+0,100.000000E+0,0.000000E+0,40.000000E+0,3.000000E+0,1.000000E+0
41.843101E+3,220.000000E+0,221.040000E+0,-405.425720E-3,56.000000E+0,2.564560E+0,3.666154E+0,2.664630E+0,-15.591880E+0,2.650000E+0,100.000000E+0,0.000000E+0,40.000000E+0,3.000000E+0,1.000000E+0
41.887994E+3,220.000000E+0,220.890000E+0,-196.022598E-3,54.000000E+0,2.615784E+0,3.390952E+0,2.658322E+0,-15.554260E+0,2.650000E+0,100.000000E+0,0.000000E+0,40.000000E+0,3.000000E+0,1.000000E+0
41.932873E+3,220.000000E+0,220.890000E+0,46.776929E-3,51.000000E+0,2.600636E+0,2.765620E+0,2.649920E+0,-15.527320E+0,2.650000E+0,100.000000E+0,0.000000E+0,40.000000E+0,3.000000E+0,1.000000E+0
41.977766E+3,220.000000E+0,220.890000E+0,28.960876E-3,49.000000E+0,2.570588E+0,3.056936E+0,2.643730E+0,-15.499660E+0,2.650000E+0,100.000000E+0,0.000000E+0,40.000000E+0,3.000000E+0,1.000000E+0
42.022671E+3,220.000000E+0,220.890000E+0,-84.655660E-3,48.000000E+0,2.573658E+0,3.505980E+0,2.638678E+0,-15.459400E+0,2.650000E+0,100.000000E+0,0.000000E+0,40.000000E+0,3.000000E+0,1.000000E+0
42.067554E+3,220.000000E+0,220.830000E+0,-100.248615E-3,46.000000E+0,2.576812E+0,2.931972E+0,2.633016E+0,-15.436300E+0,2.650000E+0,100.000000E+0,0.000000E+0,40.000000E+0,3.000000E+0,1.000000E+0
42.112469E+3,220.000000E+0,220.830000E+0,-33.417942E-3,45.000000E+0,2.559772E+0,3.149602E+0,2.628270E+0,-15.376760E+0,2.650000E+0,100.000000E+0,0.000000E+0,40.000000E+0,3.000000E+0,1.000000E+0
42.157342E+3,220.000000E+0,220.830000E+0,-13.364795E-3,43.000000E+0,2.580610E+0,3.264702E+0,2.624188E+0,-15.325580E+0,2.650000E+0,100.000000E+0,0.000000E+0,40.000000E+0,3.000000E+0,1.000000E+0
42.202255E+3,220.000000E+0,220.830000E+0,-26.728101E-3,41.000000E+0,2.563994E+0,3.387566E+0,2.619092E+0,-15.293440E+0,2.650000E+0,100.000000E+0,0.000000E+0,40.000000E+0,3.000000E+0,1.000000E+0
42.247150E+3,220.000000E+0,220.830000E+0,-26.728101E-3,39.000000E+0,2.540252E+0,3.142860E+0,2.615052E+0,-15.263040E+0,2.650000E+0,100.000000E+0,0.000000E+0,40.000000E+0,3.000000E+0,1.000000E+0
42.292038E+3,220.000000E+0,220.750000E+0,-13.363306E-3,38.000000E+0,2.542154E+0,3.733814E+0,2.611818E+0,-15.220380E+0,2.650000E+0,100.000000E+0,0.000000E+0,40.000000E+0,3.000000E+0,1.000000E+0
42.336942E+3,220.000000E+0,220.750000E+0,0.000000E+0,37.000000E+0,2.572110E+0,2.975876E+0,2.608120E+0,-15.214580E+0,2.650000E+0,100.000000E+0,0.000000E+0,40.000000E+0,3.000000E+0,1.000000E+0
42.381841E+3,220.000000E+0,220.750000E+0,-17.820719E-3,37.000000E+0,2.543358E+0,3.253316E+0,2.605056E+0,-15.202940E+0,2.650000E+0,100.000000E+0,0.000000E+0,40.000000E+0,3.000000E+0,1.000000E+0
42.426730E+3,220.000000E+0,220.750000E+0,-35.639850E-3,36.000000E+0,2.552994E+0,3.166756E+0,2.601872E+0,-15.184280E+0,2.650000E+0,100.000000E+0,0.000000E+0,40.000000E+0,3.000000E+0,1.000000E+0
42.471637E+3,220.000000E+0,220.750000E+0,-35.639850E-3,34.000000E+0,2.538702E+0,3.283508E+0,2.599200E+0,-15.165920E+0,2.650000E+0,100.000000E+0,0.000000E+0,40.000000E+0,3.000000E+0,1.000000E+0
42.516559E+3,220.000000E+0,220.750000E+0,-17.819131E-3,34.000000E+0,2.531102E+0,3.018512E+0,2.596670E+0,-15.137900E+0,2.650000E+0,100.000000E+0,0.000000E+0,40.000000E+0,3.000000E+0,1.000000E+0
42.561406E+3,220.000000E+0,220.750000E+0,0.000000E+0,32.000000E+0,2.539368E+0,3.343914E+0,2.594604E+0,-15.124800E+0,2.650000E+0,100.000000E+0,0.000000E+0,40.000000E+0,3.000000E+0,1.000000E+0
42.606314E+3,220.000000E+0,220.750000E+0,0.000000E+0,32.000000E+0,2.546008E+0,3.126034E+0,2.591766E+0,-15.113860E+0,2.650000E+0,100.000000E+0,0.000000E+0,40.000000E+0,3.000000E+0,1.000000E+0
42.651197E+3,220.000000E+0,220.750000E+0,0.000000E+0,31.000000E+0,2.531720E+0,3.098856E+0,2.589446E+0,-15.096700E+0,2.650000E+0,100.000000E+0,0.000000E+0,40.000000E+0,3.000000E+0,1.000000E+0
42.696111E+3,220.000000E+0,220.680000E+0,0.000000E+0,31.000000E+0,2.532530E+0,3.079978E+0,2.587672E+0,-15.084540E+0,2.650000E+0,100.000000E+0,0.000000E+0,40.000000E+0,3.000000E+0,1.000000E+0
42.741011E+3,220.000000E+0,220.750000E+0,0.000000E+0,31.000000E+0,2.516408E+0,3.235900E+0,2.585486E+0,-15.089180E+0,2.650000E+0,100.000000E+0,0.000000E+0,40.000000E+0,3.000000E+0,1.000000E+0
42.785869E+3,220.000000E+0,220.680000E+0,-15.590698E-3,29.000000E+0,2.501360E+0,3.455142E+0,2.583960E+0,-15.071640E+0,2.650000E+0,100.000000E+0,0.000000E+0,40.000000E+0,3.000000E+0,1.000000E+0
42.830779E+3,220.000000E+0,220.680000E+0,-15.590698E-3,28.000000E+0,2.510574E+0,2.908992E+0,2.583038E+0,-15.055800E+0,2.650000E+0,100.000000E+0,0.000000E+0,40.000000E+0,3.000000E+0,1.000000E+0
42.875654E+3,220.000000E+0,220.680000E+0,-15.590698E-3,29.000000E+0,2.513174E+0,3.572854E+0,2.581044E+0,-15.068780E+0,2.650000E+0,100.000000E+0,0.000000E+0,40.000000E+0,3.000000E+0,1.000000E+0
42.920534E+3,220.000000E+0,220.680000E+0,-15.595735E-3,28.000000E+0,2.535122E+0,3.399704E+0,2.579544E+0,-15.037600E+0,2.650000E+0,100.000000E+0,0.000000E+0,40.000000E+0,3.000000E+0,1.000000E+0
42.965419E+3,220.000000E+0,220.680000E+0,-15.595735E-3,27.000000E+0,2.510492E+0,2.961486E+0,2.578392E+0,-15.029460E+0,2.650000E+0,100.000000E+0,0.000000E+0,40.000000E+0,3.000000E+0,1.000000E+0
43.010320E+3,220.000000E+0,220.680000E+0,-15.595735E-3,26.000000E+0,2.510756E+0,3.205888E+0,2.576838E+0,-15.013200E+0,2.650000E+0,100.000000E+0,0.000000E+0,40.000000E+0,3.000000E+0,1.000000E+0
43.055225E+3,220.000000E+0,220.680000E+0,0.000000E+0,26.000000E+0,2.487990E+0,3.434300E+0,2.575776E+0,-15.021380E+0,2.650000E+0,100.000000E+0,0.000000E+0,40.000000E+0,3.000000E+0,1.000000E+0
43.100107E+3,220.000000E+0,220.680000E+0,0.000000E+0,25.000000E+0,2.514304E+0,3.245732E+0,2.574544E+0,-15.015240E+0,2.650000E+0,100.000000E+0,0.000000E+0,40.000000E+0,3.000000E+0,1.000000E+0
43.145005E+3,220.000000E+0,220.680000E+0,0.000000E+0,26.000000E+0,2.490948E+0,3.380552E+0,2.573194E+0,-15.015660E+0,2.650000E+0,100.000000E+0,0.000000E+0,40.000000E+0,2.000000E+0,1.000000E+0
43.189936E+3,220.000000E+0,220.680000E+0,0.000000E+0,25.000000E+0,2.528988E+0,3.222110E+0,2.572504E+0,-14.995480E+0,2.650000E+0,100.000000E+0,0.000000E+0,40.000000E+0,2.000000E+0,1.000000E+0
43.234796E+3,220.000000E+0,220.680000E+0,0.000000E+0,25.000000E+0,2.507136E+0,4.427834E+0,2.571482E+0,-15.006480E+0,2.650000E+0,100.000000E+0,0.000000E+0,40.000000E+0,2.000000E+0,1.000000E+0
43.279696E+3,220.000000E+0,220.600000E+0,0.000000E+0,25.000000E+0,2.514420E+0,4.870940E+0,2.570628E+0,-14.983740E+0,2.650000E+0,100.000000E+0,0.000000E+0,40.000000E+0,2.000000E+0,1.000000E+0
43.324584E+3,220.000000E+0,220.680000E+0,0.000000E+0,24.000000E+0,2.530790E+0,4.014728E+0,2.570498E+0,-14.977140E+0,2.650000E+0,100.000000E+0,0.000000E+0,40.000000E+0,2.000000E+0,1.000000E+0
43.369981E+3,220.000000E+0,220.680000E+0,-17.825285E-3,24.000000E+0,2.517492E+0,1.868264E+0,2.569230E+0,-14.967660E+0,2.650000E+0,100.000000E+0,0.000000E+0,40.000000E+0,5.000000E+0,1.000000E+0
43.414830E+3,220.000000E+0,220.680000E+0,-17.825285E-3,23.000000E+0,2.474954E+0,3.047512E+0,2.568528E+0,-14.968540E+0,2.650000E+0,100.000000E+0,0.000000E+0,40.000000E+0,5.000000E+0,1.000000E+0
43.459722E+3,220.000000E+0,220.680000E+0,-103.462087E-6,22.000000E+0,2.550822E+0,2.816894E+0,2.568064E+0,-14.976160E+0,2.650000E+0,100.000000E+0,0.000000E+0,40.000000E+0,5.000000E+0,1.000000E+0
43.504660E+3,220.000000E+0,220.680000E+0,17.721823E-3,22.000000E+0,2.558002E+0,2.122232E+0,2.567860E+0,-14.972620E+0,2.650000E+0,100.000000E+0,0.000000E+0,40.000000E+0,5.000000E+0,1.000000E+0
43.549518E+3,220.000000E+0,220.600000E+0,17.721823E-3,22.000000E+0,2.494976E+0,2.075982E+0,2.567992E+0,-14.966100E+0,2.650000E+0,100.000000E+0,0.000000E+0,40.000000E+0,5.000000E+0,1.000000E+0
43.594392E+3,220.000000E+0,220.530000E+0,0.000000E+0,22.000000E+0,2.460196E+0,2.108736E+0,2.567570E+0,-14.970340E+0,2.650000E+0,100.000000E+0,0.000000E+0,40.000000E+0,5.000000E+0,1.000000E+0
43.639783E+3,220.000000E+0,220.530000E+0,-17.818139E-3,22.000000E+0,2.535586E+0,1.712848E+0,2.567188E+0,-14.962200E+0,2.650000E+0,100.000000E+0,0.000000E+0,40.000000E+0,5.000000E+0,1.000000E+0
43.684632E+3,220.000000E+0,220.530000E+0,-51.250978E-3,22.000000E+0,2.470800E+0,2.402304E+0,2.566076E+0,-14.970720E+0,2.650000E+0,100.000000E+0,0.000000E+0,40.000000E+0,5.000000E+0,1.000000E+0
48.336873E+3,222.024952E+0,220.530000E+0,-66.760838E-3,20.000000E+0,2.461918E+0,2.790362E+0,2.559998E+0,-14.925660E+0,2.650000E+0,100.000000E+0,0.000000E+0,40.000000E+0,5.000000E+0,1.000000E+0
48.381741E+3,222.024952E+0,220.600000E+0,-48.942699E-3,57.000000E+0,2.552394E+0,4.557880E+0,2.556626E+0,-14.904640E+0,2.650000E+0,100.000000E+0,0.000000E+0,40.000000E+0,5.000000E+0,1.000000E+0
48.426656E+3,223.520571E+0,221.190000E+0,-15.509860E-3,28.000000E+0,2.524920E+0,2.736920E+0,2.543024E+0,-14.841280E+0,2.650000E+0,100.000000E+0,0.000000E+0,40.000000E+0,5.000000E+0,1.000000E+0
48.471612E+3,225.017723E+0,222.880000E+0,-346.436027E-6,34.000000E+0,2.418774E+0,3.539662E+0,2.531142E+0,-14.779700E+0,2.650000E+0,100.000000E+0,0.000000E+0,40.000000E+0,5.000000E+0,1.000000E+0
48.516502E+3,226.516276E+0,224.150000E+0,146.674493E-3,43.000000E+0,2.523078E+0,4.170578E+0,2.520138E+0,-14.722480E+0,2.650000E+0,100.000000E+0,0.000000E+0,40.000000E+0,5.000000E+0,1.000000E+0
48.561381E+3,228.012595E+0,225.360000E+0,654.067634E-3,48.000000E+0,2.404338E+0,3.547120E+0,2.505614E+0,-14.656340E+0,2.650000E+0,100.000000E+0,0.000000E+0,40.000000E+0,5.000000E+0,1.000000E+0
48.606284E+3,229.508580E+0,227.030000E+0,1.313318E+0,45.000000E+0,2.383800E+0,3.706776E+0,2.489470E+0,-14.589080E+0,2.650000E+0,100.000000E+0,0.000000E+0,40.000000E+0,5.000000E+0,1.000000E+0
48.651158E+3,231.005332E+0,228.720000E+0,1.718826E+0,43.000000E+0,2.469422E+0,4.019454E+0,2.474088E+0,-14.546580E+0,2.650000E+0,100.000000E+0,0.000000E+0,40.000000E+0,5.000000E+0,1.000000E+0
48.696037E+3,232.501118E+0,230.500000E+0,1.852986E+0,41.000000E+0,2.365106E+0,1.778708E+0,2.460328E+0,-14.473960E+0,2.650000E+0,100.000000E+0,0.000000E+0,40.000000E+0,5.000000E+0,1.000000E+0
48.740928E+3,233.997104E+0,232.080000E+0,1.942610E+0,47.000000E+0,2.400000E+0,2.760156E+0,2.448884E+0,-14.403940E+0,2.650000E+0,100.000000E+0,0.000000E+0,40.000000E+0,5.000000E+0,1.000000E+0
48.785817E+3,235.493456E+0,233.350000E+0,2.163314E+0,51.000000E+0,2.372660E+0,2.927418E+0,2.437540E+0,-14.347040E+0,2.650000E+0,100.000000E+0,0.000000E+0,40.000000E+0,5.000000E+0,1.000000E+0
48.830697E+3,240.000000E+0,234.720000E+0,2.270339E+0,52.000000E+0,2.329712E+0,4.342106E+0,2.425228E+0,-14.297660E+0,2.650000E+0,100.000000E+0,0.000000E+0,40.000000E+0,5.000000E+0,1.000000E+0
48.875579E+3,240.000000E+0,236.330000E+0,2.156695E+0,100.000000E+0,2.360136E+0,2.380744E+0,2.410062E+0,-14.229740E+0,2.650000E+0,100.000000E+0,0.000000E+0,40.000000E+0,5.000000E+0,1.000000E+0
48.920466E+3,240.000000E+0,238.460000E+0,1.971638E+0,52.000000E+0,2.297774E+0,4.807692E+0,2.385848E+0,-14.135600E+0,2.650000E+0,100.000000E+0,0.000000E+0,40.000000E+0,5.000000E+0,1.000000E+0
48.965358E+3,240.000000E+0,241.960000E+0,1.887037E+0,13.000000E+0,2.377452E+0,4.215202E+0,2.365160E+0,-14.016920E+0,2.650000E+0,100.000000E+0,0.000000E+0,40.000000E+0,5.000000E+0,1.000000E+0
49.010251E+3,240.000000E+0,243.650000E+0,2.085401E+0,10.000000E+0,2.344398E+0,3.449624E+0,2.366724E+0,-14.008360E+0,2.650000E+0,100.000000E+0,0.000000E+0,40.000000E+0,5.000000E+0,1.000000E+0
49.055128E+3,240.000000E+0,242.890000E+0,2.751429E+0,21.000000E+0,2.302638E+0,4.536570E+0,2.378240E+0,-14.043680E+0,2.650000E+0,100.000000E+0,0.000000E+0,40.000000E+0,5.000000E+0,1.000000E+0
49.100031E+3,240.000000E+0,241.200000E+0,3.243545E+0,41.000000E+0,2.299648E+0,1.909368E+0,2.389126E+0,-14.074120E+0,2.650000E+0,100.000000E+0,0.000000E+0,40.000000E+0,5.000000E+0,1.000000E+0
49.144918E+3,240.000000E+0,239.860000E+0,2.617492E+0,55.000000E+0,2.325386E+0,4.907142E+0,2.393770E+0,-14.092120E+0,2.650000E+0,100.000000E+0,0.000000E+0,40.000000E+0,5.000000E+0,1.000000E+0
49.189820E+3,240.000000E+0,239.450000E+0,817.511477E-3,51.000000E+0,2.311930E+0,1.676884E+0,2.391092E+0,-14.069440E+0,2.650000E+0,100.000000E+0,0.000000E+0,40.000000E+0,5.000000E+0,1.000000E+0
49.234700E+3,240.000000E+0,240.020000E+0,-1.013489E+0,41.000000E+0,2.325000E+0,1.212102E+0,2.385096E+0,-14.058700E+0,2.650000E+0,100.000000E+0,0.000000E+0,40.000000E+0,5.000000E+0,1.000000E+0
49.279684E+3,240.000000E+0,240.690000E+0,-1.610487E+0,35.000000E+0,2.401438E+0,2.518546E+0,2.382410E+0,-14.041520E+0,2.650000E+0,100.000000E+0,0.000000E+0,40.000000E+0,5.000000E+0,1.000000E+0
49.324597E+3,240.000000E+0,240.940000E+0,-1.029067E+0,36.000000E+0,2.344972E+0,4.308314E+0,2.382084E+0,-14.049460E+0,2.650000E+0,100.000000E+0,0.000000E+0,40.000000E+0,5.000000E+0,1.000000E+0
49.369973E+3,240.000000E+0,240.780000E+0,-78.188187E-3,38.000000E+0,2.320376E+0,3.912344E+0,2.383314E+0,-14.056440E+0,2.650000E+0,100.000000E+0,0.000000E+0,40.000000E+0,5.000000E+0,1.000000E+0
49.414826E+3,240.000000E+0,240.530000E+0,516.292350E-3,39.000000E+0,2.384662E+0,3.208072E+0,2.384032E+0,-14.046260E+0,2.650000E+0,100.000000E+0,0.000000E+0,40.000000E+0,5.000000E+0,1.000000E+0
49.459723E+3,240.000000E+0,240.440000E+0,500.586683E-3,40.000000E+0,2.381260E+0,3.807178E+0,2.384160E+0,-14.054000E+0,2.650000E+0,100.000000E+0,0.000000E+0,40.000000E+0,5.000000E+0,1.000000E+0
49.505131E+3,240.000000E+0,240.530000E+0,133.734822E-3,39.000000E+0,2.300802E+0,3.147586E+0,2.383632E+0,-14.055100E+0,2.650000E+0,100.000000E+0,0.000000E+0,40.000000E+0,5.000000E+0,1.000000E+0
49.549974E+3,240.000000E+0,240.620000E+0,-146.709446E-3,38.000000E+0,2.397654E+0,2.404896E+0,2.382422E+0,-14.039280E+0,2.650000E+0,100.000000E+0,0.000000E+0,40.000000E+0,5.000000E+0,1.000000E+0
54.205839E+3,242.024752E+0,240.530000E+0,-166.645614E-3,37.000000E+0,2.336456E+0,2.787946E+0,2.380748E+0,-14.046000E+0,2.650000E+0,100.000000E+0,0.000000E+0,40.000000E+0,5.000000E+0,1.000000E+0
54.250671E+3,242.024752E+0,240.530000E+0,-35.877221E-3,75.000000E+0,2.348992E+0,4.085504E+0,2.377606E+0,-14.039220E+0,2.650000E+0,100.000000E+0,0.000000E+0,40.000000E+0,5.000000E+0,1.000000E+0
54.295561E+3,243.519138E+0,241.200000E+0,39.888683E-3,41.000000E+0,2.332636E+0,3.423950E+0,2.364912E+0,-13.989220E+0,2.650000E+0,100.000000E+0,0.000000E+0,40.000000E+0,5.000000E+0,1.000000E+0
54.340449E+3,245.015490E+0,243.050000E+0,41.429423E-3,52.000000E+0,2.360424E+0,2.148536E+0,2.354438E+0,-13.950500E+0,2.650000E+0,100.000000E+0,0.000000E+0,40.000000E+0,5.000000E+0,1.000000E+0
54.385341E+3,246.511742E+0,244.150000E+0,150.890736E-3,67.000000E+0,2.283708E+0,2.979944E+0,2.344856E+0,-13.915400E+0,2.650000E+0,100.000000E+0,0.000000E+0,40.000000E+0,5.000000E+0,1.000000E+0
54.430242E+3,248.008128E+0,245.360000E+0,712.274642E-3,63.000000E+0,2.309772E+0,2.926704E+0,2.331182E+0,-13.900800E+0,2.650000E+0,100.000000E+0,0.000000E+0,40.000000E+0,5.000000E+0,1.000000E+0
54.475139E+3,249.504847E+0,247.170000E+0,1.367902E+0,58.000000E+0,2.293560E+0,3.399588E+0,2.316786E+0,-13.835480E+0,2.650000E+0,100.000000E+0,0.000000E+0,40.000000E+0,5.000000E+0,1.000000E+0
54.520103E+3,251.001399E+0,249.000000E+0,1.733068E+0,52.000000E+0,2.245468E+0,3.020044E+0,2.303566E+0,-13.779220E+0,2.650000E+0,100.000000E+0,0.000000E+0,40.000000E+0,5.000000E+0,1.000000E+0
54.564993E+3,252.500218E+0,250.770000E+0,1.844304E+0,62.000000E+0,2.270294E+0,4.773116E+0,2.294036E+0,-13.742540E+0,2.650000E+0,100.000000E+0,0.000000E+0,40.000000E+0,5.000000E+0,1.000000E+0
54.609880E+3,253.996537E+0,251.940000E+0,1.997275E+0,69.000000E+0,2.196684E+0,5.033644E+0,2.283602E+0,-13.714300E+0,2.650000E+0,100.000000E+0,0.000000E+0,40.000000E+0,5.000000E+0,1.000000E+0
54.654803E+3,255.492789E+0,253.190000E+0,2.284057E+0,66.000000E+0,2.171118E+0,2.970762E+0,2.272288E+0,-13.687400E+0,2.650000E+0,100.000000E+0,0.000000E+0,40.000000E+0,5.000000E+0,1.000000E+0
54.699647E+3,260.000000E+0,254.910000E+0,2.266393E+0,67.000000E+0,2.197870E+0,2.975822E+0,2.259644E+0,-13.617220E+0,2.650000E+0,100.000000E+0,0.000000E+0,40.000000E+0,5.000000E+0,1.000000E+0
54.744529E+3,260.000000E+0,256.470000E+0,1.995168E+0,100.000000E+0,2.169446E+0,4.154768E+0,2.247966E+0,-13.589620E+0,2.650000E+0,100.000000E+0,0.000000E+0,40.000000E+0,5.000000E+0,1.000000E+0
54.789425E+3,260.000000E+0,258.220000E+0,1.855589E+0,91.000000E+0,2.144488E+0,3.742822E+0,2.230374E+0,-13.557840E+0,2.650000E+0,100.000000E+0,0.000000E+0,40.000000E+0,5.000000E+0,1.000000E+0
54.834300E+3,260.000000E+0,261.110000E+0,1.931748E+0,42.000000E+0,2.170450E+0,4.542616E+0,2.211936E+0,-13.580560E+0,2.650000E+0,100.000000E+0,0.000000E+0,40.000000E+0,5.000000E+0,1.000000E+0
54.879217E+3,260.000000E+0,263.110000E+0,2.130206E+0,31.000000E+0,2.204222E+0,3.838898E+0,2.207112E+0,-13.579300E+0,2.650000E+0,100.000000E+0,0.000000E+0,40.000000E+0,5.000000E+0,1.000000E+0
54.924089E+3,260.000000E+0,262.930000E+0,2.502227E+0,41.000000E+0,2.183694E+0,3.277236E+0,2.213884E+0,-13.589000E+0,2.650000E+0,100.000000E+0,0.000000E+0,40.000000E+0,5.000000E+0,1.000000E+0
54.968983E+3,260.000000E+0,261.590000E+0,2.860295E+0,55.000000E+0,2.176154E+0,5.112042E+0,2.223140E+0,-13.609280E+0,2.650000E+0,100.000000E+0,0.000000E+0,40.000000E+0,5.000000E+0,1.000000E+0
55.013874E+3,260.000000E+0,260.560000E+0,2.528316E+0,66.000000E+0,2.190068E+0,3.197924E+0,2.226744E+0,-13.600860E+0,2.650000E+0,100.000000E+0,0.000000E+0,40.000000E+0,5.000000E+0,1.000000E+0
55.058767E+3,260.000000E+0,260.090000E+0,1.155919E+0,65.000000E+0,2.164512E+0,2.316746E+0,2.226344E+0,-13.604560E+0,2.650000E+0,100.000000E+0,0.000000E+0,40.000000E+0,5.000000E+0,1.000000E+0
55.103657E+3,260.000000E+0,260.370000E+0,-461.190555E-3,58.000000E+0,2.194870E+0,2.837304E+0,2.223558E+0,-13.597940E+0,2.650000E+0,100.000000E+0,0.000000E+0,40.000000E+0,5.000000E+0,1.000000E+0
55.148548E+3,260.000000E+0,260.840000E+0,-1.200720E+0,54.000000E+0,2.193508E+0,3.910734E+0,2.221016E+0,-13.607940E+0,2.650000E+0,100.000000E+0,0.000000E+0,40.000000E+0,5.000000E+0,1.000000E+0
55.193477E+3,260.000000E+0,261.030000E+0,-904.386467E-3,54.000000E+0,2.232622E+0,2.207172E+0,2.221058E+0,-13.593400E+0,2.650000E+0,100.000000E+0,0.000000E+0,40.000000E+0,5.000000E+0,1.000000E+0
55.238328E+3,260.000000E+0,260.930000E+0,-209.386475E-3,56.000000E+0,2.188840E+0,4.206884E+0,2.221624E+0,-13.590860E+0,2.650000E+0,100.000000E+0,0.000000E+0,40.000000E+0,5.000000E+0,1.000000E+0
55.283245E+3,260.000000E+0,260.840000E+0,271.708644E-3,58.000000E+0,2.229370E+0,2.459328E+0,2.222398E+0,-13.597760E+0,2.650000E+0,100.000000E+0,0.000000E+0,40.000000E+0,5.000000E+0,1.000000E+0
55.328113E+3,260.000000E+0,260.740000E+0,334.082301E-3,57.000000E+0,2.172242E+0,3.148146E+0,2.221984E+0,-13.606480E+0,2.650000E+0,100.000000E+0,0.000000E+0,40.000000E+0,5.000000E+0,1.000000E+0
55.373013E+3,260.000000E+0,260.740000E+0,124.678062E-3,56.000000E+0,2.182610E+0,1.619464E+0,2.221844E+0,-13.601660E+0,2.650000E+0,100.000000E+0,0.000000E+0,40.000000E+0,5.000000E+0,1.000000E+0
55.418407E+3,260.000000E+0,260.740000E+0,-64.605565E-3,55.000000E+0,2.216562E+0,3.107074E+0,2.221798E+0,-13.597900E+0,2.650000E+0,100.000000E+0,0.000000E+0,40.000000E+0,5.000000E+0,1.000000E+0
55.463264E+3,260.000000E+0,260.740000E+0,-106.934165E-3,55.000000E+0,2.213118E+0,3.861064E+0,2.221162E+0,-13.603920E+0,2.650000E+0,100.000000E+0,0.000000E+0,40.000000E+0,5.000000E+0,1.000000E+0
60.116046E+3,262.135252E+0,260.640000E+0,-64.602885E-3,55.000000E+0,2.225452E+0,3.436882E+0,2.219328E+0,-13.580960E+0,2.650000E+0,100.000000E+0,0.000000E+0,40.000000E+0,5.000000E+0,1.000000E+0
60.160938E+3,262.135252E+0,260.640000E+0,-22.279621E-3,94.000000E+0,2.128650E+0,2.510100E+0,2.215692E+0,-13.580580E+0,2.650000E+0,100.000000E+0,0.000000E+0,40.000000E+0,5.000000E+0,1.000000E+0
60.205834E+3,263.631638E+0,261.410000E+0,1.649393E-3,63.000000E+0,2.181272E+0,3.231106E+0,2.204482E+0,-13.563540E+0,2.650000E+0,100.000000E+0,0.000000E+0,40.000000E+0,5.000000E+0,1.000000E+0
60.250732E+3,265.128190E+0,263.110000E+0,3.298832E-3,70.000000E+0,2.151844E+0,3.648894E+0,2.194468E+0,-13.559340E+0,2.650000E+0,100.000000E+0,0.000000E+0,40.000000E+0,5.000000E+0,1.000000E+0
60.295629E+3,266.624776E+0,264.360000E+0,174.813698E-3,81.000000E+0,2.129082E+0,3.724868E+0,2.184862E+0,-13.554720E+0,2.650000E+0,100.000000E+0,0.000000E+0,40.000000E+0,5.000000E+0,1.000000E+0
60.340526E+3,268.121328E+0,265.720000E+0,723.311591E-3,78.000000E+0,2.151292E+0,2.846818E+0,2.174384E+0,-13.526400E+0,2.650000E+0,100.000000E+0,0.000000E+0,40.000000E+0,5.000000E+0,1.000000E+0
60.385415E+3,269.617914E+0,267.470000E+0,1.378721E+0,76.000000E+0,2.137144E+0,3.402488E+0,2.161988E+0,-13.502220E+0,2.650000E+0,100.000000E+0,0.000000E+0,40.000000E+0,5.000000E+0,1.000000E+0
60.430312E+3,271.114199E+0,269.130000E+0,1.788536E+0,80.000000E+0,2.104378E+0,1.915664E+0,2.150262E+0,-13.477740E+0,2.650000E+0,100.000000E+0,0.000000E+0,40.000000E+0,5.000000E+0,1.000000E+0
60.475199E+3,272.610785E+0,270.620000E+0,1.931146E+0,86.000000E+0,2.085198E+0,3.088102E+0,2.138804E+0,-13.473860E+0,2.650000E+0,100.000000E+0,0.000000E+0,40.000000E+0,5.000000E+0,1.000000E+0
60.520120E+3,274.107004E+0,271.830000E+0,2.033670E+0,89.000000E+0,2.136000E+0,2.341830E+0,2.128448E+0,-13.471300E+0,2.650000E+0,100.000000E+0,0.000000E+0,40.000000E+0,5.000000E+0,1.000000E+0
60.564970E+3,275.604389E+0,273.340000E+0,2.154023E+0,95.000000E+0,2.058954E+0,3.921102E+0,2.116790E+0,-13.459640E+0,2.650000E+0,100.000000E+0,0.000000E+0,40.000000E+0,5.000000E+0,1.000000E+0
60.609869E+3,280.000000E+0,274.870000E+0,2.062548E+0,96.000000E+0,2.093462E+0,3.637932E+0,2.103510E+0,-13.449800E+0,2.921000E+0,100.000000E+0,0.000000E+0,40.000000E+0,5.000000E+0,1.000000E+0
60.654744E+3,280.000000E+0,276.500000E+0,1.908950E+0,100.000000E+0,2.073612E+0,3.895076E+0,2.090988E+0,-13.434640E+0,3.325250E+0,100.000000E+0,0.000000E+0,40.000000E+0,5.000000E+0,1.000000E+0
60.699625E+3,280.000000E+0,278.160000E+0,1.884719E+0,100.000000E+0,2.054172E+0,2.498916E+0,2.079894E+0,-13.426420E+0,2.650000E+0,100.000000E+0,0.000000E+0,40.000000E+0,5.000000E+0,1.000000E+0
60.744531E+3,280.000000E+0,279.940000E+0,1.987426E+0,86.000000E+0,2.022550E+0,2.695892E+0,2.068482E+0,-13.399340E+0,2.650000E+0,100.000000E+0,0.000000E+0,40.000000E+0,5.000000E+0,1.000000E+0
60.789403E+3,280.000000E+0,281.520000E+0,2.114538E+0,61.000000E+0,2.014852E+0,3.234614E+0,2.061238E+0,-13.372060E+0,2.650000E+0,100.000000E+0,0.000000E+0,40.000000E+0,5.000000E+0,1.000000E+0
60.834289E+3,280.000000E+0,282.380000E+0,2.203343E+0,60.000000E+0,2.035646E+0,2.784966E+0,2.060412E+0,-13.380540E+0,2.650000E+0,100.000000E+0,0.000000E+0,40.000000E+0,5.000000E+0,1.000000E+0
60.879180E+3,280.000000E+0,281.840000E+0,2.247866E+0,69.000000E+0,2.031670E+0,3.554330E+0,2.064074E+0,-13.384440E+0,2.650000E+0,100.000000E+0,0.000000E+0,40.000000E+0,5.000000E+0,1.000000E+0
60.924076E+3,280.000000E+0,281.010000E+0,2.058452E+0,81.000000E+0,2.015974E+0,3.190954E+0,2.067668E+0,-13.385380E+0,2.650000E+0,100.000000E+0,0.000000E+0,40.000000E+0,5.000000E+0,1.000000E+0
60.968967E+3,280.000000E+0,280.370000E+0,1.363483E+0,82.000000E+0,2.021546E+0,3.810992E+0,2.067720E+0,-13.382820E+0,2.650000E+0,100.000000E+0,0.000000E+0,40.000000E+0,5.000000E+0,1.000000E+0
61.013853E+3,280.000000E+0,280.470000E+0,309.801347E-3,78.000000E+0,2.016814E+0,3.745280E+0,2.065586E+0,-13.379520E+0,2.650000E+0,100.000000E+0,0.000000E+0,40.000000E+0,5.000000E+0,1.000000E+0
61.058754E+3,280.000000E+0,280.690000E+0,-561.323090E-3,74.000000E+0,2.040402E+0,3.260586E+0,2.063538E+0,-13.391540E+0,2.650000E+0,100.000000E+0,0.000000E+0,40.000000E+0,5.000000E+0,1.000000E+0
61.103646E+3,280.000000E+0,280.900000E+0,-752.908620E-3,71.000000E+0,2.042032E+0,3.143160E+0,2.062422E+0,-13.379440E+0,2.650000E+0,100.000000E+0,0.000000E+0,40.000000E+0,5.000000E+0,1.000000E+0
61.149039E+3,280.000000E+0,280.900000E+0,-376.459311E-3,72.000000E+0,2.028470E+0,3.383886E+0,2.062972E+0,-13.376940E+0,2.650000E+0,100.000000E+0,0.000000E+0,40.000000E+0,5.000000E+0,1.000000E+0
61.193896E+3,280.000000E+0,280.790000E+0,46.757503E-3,74.000000E+0,2.026378E+0,3.348438E+0,2.062670E+0,-13.383720E+0,2.650000E+0,100.000000E+0,0.000000E+0,40.000000E+0,5.000000E+0,1.000000E+0
61.238783E+3,280.000000E+0,280.790000E+0,213.574665E-3,74.000000E+0,2.028614E+0,3.416030E+0,2.061844E+0,-13.388960E+0,2.650000E+0,100.000000E+0,0.000000E+0,40.000000E+0,5.000000E+0,1.000000E+0
61.284180E+3,280.000000E+0,280.690000E+0,117.918278E-3,74.000000E+0,2.028900E+0,3.345770E+0,2.061366E+0,-13.383800E+0,2.650000E+0,100.000000E+0,0.000000E+0,40.000000E+0,5.000000E+0,1.000000E+0
61.329035E+3,280.000000E+0,280.790000E+0,-2.371827E-3,72.000000E+0,2.030748E+0,3.650900E+0,2.060848E+0,-13.379780E+0,2.650000E+0,100.000000E+0,0.000000E+0,40.000000E+0,5.000000E+0,1.000000E+0
