Tiempo (s),Setpoint (K),Temperatura (K),dT/dt (K/min),Potencia_LS (%),Z_40Hz (Ohm),Fase_40Hz,Z_50kHz (Ohm),Fase_50kHz,V_Arduino (V),Vac (mV),Vdc (mV),P,I,D
11.628665E+0,290.268610E+0,290.460000E+0,-119.460446E-3,44.000000E+0,1.904712E+0,3.748618E+0,1.910054E+0,-17.113800E+0,2.650000E+0,200.000000E+0,75.000000E+0,40.000000E+0,3.000000E+0,1.000000E+0
58.047320E+0,290.268610E+0,290.460000E+0,-119.319788E-3,48.000000E+0,1.907212E+0,3.669206E+0,1.909006E+0,-17.110560E+0,2.650000E+0,200.000000E+0,75.000000E+0,40.000000E+0,3.000000E+0,1.000000E+0
103.966947E+0,290.075199E+0,290.680000E+0,-70.657991E-3,47.000000E+0,1.905462E+0,3.767944E+0,1.908206E+0,-17.123000E+0,2.650000E+0,200.000000E+0,75.000000E+0,40.000000E+0,3.000000E+0,1.000000E+0
385.612056E+0,290.144673E+0,290.910000E+0,-22.261999E-3,43.000000E+0,1.901504E+0,3.616376E+0,1.903848E+0,-17.114040E+0,2.650000E+0,200.000000E+0,75.000000E+0,40.000000E+0,3.000000E+0,1.000000E+0
431.518682E+0,290.144673E+0,291.020000E+0,49.212251E-3,44.000000E+0,1.899460E+0,3.659782E+0,1.903078E+0,-17.120980E+0,2.650000E+0,200.000000E+0,75.000000E+0,40.000000E+0,3.000000E+0,1.000000E+0
477.431308E+0,289.379562E+0,291.020000E+0,-145.455991E-3,43.000000E+0,1.897124E+0,3.677018E+0,1.902702E+0,-17.130100E+0,2.650000E+0,200.000000E+0,75.000000E+0,40.000000E+0,3.000000E+0,1.000000E+0
523.334933E+0,288.614352E+0,291.020000E+0,-292.688500E-3,32.000000E+0,1.898608E+0,3.637570E+0,1.902418E+0,-17.122920E+0,2.650000E+0,200.000000E+0,75.000000E+0,40.000000E+0,3.000000E+0,1.000000E+0
569.234559E+0,287.849292E+0,290.910000E+0,-316.379259E-3,27.000000E+0,1.897280E+0,3.668756E+0,1.903256E+0,-17.115500E+0,2.650000E+0,200.000000E+0,75.000000E+0,40.000000E+0,3.000000E+0,1.000000E+0
615.135184E+0,287.084298E+0,290.240000E+0,-122.491694E-3,23.000000E+0,1.901144E+0,3.594328E+0,1.904400E+0,-17.119100E+0,2.650000E+0,200.000000E+0,75.000000E+0,40.000000E+0,3.000000E+0,1.000000E+0
661.132815E+0,286.319287E+0,289.460000E+0,-4.176227E-6,20.000000E+0,1.899768E+0,3.757634E+0,1.906034E+0,-17.119460E+0,2.650000E+0,200.000000E+0,75.000000E+0,40.000000E+0,3.000000E+0,1.000000E+0
707.028440E+0,285.552660E+0,288.780000E+0,-193.898470E-3,15.000000E+0,1.901498E+0,3.692874E+0,1.907592E+0,-17.115960E+0,2.650000E+0,200.000000E+0,75.000000E+0,40.000000E+0,3.000000E+0,1.000000E+0
752.934066E+0,284.787733E+0,288.120000E+0,-509.464849E-3,12.000000E+0,1.903408E+0,3.654350E+0,1.909576E+0,-17.114400E+0,2.650000E+0,200.000000E+0,75.000000E+0,40.000000E+0,3.000000E+0,1.000000E+0
798.833691E+0,284.022639E+0,287.350000E+0,-803.260544E-3,8.000000E+0,1.906936E+0,3.744106E+0,1.911804E+0,-17.104880E+0,2.650000E+0,200.000000E+0,75.000000E+0,40.000000E+0,3.000000E+0,1.000000E+0
844.729316E+0,283.257646E+0,286.800000E+0,-925.261387E-3,5.000000E+0,1.912396E+0,3.759974E+0,1.914336E+0,-17.105300E+0,2.650000E+0,200.000000E+0,75.000000E+0,40.000000E+0,3.000000E+0,1.000000E+0
890.656943E+0,282.492719E+0,286.150000E+0,-921.224029E-3,3.000000E+0,1.915442E+0,3.700392E+0,1.916650E+0,-17.096680E+0,2.422500E+0,200.000000E+0,75.000000E+0,40.000000E+0,3.000000E+0,1.000000E+0
936.607571E+0,281.727258E+0,285.270000E+0,-891.060621E-3,1.000000E+0,1.916048E+0,3.783042E+0,1.919090E+0,-17.082200E+0,2.260000E+0,200.000000E+0,75.000000E+0,40.000000E+0,3.000000E+0,1.000000E+0
982.530198E+0,280.961414E+0,284.430000E+0,-860.497308E-3,1.000000E+0,1.920440E+0,3.737060E+0,1.921586E+0,-17.094800E+0,2.130000E+0,200.000000E+0,75.000000E+0,40.000000E+0,3.000000E+0,1.000000E+0
1.028418E+3,280.196037E+0,283.670000E+0,-882.017711E-3,0.000000E+0,1.919944E+0,3.611288E+0,1.924702E+0,-17.101080E+0,2.065000E+0,200.000000E+0,75.000000E+0,40.000000E+0,3.000000E+0,1.000000E+0
1.074320E+3,279.431243E+0,283.020000E+0,-968.850011E-3,0.000000E+0,1.927024E+0,3.662848E+0,1.928588E+0,-17.094160E+0,2.032500E+0,200.000000E+0,75.000000E+0,40.000000E+0,3.000000E+0,1.000000E+0
1.120307E+3,278.666200E+0,282.380000E+0,-1.056023E+0,0.000000E+0,1.930642E+0,3.760684E+0,1.933168E+0,-17.087040E+0,2.000000E+0,200.000000E+0,75.000000E+0,40.000000E+0,3.000000E+0,1.000000E+0
1.166203E+3,277.899756E+0,281.630000E+0,-1.030196E+0,0.000000E+0,1.933922E+0,3.827982E+0,1.938666E+0,-17.074960E+0,2.000000E+0,200.000000E+0,75.000000E+0,40.000000E+0,3.000000E+0,1.000000E+0
1.212101E+3,277.134829E+0,281.110000E+0,-936.539889E-3,0.000000E+0,1.938622E+0,3.611550E+0,1.944502E+0,-17.080460E+0,2.000000E+0,200.000000E+0,75.000000E+0,40.000000E+0,3.000000E+0,1.000000E+0
1.258013E+3,276.369852E+0,280.580000E+0,-890.556074E-3,0.000000E+0,1.944968E+0,3.606980E+0,1.950534E+0,-17.085440E+0,2.000000E+0,200.000000E+0,75.000000E+0,40.000000E+0,3.000000E+0,1.000000E+0
1.303910E+3,275.604658E+0,279.940000E+0,-860.039686E-3,0.000000E+0,1.953718E+0,3.604750E+0,1.958030E+0,-17.085120E+0,2.000000E+0,200.000000E+0,75.000000E+0,40.000000E+0,3.000000E+0,1.000000E+0
1.349825E+3,274.839714E+0,279.410000E+0,-807.999553E-3,0.000000E+0,1.960866E+0,3.702698E+0,1.965960E+0,-17.074580E+0,2.000000E+0,200.000000E+0,75.000000E+0,40.000000E+0,3.000000E+0,1.000000E+0
1.395732E+3,274.074454E+0,278.690000E+0,-760.317462E-3,0.000000E+0,1.968230E+0,3.649358E+0,1.973988E+0,-17.076540E+0,2.000000E+0,200.000000E+0,75.000000E+0,40.000000E+0,3.000000E+0,1.000000E+0
1.441654E+3,273.309343E+0,278.060000E+0,-738.479625E-3,0.000000E+0,1.978312E+0,3.659014E+0,1.983206E+0,-17.075260E+0,2.000000E+0,200.000000E+0,75.000000E+0,40.000000E+0,3.000000E+0,1.000000E+0
1.487538E+3,272.543966E+0,277.340000E+0,-782.012157E-3,0.000000E+0,1.985598E+0,3.702098E+0,1.992832E+0,-17.065360E+0,2.000000E+0,200.000000E+0,75.000000E+0,40.000000E+0,3.000000E+0,1.000000E+0
1.533439E+3,271.779239E+0,276.610000E+0,-821.157061E-3,0.000000E+0,1.997430E+0,3.622118E+0,2.002310E+0,-17.059540E+0,2.000000E+0,200.000000E+0,75.000000E+0,40.000000E+0,3.000000E+0,1.000000E+0
1.579336E+3,271.014229E+0,275.790000E+0,-860.386736E-3,0.000000E+0,2.007446E+0,3.589856E+0,2.012158E+0,-17.055040E+0,2.000000E+0,200.000000E+0,75.000000E+0,40.000000E+0,3.000000E+0,1.000000E+0
1.625234E+3,270.249268E+0,274.980000E+0,-904.079925E-3,0.000000E+0,2.015500E+0,3.545398E+0,2.022594E+0,-17.070100E+0,2.000000E+0,200.000000E+0,75.000000E+0,40.000000E+0,3.000000E+0,1.000000E+0
1.671146E+3,269.484308E+0,274.150000E+0,-947.753036E-3,0.000000E+0,2.025770E+0,3.597470E+0,2.033108E+0,-17.078640E+0,2.000000E+0,200.000000E+0,75.000000E+0,40.000000E+0,3.000000E+0,1.000000E+0
1.717056E+3,268.719114E+0,273.340000E+0,-1.008794E+0,0.000000E+0,2.036316E+0,3.530016E+0,2.044982E+0,-17.070000E+0,2.000000E+0,200.000000E+0,75.000000E+0,40.000000E+0,3.000000E+0,1.000000E+0
1.762972E+3,267.953937E+0,272.330000E+0,-1.050098E+0,0.000000E+0,2.052562E+0,3.602278E+0,2.055846E+0,-17.083720E+0,2.000000E+0,200.000000E+0,75.000000E+0,40.000000E+0,3.000000E+0,1.000000E+0
1.808945E+3,267.188677E+0,271.320000E+0,-1.069613E+0,0.000000E+0,2.058900E+0,3.646116E+0,2.067054E+0,-17.066600E+0,2.000000E+0,200.000000E+0,75.000000E+0,40.000000E+0,3.000000E+0,1.000000E+0
1.854846E+3,266.422449E+0,270.230000E+0,-1.110875E+0,0.000000E+0,2.072858E+0,3.687930E+0,2.079612E+0,-17.074460E+0,2.000000E+0,200.000000E+0,75.000000E+0,40.000000E+0,3.000000E+0,1.000000E+0
1.900752E+3,265.657439E+0,269.130000E+0,-1.193272E+0,0.000000E+0,2.086764E+0,3.634974E+0,2.091834E+0,-17.071420E+0,2.000000E+0,200.000000E+0,75.000000E+0,40.000000E+0,3.000000E+0,1.000000E+0
1.946681E+3,264.892345E+0,267.960000E+0,-1.293207E+0,0.000000E+0,2.096292E+0,3.480046E+0,2.104380E+0,-17.081920E+0,2.000000E+0,200.000000E+0,75.000000E+0,40.000000E+0,3.000000E+0,1.000000E+0
1.992651E+3,264.126851E+0,266.680000E+0,-1.373898E+0,0.000000E+0,2.110546E+0,3.569674E+0,2.116576E+0,-17.106980E+0,2.000000E+0,200.000000E+0,75.000000E+0,40.000000E+0,3.000000E+0,1.000000E+0
2.038559E+3,263.360691E+0,265.320000E+0,-1.428602E+0,1.000000E+0,2.123532E+0,3.474330E+0,2.130048E+0,-17.098020E+0,2.000000E+0,200.000000E+0,75.000000E+0,40.000000E+0,3.000000E+0,1.000000E+0
2.084448E+3,262.595564E+0,264.080000E+0,-1.504648E+0,4.000000E+0,2.135904E+0,3.473042E+0,2.143406E+0,-17.093620E+0,2.032500E+0,200.000000E+0,75.000000E+0,40.000000E+0,3.000000E+0,1.000000E+0
2.130450E+3,261.830737E+0,262.830000E+0,-1.602236E+0,10.000000E+0,2.149026E+0,3.501116E+0,2.156530E+0,-17.112280E+0,2.162500E+0,200.000000E+0,75.000000E+0,40.000000E+0,3.000000E+0,1.000000E+0
2.176354E+3,261.064043E+0,261.590000E+0,-1.674338E+0,18.000000E+0,2.163808E+0,3.551478E+0,2.169986E+0,-17.130740E+0,2.455000E+0,200.000000E+0,75.000000E+0,40.000000E+0,3.000000E+0,1.000000E+0
2.222253E+3,260.298966E+0,260.460000E+0,-1.683090E+0,26.000000E+0,2.173658E+0,3.400600E+0,2.181070E+0,-17.190880E+0,2.650000E+0,200.000000E+0,75.000000E+0,40.000000E+0,3.000000E+0,1.000000E+0
2.268150E+3,259.533989E+0,259.620000E+0,-1.650267E+0,30.000000E+0,2.185834E+0,3.427916E+0,2.193956E+0,-17.138980E+0,2.650000E+0,200.000000E+0,75.000000E+0,40.000000E+0,3.000000E+0,1.000000E+0
2.314058E+3,258.769045E+0,258.960000E+0,-1.600123E+0,35.000000E+0,2.195944E+0,3.549384E+0,2.202272E+0,-17.121640E+0,2.650000E+0,200.000000E+0,75.000000E+0,40.000000E+0,3.000000E+0,1.000000E+0
2.359960E+3,258.003901E+0,258.490000E+0,-1.487394E+0,35.000000E+0,2.207646E+0,3.503202E+0,2.209984E+0,-17.155120E+0,2.650000E+0,200.000000E+0,75.000000E+0,40.000000E+0,3.000000E+0,1.000000E+0
2.405858E+3,257.238874E+0,258.120000E+0,-1.272316E+0,36.000000E+0,2.212368E+0,3.484494E+0,2.218818E+0,-17.154840E+0,2.650000E+0,200.000000E+0,75.000000E+0,40.000000E+0,3.000000E+0,1.000000E+0
2.451760E+3,256.473914E+0,257.650000E+0,-1.002155E+0,35.000000E+0,2.222804E+0,3.448446E+0,2.224720E+0,-17.187040E+0,2.650000E+0,200.000000E+0,75.000000E+0,40.000000E+0,3.000000E+0,1.000000E+0
2.497664E+3,255.708870E+0,257.110000E+0,-755.946599E-3,36.000000E+0,2.226260E+0,3.447688E+0,2.231120E+0,-17.181160E+0,2.650000E+0,200.000000E+0,75.000000E+0,40.000000E+0,3.000000E+0,1.000000E+0
2.543572E+3,254.943810E+0,256.550000E+0,-612.173942E-3,33.000000E+0,2.232524E+0,3.405198E+0,2.237820E+0,-17.178720E+0,2.650000E+0,200.000000E+0,75.000000E+0,40.000000E+0,3.000000E+0,1.000000E+0
2.589482E+3,254.178666E+0,255.910000E+0,-586.042657E-3,33.000000E+0,2.239592E+0,3.363538E+0,2.244800E+0,-17.209760E+0,2.650000E+0,200.000000E+0,75.000000E+0,40.000000E+0,3.000000E+0,1.000000E+0
2.635408E+3,253.413505E+0,255.280000E+0,-642.654065E-3,31.000000E+0,2.245280E+0,3.369064E+0,2.250762E+0,-17.226560E+0,2.650000E+0,200.000000E+0,75.000000E+0,40.000000E+0,3.000000E+0,1.000000E+0
2.681385E+3,252.648078E+0,254.550000E+0,-721.033968E-3,32.000000E+0,2.252002E+0,3.408896E+0,2.257784E+0,-17.217640E+0,2.650000E+0,200.000000E+0,75.000000E+0,40.000000E+0,3.000000E+0,1.000000E+0
2.727289E+3,251.881784E+0,253.920000E+0,-777.587619E-3,31.000000E+0,2.258724E+0,3.455716E+0,2.263240E+0,-17.239080E+0,2.650000E+0,200.000000E+0,75.000000E+0,40.000000E+0,3.000000E+0,1.000000E+0
2.773190E+3,251.116724E+0,253.190000E+0,-833.931577E-3,28.000000E+0,2.267226E+0,3.474610E+0,2.268812E+0,-17.256200E+0,2.650000E+0,200.000000E+0,75.000000E+0,40.000000E+0,3.000000E+0,1.000000E+0
2.819104E+3,250.351714E+0,252.470000E+0,-868.579902E-3,28.000000E+0,2.268656E+0,3.507644E+0,2.274700E+0,-17.280280E+0,2.650000E+0,200.000000E+0,75.000000E+0,40.000000E+0,3.000000E+0,1.000000E+0
2.865021E+3,249.586470E+0,251.660000E+0,-888.280238E-3,28.000000E+0,2.274740E+0,3.410012E+0,2.281580E+0,-17.274900E+0,2.650000E+0,200.000000E+0,75.000000E+0,40.000000E+0,3.000000E+0,1.000000E+0
2.910983E+3,248.821193E+0,250.860000E+0,-908.168507E-3,26.000000E+0,2.282804E+0,3.488100E+0,2.286650E+0,-17.315740E+0,2.650000E+0,200.000000E+0,75.000000E+0,40.000000E+0,3.000000E+0,1.000000E+0
2.956886E+3,248.055149E+0,250.150000E+0,-945.354133E-3,26.000000E+0,2.289706E+0,3.465818E+0,2.292058E+0,-17.338440E+0,2.650000E+0,200.000000E+0,75.000000E+0,40.000000E+0,3.000000E+0,1.000000E+0
3.002789E+3,247.290105E+0,249.360000E+0,-999.531515E-3,26.000000E+0,2.294584E+0,3.420678E+0,2.299086E+0,-17.348380E+0,2.650000E+0,200.000000E+0,75.000000E+0,40.000000E+0,3.000000E+0,1.000000E+0
3.048690E+3,246.525061E+0,248.570000E+0,-1.012422E+0,26.000000E+0,2.297202E+0,3.481006E+0,2.304924E+0,-17.404140E+0,2.650000E+0,200.000000E+0,75.000000E+0,40.000000E+0,3.000000E+0,1.000000E+0
3.094605E+3,245.760034E+0,247.860000E+0,-1.005981E+0,25.000000E+0,2.301668E+0,3.386988E+0,2.309388E+0,-17.382840E+0,2.650000E+0,200.000000E+0,75.000000E+0,40.000000E+0,3.000000E+0,1.000000E+0
3.140498E+3,244.994790E+0,247.080000E+0,-999.731690E-3,23.000000E+0,2.307666E+0,3.495988E+0,2.315324E+0,-17.388660E+0,2.650000E+0,200.000000E+0,75.000000E+0,40.000000E+0,3.000000E+0,1.000000E+0
3.186403E+3,244.229913E+0,246.400000E+0,-997.728878E-3,22.000000E+0,2.313164E+0,3.385522E+0,2.320278E+0,-17.415240E+0,2.650000E+0,200.000000E+0,75.000000E+0,40.000000E+0,3.000000E+0,1.000000E+0
3.232311E+3,243.464820E+0,245.620000E+0,-995.543281E-3,20.000000E+0,2.319352E+0,3.344540E+0,2.326236E+0,-17.435460E+0,2.650000E+0,200.000000E+0,75.000000E+0,40.000000E+0,3.000000E+0,1.000000E+0
3.278214E+3,242.699693E+0,244.850000E+0,-969.421489E-3,20.000000E+0,2.326664E+0,3.413756E+0,2.333116E+0,-17.420040E+0,2.650000E+0,200.000000E+0,75.000000E+0,40.000000E+0,3.000000E+0,1.000000E+0
3.324119E+3,241.934649E+0,243.980000E+0,-960.718827E-3,18.000000E+0,2.330846E+0,3.350756E+0,2.338534E+0,-17.455900E+0,2.650000E+0,200.000000E+0,75.000000E+0,40.000000E+0,3.000000E+0,1.000000E+0
3.370036E+3,241.169555E+0,243.310000E+0,-973.778656E-3,17.000000E+0,2.340456E+0,3.391516E+0,2.343812E+0,-17.469140E+0,2.650000E+0,200.000000E+0,75.000000E+0,40.000000E+0,3.000000E+0,1.000000E+0
3.415979E+3,240.404278E+0,242.630000E+0,-1.012956E+0,17.000000E+0,2.345028E+0,3.420738E+0,2.350664E+0,-17.478420E+0,2.650000E+0,200.000000E+0,75.000000E+0,40.000000E+0,3.000000E+0,1.000000E+0
3.461939E+3,239.638551E+0,241.780000E+0,-1.030350E+0,16.000000E+0,2.351478E+0,3.393174E+0,2.355440E+0,-17.512460E+0,2.650000E+0,200.000000E+0,75.000000E+0,40.000000E+0,3.000000E+0,1.000000E+0
3.507841E+3,238.872557E+0,240.940000E+0,-986.621765E-3,15.000000E+0,2.356824E+0,3.386106E+0,2.360800E+0,-17.527140E+0,2.650000E+0,200.000000E+0,75.000000E+0,40.000000E+0,3.000000E+0,1.000000E+0
3.553825E+3,238.107530E+0,240.190000E+0,-962.314223E-3,14.000000E+0,2.359342E+0,3.332226E+0,2.364726E+0,-17.526720E+0,2.650000E+0,200.000000E+0,75.000000E+0,40.000000E+0,3.000000E+0,1.000000E+0
3.599726E+3,237.341119E+0,239.610000E+0,-994.829754E-3,12.000000E+0,2.366558E+0,3.323598E+0,2.371546E+0,-17.554740E+0,2.650000E+0,200.000000E+0,75.000000E+0,40.000000E+0,3.000000E+0,1.000000E+0
3.645620E+3,236.576109E+0,238.780000E+0,-1.046985E+0,12.000000E+0,2.370742E+0,3.473524E+0,2.377328E+0,-17.553060E+0,2.650000E+0,200.000000E+0,75.000000E+0,40.000000E+0,3.000000E+0,1.000000E+0
3.691522E+3,235.811215E+0,238.050000E+0,-1.003518E+0,11.000000E+0,2.372736E+0,3.373022E+0,2.383730E+0,-17.570940E+0,2.650000E+0,200.000000E+0,75.000000E+0,40.000000E+0,3.000000E+0,1.000000E+0
3.737432E+3,235.046171E+0,237.300000E+0,-942.780328E-3,9.000000E+0,2.381398E+0,3.487920E+0,2.387724E+0,-17.596560E+0,2.650000E+0,200.000000E+0,75.000000E+0,40.000000E+0,3.000000E+0,1.000000E+0
3.783328E+3,234.281011E+0,236.490000E+0,-936.583441E-3,9.000000E+0,2.382628E+0,3.423796E+0,2.393022E+0,-17.656680E+0,2.650000E+0,200.000000E+0,75.000000E+0,40.000000E+0,3.000000E+0,1.000000E+0
3.829233E+3,233.516067E+0,235.760000E+0,-969.489009E-3,7.000000E+0,2.388880E+0,3.456486E+0,2.398982E+0,-17.680320E+0,2.585000E+0,200.000000E+0,75.000000E+0,40.000000E+0,3.000000E+0,1.000000E+0
3.875135E+3,232.750990E+0,234.950000E+0,-1.002126E+0,6.000000E+0,2.393448E+0,3.387770E+0,2.402536E+0,-17.742900E+0,2.520000E+0,200.000000E+0,75.000000E+0,40.000000E+0,3.000000E+0,1.000000E+0
3.921041E+3,231.985963E+0,234.310000E+0,-997.750612E-3,5.000000E+0,2.399740E+0,3.451516E+0,2.408294E+0,-17.759060E+0,2.422500E+0,200.000000E+0,75.000000E+0,40.000000E+0,3.000000E+0,1.000000E+0
3.966943E+3,231.220853E+0,233.510000E+0,-1.010843E+0,4.000000E+0,2.406212E+0,3.442394E+0,2.413148E+0,-17.764780E+0,2.357500E+0,200.000000E+0,75.000000E+0,40.000000E+0,3.000000E+0,1.000000E+0
4.012861E+3,230.455826E+0,232.790000E+0,-986.872299E-3,3.000000E+0,2.408038E+0,3.396764E+0,2.419734E+0,-17.820760E+0,2.292500E+0,200.000000E+0,75.000000E+0,40.000000E+0,3.000000E+0,1.000000E+0
4.058885E+3,229.690532E+0,232.080000E+0,-965.062182E-3,2.000000E+0,2.414654E+0,3.459250E+0,2.426412E+0,-17.820400E+0,2.227500E+0,200.000000E+0,75.000000E+0,40.000000E+0,3.000000E+0,1.000000E+0
4.104777E+3,228.923455E+0,231.300000E+0,-960.658292E-3,2.000000E+0,2.425966E+0,3.429350E+0,2.434238E+0,-17.878420E+0,2.162500E+0,200.000000E+0,75.000000E+0,40.000000E+0,3.000000E+0,1.000000E+0
4.150680E+3,228.158594E+0,230.500000E+0,-955.847340E-3,1.000000E+0,2.433774E+0,3.428330E+0,2.443188E+0,-17.909860E+0,2.130000E+0,200.000000E+0,75.000000E+0,40.000000E+0,3.000000E+0,1.000000E+0
4.196606E+3,227.393534E+0,229.730000E+0,-966.358199E-3,1.000000E+0,2.441760E+0,3.361342E+0,2.453710E+0,-17.952560E+0,2.097500E+0,200.000000E+0,75.000000E+0,40.000000E+0,3.000000E+0,1.000000E+0
4.242594E+3,226.628107E+0,229.030000E+0,-979.517339E-3,0.000000E+0,2.457066E+0,3.348306E+0,2.466806E+0,-18.017000E+0,2.065000E+0,200.000000E+0,75.000000E+0,40.000000E+0,3.000000E+0,1.000000E+0
4.288492E+3,225.861646E+0,228.340000E+0,-1.010392E+0,0.000000E+0,2.466618E+0,3.434352E+0,2.482090E+0,-18.072540E+0,2.032500E+0,200.000000E+0,75.000000E+0,40.000000E+0,3.000000E+0,1.000000E+0
4.334431E+3,225.096669E+0,227.640000E+0,-1.006050E+0,0.000000E+0,2.484678E+0,3.371572E+0,2.500440E+0,-18.152140E+0,2.000000E+0,200.000000E+0,75.000000E+0,40.000000E+0,3.000000E+0,1.000000E+0
4.380389E+3,224.331025E+0,226.880000E+0,-964.353745E-3,0.000000E+0,2.505988E+0,3.350692E+0,2.523674E+0,-18.270800E+0,2.000000E+0,200.000000E+0,75.000000E+0,40.000000E+0,3.000000E+0,1.000000E+0
4.426302E+3,223.565065E+0,225.880000E+0,-925.124179E-3,0.000000E+0,2.527762E+0,3.396588E+0,2.548594E+0,-18.412640E+0,2.000000E+0,200.000000E+0,75.000000E+0,40.000000E+0,3.000000E+0,1.000000E+0
4.472213E+3,222.799838E+0,224.830000E+0,-923.006988E-3,1.000000E+0,2.553158E+0,3.382360E+0,2.574840E+0,-18.541400E+0,2.000000E+0,200.000000E+0,75.000000E+0,40.000000E+0,3.000000E+0,1.000000E+0
4.518114E+3,222.034661E+0,223.710000E+0,-1.003604E+0,4.000000E+0,2.579004E+0,3.413578E+0,2.600766E+0,-18.695900E+0,2.032500E+0,200.000000E+0,75.000000E+0,40.000000E+0,3.000000E+0,1.000000E+0
4.564029E+3,221.269633E+0,222.450000E+0,-1.147400E+0,10.000000E+0,2.607254E+0,3.335954E+0,2.628074E+0,-18.851460E+0,2.162500E+0,200.000000E+0,75.000000E+0,40.000000E+0,3.000000E+0,1.000000E+0
4.609960E+3,220.504390E+0,221.260000E+0,-1.302354E+0,17.000000E+0,2.631114E+0,3.430130E+0,2.654394E+0,-19.001860E+0,2.455000E+0,200.000000E+0,75.000000E+0,40.000000E+0,3.000000E+0,1.000000E+0
4.655846E+3,219.738879E+0,220.170000E+0,-1.437636E+0,23.000000E+0,2.656172E+0,3.422348E+0,2.680218E+0,-19.152500E+0,2.650000E+0,200.000000E+0,75.000000E+0,40.000000E+0,3.000000E+0,1.000000E+0
4.701765E+3,218.974102E+0,219.370000E+0,-1.524637E+0,30.000000E+0,2.677032E+0,3.367928E+0,2.700964E+0,-19.290320E+0,2.650000E+0,200.000000E+0,75.000000E+0,40.000000E+0,3.000000E+0,1.000000E+0
4.747692E+3,218.208792E+0,218.710000E+0,-1.548572E+0,33.000000E+0,2.692102E+0,3.352580E+0,2.716938E+0,-19.390580E+0,2.650000E+0,200.000000E+0,75.000000E+0,40.000000E+0,3.000000E+0,1.000000E+0
4.793663E+3,217.443348E+0,218.140000E+0,-1.441886E+0,34.000000E+0,2.706682E+0,3.440872E+0,2.729696E+0,-19.476760E+0,2.650000E+0,200.000000E+0,75.000000E+0,40.000000E+0,3.000000E+0,1.000000E+0
4.839573E+3,216.677154E+0,217.640000E+0,-1.226306E+0,35.000000E+0,2.720140E+0,3.356808E+0,2.741126E+0,-19.559460E+0,2.650000E+0,200.000000E+0,75.000000E+0,40.000000E+0,3.000000E+0,1.000000E+0
4.885482E+3,215.911994E+0,217.060000E+0,-997.354561E-3,34.000000E+0,2.724154E+0,3.388988E+0,2.750912E+0,-19.626180E+0,2.650000E+0,200.000000E+0,75.000000E+0,40.000000E+0,3.000000E+0,1.000000E+0
4.931392E+3,215.146833E+0,216.500000E+0,-818.522720E-3,33.000000E+0,2.734568E+0,3.426250E+0,2.758844E+0,-19.688900E+0,2.650000E+0,200.000000E+0,75.000000E+0,40.000000E+0,3.000000E+0,1.000000E+0
4.977298E+3,214.381673E+0,215.930000E+0,-735.841439E-3,31.000000E+0,2.743102E+0,3.314562E+0,2.766102E+0,-19.752900E+0,2.650000E+0,200.000000E+0,75.000000E+0,40.000000E+0,3.000000E+0,1.000000E+0
5.023223E+3,213.616579E+0,215.230000E+0,-716.468034E-3,32.000000E+0,2.750788E+0,3.425622E+0,2.773788E+0,-19.813420E+0,2.650000E+0,200.000000E+0,75.000000E+0,40.000000E+0,3.000000E+0,1.000000E+0
5.069145E+3,212.851152E+0,214.530000E+0,-729.705191E-3,32.000000E+0,2.755146E+0,3.443312E+0,2.781764E+0,-19.874560E+0,2.650000E+0,200.000000E+0,75.000000E+0,40.000000E+0,3.000000E+0,1.000000E+0
5.115063E+3,212.085792E+0,213.830000E+0,-771.054698E-3,31.000000E+0,2.765268E+0,3.394190E+0,2.788496E+0,-19.903240E+0,2.650000E+0,200.000000E+0,75.000000E+0,40.000000E+0,3.000000E+0,1.000000E+0
5.161029E+3,211.320498E+0,213.130000E+0,-827.594732E-3,29.000000E+0,2.769696E+0,3.340182E+0,2.794860E+0,-19.963320E+0,2.650000E+0,200.000000E+0,75.000000E+0,40.000000E+0,3.000000E+0,1.000000E+0
5.206960E+3,210.554387E+0,212.450000E+0,-886.328791E-3,29.000000E+0,2.771368E+0,3.369932E+0,2.801200E+0,-20.007620E+0,2.650000E+0,200.000000E+0,75.000000E+0,40.000000E+0,3.000000E+0,1.000000E+0
5.252918E+3,209.788877E+0,211.700000E+0,-914.465706E-3,27.000000E+0,2.782162E+0,3.390664E+0,2.807352E+0,-20.062820E+0,2.650000E+0,200.000000E+0,75.000000E+0,40.000000E+0,3.000000E+0,1.000000E+0
5.298831E+3,209.022900E+0,211.010000E+0,-909.947142E-3,26.000000E+0,2.784864E+0,3.481986E+0,2.813838E+0,-20.105580E+0,2.650000E+0,200.000000E+0,75.000000E+0,40.000000E+0,3.000000E+0,1.000000E+0
5.344734E+3,208.257689E+0,210.260000E+0,-916.310837E-3,24.000000E+0,2.793382E+0,3.379898E+0,2.820122E+0,-20.154960E+0,2.650000E+0,200.000000E+0,75.000000E+0,40.000000E+0,3.000000E+0,1.000000E+0
5.390734E+3,207.492645E+0,209.450000E+0,-925.061798E-3,23.000000E+0,2.798838E+0,3.359998E+0,2.826510E+0,-20.223060E+0,2.650000E+0,200.000000E+0,75.000000E+0,40.000000E+0,3.000000E+0,1.000000E+0
5.436644E+3,206.725968E+0,208.730000E+0,-938.399766E-3,23.000000E+0,2.803324E+0,3.376522E+0,2.832306E+0,-20.257720E+0,2.650000E+0,200.000000E+0,75.000000E+0,40.000000E+0,3.000000E+0,1.000000E+0
5.482541E+3,205.960808E+0,207.930000E+0,-966.642968E-3,21.000000E+0,2.807394E+0,3.374846E+0,2.838624E+0,-20.313780E+0,2.650000E+0,200.000000E+0,75.000000E+0,40.000000E+0,3.000000E+0,1.000000E+0
5.528451E+3,205.195864E+0,207.130000E+0,-986.094264E-3,22.000000E+0,2.814618E+0,3.439120E+0,2.844556E+0,-20.366360E+0,2.650000E+0,200.000000E+0,75.000000E+0,40.000000E+0,3.000000E+0,1.000000E+0
5.574379E+3,204.430687E+0,206.410000E+0,-1.003553E+0,20.000000E+0,2.820814E+0,3.390858E+0,2.850954E+0,-20.409060E+0,2.650000E+0,200.000000E+0,75.000000E+0,40.000000E+0,3.000000E+0,1.000000E+0
5.620266E+3,203.665227E+0,205.690000E+0,-1.012622E+0,18.000000E+0,2.825502E+0,3.390314E+0,2.856502E+0,-20.460300E+0,2.650000E+0,200.000000E+0,75.000000E+0,40.000000E+0,3.000000E+0,1.000000E+0
5.666184E+3,202.900433E+0,204.910000E+0,-1.010705E+0,16.000000E+0,2.833270E+0,3.384968E+0,2.862928E+0,-20.516960E+0,2.650000E+0,200.000000E+0,75.000000E+0,40.000000E+0,3.000000E+0,1.000000E+0
5.712182E+3,202.135139E+0,204.190000E+0,-993.246475E-3,15.000000E+0,2.835276E+0,3.439826E+0,2.868928E+0,-20.566560E+0,2.650000E+0,200.000000E+0,75.000000E+0,40.000000E+0,3.000000E+0,1.000000E+0
5.758093E+3,201.368512E+0,203.430000E+0,-971.468822E-3,14.000000E+0,2.842252E+0,3.483540E+0,2.874886E+0,-20.627700E+0,2.650000E+0,200.000000E+0,75.000000E+0,40.000000E+0,3.000000E+0,1.000000E+0
5.804004E+3,200.603318E+0,202.670000E+0,-966.839668E-3,13.000000E+0,2.847352E+0,3.394972E+0,2.881530E+0,-20.681820E+0,2.650000E+0,200.000000E+0,75.000000E+0,40.000000E+0,3.000000E+0,1.000000E+0
5.849914E+3,199.838141E+0,201.840000E+0,-975.223077E-3,12.000000E+0,2.852930E+0,3.433206E+0,2.887442E+0,-20.740860E+0,2.650000E+0,200.000000E+0,75.000000E+0,40.000000E+0,3.000000E+0,1.000000E+0
5.895810E+3,199.072981E+0,201.080000E+0,-979.518818E-3,11.000000E+0,2.859662E+0,3.366224E+0,2.893752E+0,-20.796140E+0,2.650000E+0,200.000000E+0,75.000000E+0,40.000000E+0,3.000000E+0,1.000000E+0
5.941725E+3,198.308037E+0,200.330000E+0,-999.460046E-3,10.000000E+0,2.865668E+0,3.359982E+0,2.900108E+0,-20.846040E+0,2.650000E+0,200.000000E+0,75.000000E+0,40.000000E+0,3.000000E+0,1.000000E+0
5.987627E+3,197.542793E+0,199.660000E+0,-1.023785E+0,9.000000E+0,2.870682E+0,3.428420E+0,2.906664E+0,-20.909440E+0,2.650000E+0,200.000000E+0,75.000000E+0,40.000000E+0,3.000000E+0,1.000000E+0
6.033530E+3,196.777749E+0,198.920000E+0,-1.021646E+0,7.000000E+0,2.876714E+0,3.450026E+0,2.913188E+0,-20.957940E+0,2.617500E+0,200.000000E+0,75.000000E+0,40.000000E+0,3.000000E+0,1.000000E+0
6.079462E+3,196.012706E+0,198.180000E+0,-984.627426E-3,5.000000E+0,2.879268E+0,3.501720E+0,2.918742E+0,-21.019440E+0,2.520000E+0,200.000000E+0,75.000000E+0,40.000000E+0,3.000000E+0,1.000000E+0
6.125424E+3,195.247178E+0,197.390000E+0,-945.417756E-3,4.000000E+0,2.890632E+0,3.403564E+0,2.925510E+0,-21.077200E+0,2.390000E+0,200.000000E+0,75.000000E+0,40.000000E+0,3.000000E+0,1.000000E+0
6.171321E+3,194.481135E+0,196.670000E+0,-938.801857E-3,2.000000E+0,2.895002E+0,3.478932E+0,2.933418E+0,-21.167200E+0,2.292500E+0,200.000000E+0,75.000000E+0,40.000000E+0,3.000000E+0,1.000000E+0
6.217240E+3,193.716191E+0,195.940000E+0,-962.483226E-3,1.000000E+0,2.898694E+0,3.512820E+0,2.940246E+0,-21.236480E+0,2.195000E+0,200.000000E+0,75.000000E+0,40.000000E+0,3.000000E+0,1.000000E+0
6.263217E+3,192.950880E+0,195.230000E+0,-984.075083E-3,0.000000E+0,2.907790E+0,3.399930E+0,2.948570E+0,-21.320340E+0,2.097500E+0,200.000000E+0,75.000000E+0,40.000000E+0,3.000000E+0,1.000000E+0
6.309198E+3,192.184587E+0,194.580000E+0,-977.606926E-3,0.000000E+0,2.916432E+0,3.373134E+0,2.957526E+0,-21.445740E+0,2.032500E+0,200.000000E+0,75.000000E+0,40.000000E+0,3.000000E+0,1.000000E+0
6.355096E+3,191.418243E+0,193.870000E+0,-958.012375E-3,0.000000E+0,2.924624E+0,3.550042E+0,2.969050E+0,-21.526860E+0,2.000000E+0,200.000000E+0,75.000000E+0,40.000000E+0,3.000000E+0,1.000000E+0
6.401012E+3,190.653266E+0,193.160000E+0,-925.034918E-3,0.000000E+0,2.932998E+0,3.441806E+0,2.980920E+0,-21.663200E+0,2.000000E+0,200.000000E+0,75.000000E+0,40.000000E+0,3.000000E+0,1.000000E+0
6.446947E+3,189.888005E+0,192.530000E+0,-905.223964E-3,0.000000E+0,2.945278E+0,3.457326E+0,2.996882E+0,-21.820560E+0,2.000000E+0,200.000000E+0,75.000000E+0,40.000000E+0,3.000000E+0,1.000000E+0
6.492837E+3,189.122428E+0,191.830000E+0,-901.147252E-3,0.000000E+0,2.961726E+0,3.407982E+0,3.012006E+0,-21.971740E+0,2.000000E+0,200.000000E+0,75.000000E+0,40.000000E+0,3.000000E+0,1.000000E+0
6.538743E+3,188.357584E+0,191.090000E+0,-897.140151E-3,0.000000E+0,2.972728E+0,3.461490E+0,3.029046E+0,-22.193100E+0,2.000000E+0,200.000000E+0,75.000000E+0,40.000000E+0,3.000000E+0,1.000000E+0
6.584671E+3,187.592491E+0,190.290000E+0,-890.780105E-3,0.000000E+0,2.994376E+0,3.443250E+0,3.047546E+0,-22.414520E+0,2.000000E+0,200.000000E+0,75.000000E+0,40.000000E+0,3.000000E+0,1.000000E+0
6.630561E+3,186.827030E+0,189.440000E+0,-895.198240E-3,0.000000E+0,3.010596E+0,3.464336E+0,3.065156E+0,-22.617180E+0,2.000000E+0,200.000000E+0,75.000000E+0,40.000000E+0,3.000000E+0,1.000000E+0
6.676464E+3,186.062186E+0,188.600000E+0,-938.809464E-3,0.000000E+0,3.024402E+0,3.463516E+0,3.087804E+0,-22.872640E+0,2.000000E+0,200.000000E+0,75.000000E+0,40.000000E+0,3.000000E+0,1.000000E+0
6.722472E+3,185.297143E+0,187.810000E+0,-1.008534E+0,0.000000E+0,3.043416E+0,3.538424E+0,3.108856E+0,-23.132380E+0,2.000000E+0,200.000000E+0,75.000000E+0,40.000000E+0,3.000000E+0,1.000000E+0
6.768381E+3,184.530349E+0,186.870000E+0,-1.063015E+0,0.000000E+0,3.058994E+0,3.560910E+0,3.131160E+0,-23.422540E+0,2.000000E+0,200.000000E+0,75.000000E+0,40.000000E+0,3.000000E+0,1.000000E+0
6.814284E+3,183.765188E+0,185.940000E+0,-1.082318E+0,0.000000E+0,3.077190E+0,3.561680E+0,3.154298E+0,-23.722680E+0,2.000000E+0,200.000000E+0,75.000000E+0,40.000000E+0,3.000000E+0,1.000000E+0
6.860229E+3,183.000145E+0,184.910000E+0,-1.099338E+0,1.000000E+0,3.099548E+0,3.491280E+0,3.179780E+0,-24.081580E+0,2.000000E+0,200.000000E+0,75.000000E+0,40.000000E+0,3.000000E+0,1.000000E+0
6.906202E+3,182.234384E+0,183.840000E+0,-1.138472E+0,4.000000E+0,3.120014E+0,3.467034E+0,3.203284E+0,-24.475400E+0,2.032500E+0,200.000000E+0,75.000000E+0,40.000000E+0,3.000000E+0,1.000000E+0
6.952134E+3,181.468174E+0,182.780000E+0,-1.210569E+0,9.000000E+0,3.136774E+0,3.641462E+0,3.229648E+0,-24.845980E+0,2.162500E+0,200.000000E+0,75.000000E+0,40.000000E+0,3.000000E+0,1.000000E+0
6.998025E+3,180.702647E+0,181.730000E+0,-1.291072E+0,15.000000E+0,3.156868E+0,3.651538E+0,3.254072E+0,-25.259100E+0,2.422500E+0,200.000000E+0,75.000000E+0,40.000000E+0,3.000000E+0,1.000000E+0
7.043940E+3,179.937786E+0,180.740000E+0,-1.347244E+0,22.000000E+0,3.176056E+0,3.588916E+0,3.281358E+0,-25.695920E+0,2.650000E+0,200.000000E+0,75.000000E+0,40.000000E+0,3.000000E+0,1.000000E+0
7.089837E+3,179.172542E+0,179.970000E+0,-1.380032E+0,24.000000E+0,3.195700E+0,3.722032E+0,3.307318E+0,-26.075780E+0,2.650000E+0,200.000000E+0,75.000000E+0,40.000000E+0,3.000000E+0,1.000000E+0
7.135776E+3,178.407599E+0,179.350000E+0,-1.367519E+0,27.000000E+0,3.217634E+0,3.736846E+0,3.330862E+0,-26.416500E+0,2.650000E+0,200.000000E+0,75.000000E+0,40.000000E+0,3.000000E+0,1.000000E+0
7.181667E+3,177.641938E+0,178.740000E+0,-1.287388E+0,28.000000E+0,3.233248E+0,3.701620E+0,3.353698E+0,-26.770180E+0,2.650000E+0,200.000000E+0,75.000000E+0,40.000000E+0,3.000000E+0,1.000000E+0
7.227576E+3,176.877094E+0,178.080000E+0,-1.130522E+0,30.000000E+0,3.247802E+0,3.741970E+0,3.375846E+0,-27.128200E+0,2.650000E+0,200.000000E+0,75.000000E+0,40.000000E+0,3.000000E+0,1.000000E+0
7.273489E+3,176.111934E+0,177.430000E+0,-953.993550E-3,28.000000E+0,3.264922E+0,3.675452E+0,3.396042E+0,-27.484560E+0,2.650000E+0,200.000000E+0,75.000000E+0,40.000000E+0,3.000000E+0,1.000000E+0
7.319395E+3,175.346723E+0,176.730000E+0,-847.285973E-3,29.000000E+0,3.281186E+0,3.794396E+0,3.418588E+0,-27.848000E+0,2.650000E+0,200.000000E+0,75.000000E+0,40.000000E+0,3.000000E+0,1.000000E+0
7.365300E+3,174.581630E+0,176.040000E+0,-829.907159E-3,31.000000E+0,3.297974E+0,3.748058E+0,3.438178E+0,-28.181380E+0,2.650000E+0,200.000000E+0,75.000000E+0,40.000000E+0,3.000000E+0,1.000000E+0
7.411214E+3,173.816536E+0,175.360000E+0,-856.080766E-3,30.000000E+0,3.311190E+0,3.801800E+0,3.458412E+0,-28.515620E+0,2.650000E+0,200.000000E+0,75.000000E+0,40.000000E+0,3.000000E+0,1.000000E+0
7.457119E+3,173.051309E+0,174.670000E+0,-882.188201E-3,31.000000E+0,3.319982E+0,3.789150E+0,3.477574E+0,-28.885860E+0,2.650000E+0,200.000000E+0,75.000000E+0,40.000000E+0,3.000000E+0,1.000000E+0
7.503033E+3,172.286232E+0,173.900000E+0,-895.266679E-3,31.000000E+0,3.333966E+0,3.879864E+0,3.495898E+0,-29.249600E+0,2.650000E+0,200.000000E+0,75.000000E+0,40.000000E+0,3.000000E+0,1.000000E+0
7.548944E+3,171.520988E+0,173.120000E+0,-899.623111E-3,31.000000E+0,3.345426E+0,3.932578E+0,3.515714E+0,-29.593300E+0,2.650000E+0,200.000000E+0,75.000000E+0,40.000000E+0,3.000000E+0,1.000000E+0
7.594945E+3,170.755811E+0,172.410000E+0,-914.844075E-3,31.000000E+0,3.354716E+0,3.826280E+0,3.533776E+0,-29.927000E+0,2.650000E+0,200.000000E+0,75.000000E+0,40.000000E+0,3.000000E+0,1.000000E+0
7.640846E+3,169.989117E+0,171.600000E+0,-954.029477E-3,31.000000E+0,3.364552E+0,3.922658E+0,3.552546E+0,-30.313100E+0,2.650000E+0,200.000000E+0,75.000000E+0,40.000000E+0,3.000000E+0,1.000000E+0
7.686756E+3,169.224107E+0,170.800000E+0,-979.836126E-3,31.000000E+0,3.382366E+0,3.894176E+0,3.570992E+0,-30.632380E+0,2.650000E+0,200.000000E+0,75.000000E+0,40.000000E+0,3.000000E+0,1.000000E+0
7.732667E+3,168.458946E+0,170.110000E+0,-992.606251E-3,31.000000E+0,3.392250E+0,3.946506E+0,3.589850E+0,-30.992260E+0,2.650000E+0,200.000000E+0,75.000000E+0,40.000000E+0,3.000000E+0,1.000000E+0
7.778574E+3,167.693752E+0,169.360000E+0,-1.005732E+0,32.000000E+0,3.400400E+0,3.908770E+0,3.608032E+0,-31.341520E+0,2.650000E+0,200.000000E+0,75.000000E+0,40.000000E+0,3.000000E+0,1.000000E+0
7.824491E+3,166.928642E+0,168.590000E+0,-1.006053E+0,31.000000E+0,3.414080E+0,3.948848E+0,3.626440E+0,-31.661740E+0,2.650000E+0,200.000000E+0,75.000000E+0,40.000000E+0,3.000000E+0,1.000000E+0
7.870397E+3,166.163365E+0,167.860000E+0,-988.930092E-3,30.000000E+0,3.423348E+0,3.972370E+0,3.647142E+0,-32.041440E+0,2.650000E+0,200.000000E+0,75.000000E+0,40.000000E+0,3.000000E+0,1.000000E+0
7.916326E+3,165.398254E+0,167.090000E+0,-969.277560E-3,31.000000E+0,3.432930E+0,3.979122E+0,3.662542E+0,-32.325700E+0,2.650000E+0,200.000000E+0,75.000000E+0,40.000000E+0,3.000000E+0,1.000000E+0
7.962304E+3,164.632777E+0,166.280000E+0,-971.448589E-3,30.000000E+0,3.445154E+0,4.049340E+0,3.681008E+0,-32.751400E+0,2.650000E+0,200.000000E+0,75.000000E+0,40.000000E+0,3.000000E+0,1.000000E+0
8.008220E+3,163.866467E+0,165.520000E+0,-984.457399E-3,31.000000E+0,3.459976E+0,3.984784E+0,3.694700E+0,-32.762940E+0,2.650000E+0,200.000000E+0,75.000000E+0,40.000000E+0,3.000000E+0,1.000000E+0
8.054152E+3,163.101206E+0,164.730000E+0,-997.211433E-3,29.000000E+0,3.468826E+0,4.061876E+0,3.714224E+0,-33.097920E+0,2.650000E+0,200.000000E+0,75.000000E+0,40.000000E+0,3.000000E+0,1.000000E+0
8.100050E+3,162.335679E+0,164.040000E+0,-1.012194E+0,29.000000E+0,3.475868E+0,4.129040E+0,3.734154E+0,-33.467880E+0,2.650000E+0,200.000000E+0,75.000000E+0,40.000000E+0,3.000000E+0,1.000000E+0
8.145958E+3,161.570702E+0,163.260000E+0,-1.023039E+0,29.000000E+0,3.485460E+0,3.983674E+0,3.750652E+0,-33.859860E+0,2.650000E+0,200.000000E+0,75.000000E+0,40.000000E+0,3.000000E+0,1.000000E+0
8.191869E+3,160.805575E+0,162.430000E+0,-1.001548E+0,29.000000E+0,3.498134E+0,4.025868E+0,3.769564E+0,-34.229060E+0,2.650000E+0,200.000000E+0,75.000000E+0,40.000000E+0,3.000000E+0,1.000000E+0
8.237779E+3,160.040398E+0,161.660000E+0,-980.090391E-3,28.000000E+0,3.509368E+0,4.144634E+0,3.787458E+0,-34.577360E+0,2.650000E+0,200.000000E+0,75.000000E+0,40.000000E+0,3.000000E+0,1.000000E+0
8.283691E+3,159.275221E+0,160.950000E+0,-993.266296E-3,28.000000E+0,3.514956E+0,4.164058E+0,3.806636E+0,-34.961160E+0,2.650000E+0,200.000000E+0,75.000000E+0,40.000000E+0,3.000000E+0,1.000000E+0
8.329603E+3,158.510027E+0,160.190000E+0,-1.019436E+0,27.000000E+0,3.505570E+0,4.167630E+0,3.825340E+0,-35.434020E+0,2.650000E+0,200.000000E+0,75.000000E+0,40.000000E+0,3.000000E+0,1.000000E+0
8.375515E+3,157.744817E+0,159.440000E+0,-1.021558E+0,27.000000E+0,3.528022E+0,4.302606E+0,3.847842E+0,-35.917960E+0,2.650000E+0,200.000000E+0,75.000000E+0,40.000000E+0,3.000000E+0,1.000000E+0
8.421427E+3,156.979623E+0,158.650000E+0,-991.041999E-3,26.000000E+0,3.509710E+0,4.255674E+0,3.871166E+0,-36.324260E+0,2.650000E+0,200.000000E+0,75.000000E+0,40.000000E+0,3.000000E+0,1.000000E+0
8.467340E+3,156.214429E+0,157.870000E+0,-971.427948E-3,26.000000E+0,3.508562E+0,4.266088E+0,3.887282E+0,-36.720560E+0,2.650000E+0,200.000000E+0,75.000000E+0,40.000000E+0,3.000000E+0,1.000000E+0
8.513249E+3,155.449202E+0,157.180000E+0,-984.493023E-3,24.000000E+0,3.499608E+0,4.245556E+0,3.907000E+0,-37.143380E+0,2.650000E+0,200.000000E+0,75.000000E+0,40.000000E+0,3.000000E+0,1.000000E+0
8.559161E+3,154.684058E+0,156.370000E+0,-1.006270E+0,25.000000E+0,3.550180E+0,4.230304E+0,3.927872E+0,-37.612340E+0,2.650000E+0,200.000000E+0,75.000000E+0,40.000000E+0,3.000000E+0,1.000000E+0
8.605064E+3,153.918865E+0,155.560000E+0,-997.564717E-3,24.000000E+0,3.539386E+0,4.216070E+0,3.949956E+0,-38.007360E+0,2.650000E+0,200.000000E+0,75.000000E+0,40.000000E+0,3.000000E+0,1.000000E+0
8.650985E+3,153.153804E+0,154.850000E+0,-988.863001E-3,23.000000E+0,3.522538E+0,4.275544E+0,3.968666E+0,-38.431500E+0,2.650000E+0,200.000000E+0,75.000000E+0,40.000000E+0,3.000000E+0,1.000000E+0
8.696894E+3,152.388460E+0,154.060000E+0,-999.791682E-3,22.000000E+0,3.507324E+0,4.273650E+0,3.989658E+0,-38.819540E+0,2.650000E+0,200.000000E+0,75.000000E+0,40.000000E+0,3.000000E+0,1.000000E+0
8.742899E+3,151.623300E+0,153.270000E+0,-1.010675E+0,21.000000E+0,3.502510E+0,4.323424E+0,4.009500E+0,-39.301720E+0,2.650000E+0,200.000000E+0,75.000000E+0,40.000000E+0,3.000000E+0,1.000000E+0
8.788806E+3,150.856556E+0,152.530000E+0,-1.010639E+0,21.000000E+0,3.549972E+0,4.300032E+0,4.033234E+0,-39.715300E+0,2.650000E+0,200.000000E+0,75.000000E+0,40.000000E+0,3.000000E+0,1.000000E+0
8.834738E+3,150.091446E+0,151.760000E+0,-1.001556E+0,21.000000E+0,3.536108E+0,4.386192E+0,4.054422E+0,-40.142360E+0,2.650000E+0,200.000000E+0,75.000000E+0,40.000000E+0,3.000000E+0,1.000000E+0
8.880715E+3,149.325902E+0,150.990000E+0,-1.003418E+0,20.000000E+0,3.520212E+0,4.284110E+0,4.075718E+0,-40.537060E+0,2.650000E+0,200.000000E+0,75.000000E+0,40.000000E+0,3.000000E+0,1.000000E+0
8.926621E+3,148.559625E+0,150.240000E+0,-1.005564E+0,18.000000E+0,3.502774E+0,4.275594E+0,4.097472E+0,-40.991860E+0,2.650000E+0,200.000000E+0,75.000000E+0,40.000000E+0,3.000000E+0,1.000000E+0
8.972530E+3,147.794531E+0,149.520000E+0,-996.878409E-3,18.000000E+0,3.504146E+0,4.297574E+0,4.123622E+0,-41.458180E+0,2.650000E+0,200.000000E+0,75.000000E+0,40.000000E+0,3.000000E+0,1.000000E+0
9.018434E+3,147.029371E+0,148.740000E+0,-994.806798E-3,17.000000E+0,3.542638E+0,4.438684E+0,4.148206E+0,-41.956560E+0,2.650000E+0,200.000000E+0,75.000000E+0,40.000000E+0,3.000000E+0,1.000000E+0
9.064346E+3,146.264310E+0,147.950000E+0,-986.179610E-3,17.000000E+0,3.536040E+0,4.373890E+0,4.172294E+0,-42.395960E+0,2.650000E+0,200.000000E+0,75.000000E+0,40.000000E+0,3.000000E+0,1.000000E+0
9.110354E+3,145.499100E+0,147.150000E+0,-977.816685E-3,15.000000E+0,3.521458E+0,4.419380E+0,4.194698E+0,-42.832980E+0,2.650000E+0,200.000000E+0,75.000000E+0,40.000000E+0,3.000000E+0,1.000000E+0
9.156264E+3,144.732306E+0,146.420000E+0,-988.945845E-3,15.000000E+0,3.500168E+0,4.472896E+0,4.220838E+0,-43.383500E+0,2.650000E+0,200.000000E+0,75.000000E+0,40.000000E+0,3.000000E+0,1.000000E+0
9.202170E+3,143.967145E+0,145.660000E+0,-1.014690E+0,14.000000E+0,3.488040E+0,4.445438E+0,4.247176E+0,-43.848860E+0,2.650000E+0,200.000000E+0,75.000000E+0,40.000000E+0,3.000000E+0,1.000000E+0
9.248078E+3,143.202035E+0,144.900000E+0,-1.020848E+0,13.000000E+0,3.537800E+0,4.576532E+0,4.274666E+0,-44.356900E+0,2.650000E+0,200.000000E+0,75.000000E+0,40.000000E+0,3.000000E+0,1.000000E+0
9.293986E+3,142.436908E+0,144.120000E+0,-1.003421E+0,12.000000E+0,3.517052E+0,4.447326E+0,4.299890E+0,-44.856960E+0,2.650000E+0,200.000000E+0,75.000000E+0,40.000000E+0,3.000000E+0,1.000000E+0
9.339887E+3,141.671781E+0,143.350000E+0,-988.572666E-3,12.000000E+0,3.521512E+0,4.492648E+0,4.329966E+0,-45.380720E+0,2.650000E+0,200.000000E+0,75.000000E+0,40.000000E+0,3.000000E+0,1.000000E+0
9.385793E+3,140.906754E+0,142.610000E+0,-991.120811E-3,10.000000E+0,3.503828E+0,4.595458E+0,4.355852E+0,-45.868940E+0,2.650000E+0,200.000000E+0,75.000000E+0,40.000000E+0,3.000000E+0,1.000000E+0
9.431692E+3,140.141660E+0,141.850000E+0,-1.004216E+0,10.000000E+0,3.482586E+0,4.571874E+0,4.382488E+0,-46.379500E+0,2.650000E+0,200.000000E+0,75.000000E+0,40.000000E+0,3.000000E+0,1.000000E+0
9.477597E+3,139.376666E+0,141.050000E+0,-1.002063E+0,9.000000E+0,3.443014E+0,4.454834E+0,4.412120E+0,-46.873760E+0,2.650000E+0,200.000000E+0,75.000000E+0,40.000000E+0,3.000000E+0,1.000000E+0
9.523525E+3,138.611589E+0,140.300000E+0,-993.385351E-3,8.000000E+0,3.461142E+0,4.565628E+0,4.442692E+0,-47.384680E+0,2.617500E+0,200.000000E+0,75.000000E+0,40.000000E+0,3.000000E+0,1.000000E+0
9.569499E+3,137.846129E+0,139.590000E+0,-995.582290E-3,6.000000E+0,3.457308E+0,4.534002E+0,4.475970E+0,-47.926920E+0,2.552500E+0,200.000000E+0,75.000000E+0,40.000000E+0,3.000000E+0,1.000000E+0
9.615413E+3,137.079885E+0,138.830000E+0,-1.004204E+0,5.000000E+0,3.431062E+0,4.670518E+0,4.503068E+0,-48.454200E+0,2.455000E+0,200.000000E+0,75.000000E+0,40.000000E+0,3.000000E+0,1.000000E+0
9.661408E+3,136.314658E+0,138.100000E+0,-995.154443E-3,4.000000E+0,3.398148E+0,4.586618E+0,4.536486E+0,-49.025820E+0,2.357500E+0,200.000000E+0,75.000000E+0,40.000000E+0,3.000000E+0,1.000000E+0
9.707329E+3,135.548080E+0,137.340000E+0,-975.254736E-3,2.000000E+0,3.364434E+0,4.475288E+0,4.573152E+0,-49.606860E+0,2.292500E+0,200.000000E+0,75.000000E+0,40.000000E+0,3.000000E+0,1.000000E+0
9.753218E+3,134.782720E+0,136.630000E+0,-961.919080E-3,1.000000E+0,3.418922E+0,4.681910E+0,4.610088E+0,-50.286060E+0,2.195000E+0,200.000000E+0,75.000000E+0,40.000000E+0,3.000000E+0,1.000000E+0
9.799132E+3,134.017910E+0,135.880000E+0,-968.398366E-3,0.000000E+0,3.363740E+0,4.517694E+0,4.667876E+0,-51.191940E+0,2.097500E+0,200.000000E+0,75.000000E+0,40.000000E+0,3.000000E+0,1.000000E+0
9.845039E+3,133.252666E+0,135.150000E+0,-968.670207E-3,0.000000E+0,3.318844E+0,4.700660E+0,4.727804E+0,-52.061280E+0,2.032500E+0,200.000000E+0,75.000000E+0,40.000000E+0,3.000000E+0,1.000000E+0
9.890955E+3,132.487555E+0,134.420000E+0,-962.505355E-3,0.000000E+0,3.314428E+0,4.636708E+0,4.804302E+0,-53.268800E+0,2.000000E+0,200.000000E+0,75.000000E+0,40.000000E+0,3.000000E+0,1.000000E+0
9.936868E+3,131.722295E+0,133.680000E+0,-960.662661E-3,0.000000E+0,3.266824E+0,4.661416E+0,4.911802E+0,-54.700280E+0,2.000000E+0,200.000000E+0,75.000000E+0,40.000000E+0,3.000000E+0,1.000000E+0
9.982774E+3,130.957068E+0,132.900000E+0,-958.442690E-3,0.000000E+0,3.200640E+0,4.850322E+0,5.037380E+0,-56.688200E+0,2.000000E+0,200.000000E+0,75.000000E+0,40.000000E+0,3.000000E+0,1.000000E+0
10.028686E+3,130.191974E+0,132.090000E+0,-960.530583E-3,0.000000E+0,3.134696E+0,5.011496E+0,5.233966E+0,-59.166580E+0,2.000000E+0,200.000000E+0,75.000000E+0,40.000000E+0,3.000000E+0,1.000000E+0
10.074594E+3,129.426780E+0,131.190000E+0,-969.250374E-3,3.000000E+0,3.036420E+0,5.125994E+0,5.531626E+0,-62.599740E+0,2.000000E+0,200.000000E+0,75.000000E+0,40.000000E+0,3.000000E+0,1.000000E+0
10.120592E+3,128.661637E+0,130.160000E+0,-997.584811E-3,12.000000E+0,2.954764E+0,5.556636E+0,5.948716E+0,-67.255820E+0,2.097500E+0,200.000000E+0,75.000000E+0,40.000000E+0,3.000000E+0,1.000000E+0
10.166495E+3,127.895009E+0,129.060000E+0,-1.049892E+0,26.000000E+0,2.848264E+0,5.971888E+0,6.450416E+0,-71.785240E+0,2.487500E+0,200.000000E+0,75.000000E+0,40.000000E+0,3.000000E+0,1.000000E+0
10.212408E+3,127.129949E+0,128.010000E+0,-1.138800E+0,35.000000E+0,2.778910E+0,6.589394E+0,7.096104E+0,-76.685360E+0,2.650000E+0,200.000000E+0,75.000000E+0,40.000000E+0,3.000000E+0,1.000000E+0
10.258313E+3,126.364739E+0,127.250000E+0,-1.256001E+0,40.000000E+0,2.607908E+0,6.604088E+0,7.875848E+0,-81.626900E+0,2.650000E+0,200.000000E+0,75.000000E+0,40.000000E+0,3.000000E+0,1.000000E+0
10.304237E+3,125.599661E+0,126.530000E+0,-1.351861E+0,47.000000E+0,2.496652E+0,7.155630E+0,8.690784E+0,-85.933700E+0,2.650000E+0,200.000000E+0,75.000000E+0,40.000000E+0,3.000000E+0,1.000000E+0
10.350148E+3,124.834251E+0,125.820000E+0,-1.326129E+0,51.000000E+0,2.380164E+0,6.292766E+0,9.489630E+0,-89.763840E+0,2.650000E+0,200.000000E+0,75.000000E+0,40.000000E+0,3.000000E+0,1.000000E+0
10.396055E+3,124.069074E+0,125.140000E+0,-1.184925E+0,54.000000E+0,2.281186E+0,7.784118E+0,10.200380E+0,-92.618560E+0,2.650000E+0,200.000000E+0,75.000000E+0,40.000000E+0,3.000000E+0,1.000000E+0
10.441609E+3,123.303963E+0,124.420000E+0,-1.028026E+0,57.000000E+0,2.183132E+0,6.094750E+0,10.853200E+0,-95.032820E+0,2.650000E+0,200.000000E+0,75.000000E+0,40.000000E+0,3.000000E+0,1.000000E+0
10.487810E+3,122.544720E+0,123.730000E+0,-936.539966E-3,58.000000E+0,2.151280E+0,6.616930E+0,11.474360E+0,-96.990480E+0,2.650000E+0,200.000000E+0,75.000000E+0,40.000000E+0,3.000000E+0,1.000000E+0
10.533357E+3,121.774709E+0,123.020000E+0,-920.343235E-3,60.000000E+0,2.059106E+0,7.305364E+0,12.019420E+0,-98.831360E+0,2.650000E+0,200.000000E+0,75.000000E+0,40.000000E+0,3.000000E+0,1.000000E+0
10.578907E+3,121.015583E+0,122.240000E+0,-916.255354E-3,61.000000E+0,2.031280E+0,6.404914E+0,12.531440E+0,-100.242400E+0,2.650000E+0,200.000000E+0,75.000000E+0,40.000000E+0,3.000000E+0,1.000000E+0
10.624454E+3,120.256423E+0,121.550000E+0,-918.662949E-3,61.000000E+0,1.953652E+0,6.821994E+0,13.038100E+0,-101.514600E+0,2.650000E+0,200.000000E+0,75.000000E+0,40.000000E+0,3.000000E+0,1.000000E+0
10.669997E+3,119.497312E+0,120.820000E+0,-939.645387E-3,63.000000E+0,1.961866E+0,7.627616E+0,13.491060E+0,-102.706200E+0,2.650000E+0,200.000000E+0,75.000000E+0,40.000000E+0,3.000000E+0,1.000000E+0
10.715559E+3,118.738252E+0,120.060000E+0,-955.041728E-3,63.000000E+0,1.896946E+0,7.529688E+0,13.934340E+0,-103.811400E+0,2.650000E+0,200.000000E+0,75.000000E+0,40.000000E+0,3.000000E+0,1.000000E+0
10.761120E+3,117.978892E+0,119.340000E+0,-961.637628E-3,64.000000E+0,1.838678E+0,9.097748E+0,14.376520E+0,-104.870000E+0,2.650000E+0,200.000000E+0,75.000000E+0,40.000000E+0,3.000000E+0,1.000000E+0
10.806672E+3,117.219549E+0,118.580000E+0,-961.608901E-3,65.000000E+0,1.779402E+0,8.396738E+0,14.794620E+0,-105.792200E+0,2.650000E+0,200.000000E+0,75.000000E+0,40.000000E+0,3.000000E+0,1.000000E+0
10.852227E+3,116.460339E+0,117.820000E+0,-963.711664E-3,65.000000E+0,1.774868E+0,7.398600E+0,15.228420E+0,-106.735200E+0,2.650000E+0,200.000000E+0,75.000000E+0,40.000000E+0,3.000000E+0,1.000000E+0
10.897779E+3,115.701095E+0,117.060000E+0,-976.803385E-3,65.000000E+0,1.731964E+0,6.693966E+0,15.621660E+0,-107.582600E+0,2.650000E+0,200.000000E+0,75.000000E+0,40.000000E+0,3.000000E+0,1.000000E+0
10.943329E+3,114.941885E+0,116.320000E+0,-983.381851E-3,64.000000E+0,1.689364E+0,6.084230E+0,16.080100E+0,-108.452600E+0,2.650000E+0,200.000000E+0,75.000000E+0,40.000000E+0,3.000000E+0,1.000000E+0
10.988894E+3,114.182725E+0,115.570000E+0,-992.216200E-3,64.000000E+0,1.638284E+0,8.895548E+0,16.476360E+0,-109.246600E+0,2.650000E+0,200.000000E+0,75.000000E+0,40.000000E+0,3.000000E+0,1.000000E+0
11.034439E+3,113.423315E+0,114.820000E+0,-996.646101E-3,65.000000E+0,1.594406E+0,7.415534E+0,16.895880E+0,-109.979000E+0,2.650000E+0,200.000000E+0,75.000000E+0,40.000000E+0,3.000000E+0,1.000000E+0
11.079992E+3,112.664222E+0,114.060000E+0,-990.035322E-3,65.000000E+0,1.610678E+0,6.957018E+0,17.305700E+0,-110.710200E+0,2.650000E+0,200.000000E+0,75.000000E+0,40.000000E+0,3.000000E+0,1.000000E+0
11.125540E+3,111.905012E+0,113.270000E+0,-985.634047E-3,64.000000E+0,1.579560E+0,5.969942E+0,17.718080E+0,-111.490000E+0,2.650000E+0,200.000000E+0,75.000000E+0,40.000000E+0,3.000000E+0,1.000000E+0
11.171103E+3,111.145868E+0,112.530000E+0,-987.843940E-3,63.000000E+0,1.546188E+0,5.862266E+0,18.127860E+0,-112.105600E+0,2.650000E+0,200.000000E+0,75.000000E+0,40.000000E+0,3.000000E+0,1.000000E+0
11.216653E+3,110.386491E+0,111.800000E+0,-1.001063E+0,64.000000E+0,1.506202E+0,5.313002E+0,18.545520E+0,-112.809200E+0,2.650000E+0,200.000000E+0,75.000000E+0,40.000000E+0,3.000000E+0,1.000000E+0
11.262203E+3,109.627331E+0,111.010000E+0,-1.007645E+0,63.000000E+0,1.453492E+0,4.206718E+0,18.950160E+0,-113.483800E+0,2.650000E+0,200.000000E+0,75.000000E+0,40.000000E+0,3.000000E+0,1.000000E+0
11.307788E+3,108.868154E+0,110.270000E+0,-998.813199E-3,63.000000E+0,1.489524E+0,4.151884E+0,19.394280E+0,-114.167800E+0,2.650000E+0,200.000000E+0,75.000000E+0,40.000000E+0,3.000000E+0,1.000000E+0
11.353324E+3,108.108411E+0,109.530000E+0,-992.230780E-3,64.000000E+0,1.446986E+0,3.537460E+0,19.809180E+0,-114.732400E+0,2.650000E+0,200.000000E+0,75.000000E+0,40.000000E+0,3.000000E+0,1.000000E+0
11.398866E+3,107.349468E+0,108.720000E+0,-992.142329E-3,62.000000E+0,1.435656E+0,3.147896E+0,20.279640E+0,-115.378800E+0,2.650000E+0,200.000000E+0,75.000000E+0,40.000000E+0,3.000000E+0,1.000000E+0
11.444419E+3,106.590441E+0,107.970000E+0,-994.305334E-3,61.000000E+0,1.397710E+0,2.237002E+0,20.736100E+0,-116.075800E+0,2.650000E+0,200.000000E+0,75.000000E+0,40.000000E+0,3.000000E+0,1.000000E+0
11.489978E+3,105.831231E+0,107.190000E+0,-1.000974E+0,61.000000E+0,1.360220E+0,1.635408E+0,21.161800E+0,-116.557000E+0,2.650000E+0,200.000000E+0,75.000000E+0,40.000000E+0,3.000000E+0,1.000000E+0
11.535554E+3,105.071904E+0,106.440000E+0,-1.007711E+0,61.000000E+0,1.315818E+0,996.868200E-3,21.624520E+0,-117.278400E+0,2.650000E+0,200.000000E+0,75.000000E+0,40.000000E+0,3.000000E+0,1.000000E+0
11.581085E+3,104.312311E+0,105.680000E+0,-1.018719E+0,60.000000E+0,1.294134E+0,-367.551000E-3,22.073960E+0,-117.842800E+0,2.650000E+0,200.000000E+0,75.000000E+0,40.000000E+0,3.000000E+0,1.000000E+0
11.626637E+3,103.553450E+0,104.900000E+0,-1.014117E+0,58.000000E+0,1.305536E+0,-469.968660E-3,22.523020E+0,-118.352800E+0,2.650000E+0,200.000000E+0,75.000000E+0,40.000000E+0,3.000000E+0,1.000000E+0
11.672184E+3,102.794257E+0,104.140000E+0,-1.003092E+0,59.000000E+0,1.377010E+0,-501.480020E-3,22.978520E+0,-118.933200E+0,2.650000E+0,200.000000E+0,75.000000E+0,40.000000E+0,3.000000E+0,1.000000E+0
11.717702E+3,102.035147E+0,103.370000E+0,-1.005395E+0,57.000000E+0,1.268352E+0,-1.627962E+0,23.390260E+0,-119.403800E+0,2.650000E+0,200.000000E+0,75.000000E+0,40.000000E+0,3.000000E+0,1.000000E+0
11.763152E+3,101.276504E+0,102.630000E+0,-1.007727E+0,56.000000E+0,1.218792E+0,-2.220166E+0,23.942540E+0,-119.938400E+0,2.650000E+0,200.000000E+0,75.000000E+0,40.000000E+0,3.000000E+0,1.000000E+0
11.808612E+3,100.519010E+0,101.870000E+0,-1.012272E+0,56.000000E+0,1.175324E+0,-3.154818E+0,24.353020E+0,-120.437800E+0,2.650000E+0,200.000000E+0,75.000000E+0,40.000000E+0,3.000000E+0,1.000000E+0
11.854076E+3,99.761334E+0,101.100000E+0,-1.006104E+0,55.000000E+0,1.159708E+0,-3.456096E+0,24.783660E+0,-120.961800E+0,2.650000E+0,200.000000E+0,75.000000E+0,40.000000E+0,3.000000E+0,1.000000E+0
11.899558E+3,99.003607E+0,100.340000E+0,-998.003057E-3,54.000000E+0,1.125748E+0,-754.203600E-3,25.285180E+0,-121.549000E+0,2.650000E+0,200.000000E+0,75.000000E+0,40.000000E+0,3.000000E+0,1.000000E+0
11.944990E+3,98.245580E+0,99.580000E+0,-998.524171E-3,53.000000E+0,1.099006E+0,854.260500E-3,25.769520E+0,-121.964000E+0,2.650000E+0,200.000000E+0,75.000000E+0,40.000000E+0,3.000000E+0,1.000000E+0
11.990445E+3,97.488370E+0,98.840000E+0,-1.003006E+0,59.000000E+0,1.187408E+0,435.930200E-3,26.453760E+0,-122.596400E+0,2.650000E+0,200.000000E+0,75.000000E+0,40.000000E+0,3.000000E+0,1.000000E+0
12.035982E+3,96.730794E+0,97.610000E+0,-1.007392E+0,43.000000E+0,1.213836E+0,-728.194400E-3,26.991320E+0,-123.090200E+0,2.650000E+0,200.000000E+0,75.000000E+0,40.000000E+0,3.000000E+0,1.000000E+0
12.081509E+3,95.971834E+0,96.810000E+0,-1.000927E+0,51.000000E+0,1.155090E+0,-1.954857E+0,27.453900E+0,-123.446800E+0,2.650000E+0,200.000000E+0,75.000000E+0,40.000000E+0,3.000000E+0,1.000000E+0
12.127036E+3,95.213057E+0,96.160000E+0,-1.097465E+0,50.000000E+0,1.115826E+0,-2.470984E+0,27.948700E+0,-123.952600E+0,2.650000E+0,200.000000E+0,75.000000E+0,40.000000E+0,3.000000E+0,1.000000E+0
12.172506E+3,94.454280E+0,95.510000E+0,-1.208923E+0,60.000000E+0,1.090486E+0,-3.301178E+0,28.542180E+0,-124.390000E+0,2.650000E+0,200.000000E+0,75.000000E+0,40.000000E+0,3.000000E+0,1.000000E+0
12.217963E+3,93.696437E+0,94.510000E+0,-1.197338E+0,41.000000E+0,1.097164E+0,-3.870290E+0,29.046860E+0,-124.890400E+0,2.650000E+0,200.000000E+0,75.000000E+0,40.000000E+0,3.000000E+0,1.000000E+0
12.263408E+3,92.938827E+0,93.830000E+0,-1.050057E+0,46.000000E+0,1.033922E+0,-5.156128E+0,29.512280E+0,-125.256800E+0,2.650000E+0,200.000000E+0,75.000000E+0,40.000000E+0,3.000000E+0,1.000000E+0
12.308865E+3,92.181400E+0,93.160000E+0,-967.145859E-3,47.000000E+0,1.039564E+0,-5.680024E+0,30.010620E+0,-125.539000E+0,2.650000E+0,200.000000E+0,75.000000E+0,40.000000E+0,3.000000E+0,1.000000E+0
12.354325E+3,91.423790E+0,92.500000E+0,-1.018279E+0,55.000000E+0,1.023130E+0,-6.625442E+0,30.615660E+0,-126.096400E+0,2.650000E+0,200.000000E+0,75.000000E+0,40.000000E+0,3.000000E+0,1.000000E+0
12.399783E+3,90.666130E+0,91.550000E+0,-1.029578E+0,37.000000E+0,1.025044E+0,-7.811310E+0,31.196060E+0,-126.447400E+0,2.650000E+0,200.000000E+0,75.000000E+0,40.000000E+0,3.000000E+0,1.000000E+0
12.445236E+3,89.908487E+0,90.840000E+0,-959.227656E-3,43.000000E+0,1.014396E+0,-8.634878E+0,31.695860E+0,-126.836400E+0,2.650000E+0,200.000000E+0,75.000000E+0,40.000000E+0,3.000000E+0,1.000000E+0
12.490689E+3,89.150943E+0,90.150000E+0,-943.764148E-3,43.000000E+0,1.060346E+0,-8.331766E+0,32.237180E+0,-127.256800E+0,2.650000E+0,200.000000E+0,75.000000E+0,40.000000E+0,3.000000E+0,1.000000E+0
12.536226E+3,88.393383E+0,89.460000E+0,-1.011933E+0,50.000000E+0,1.137876E+0,-8.322280E+0,32.952160E+0,-127.606800E+0,2.650000E+0,200.000000E+0,75.000000E+0,40.000000E+0,3.000000E+0,1.000000E+0
12.581825E+3,87.634440E+0,88.580000E+0,-1.027366E+0,35.000000E+0,1.111382E+0,-9.309174E+0,33.445540E+0,-127.968400E+0,2.650000E+0,200.000000E+0,75.000000E+0,40.000000E+0,3.000000E+0,1.000000E+0
12.627373E+3,86.874463E+0,87.850000E+0,-976.530679E-3,39.000000E+0,1.112404E+0,-10.159730E+0,34.027780E+0,-128.359800E+0,2.650000E+0,200.000000E+0,75.000000E+0,40.000000E+0,3.000000E+0,1.000000E+0
12.672921E+3,86.115320E+0,87.150000E+0,-955.882156E-3,39.000000E+0,1.095648E+0,-11.823280E+0,34.586120E+0,-128.633600E+0,2.650000E+0,200.000000E+0,75.000000E+0,40.000000E+0,3.000000E+0,1.000000E+0
12.718454E+3,85.356193E+0,86.470000E+0,-1.001147E+0,44.000000E+0,1.121036E+0,-13.377720E+0,35.257560E+0,-129.077200E+0,2.650000E+0,200.000000E+0,75.000000E+0,40.000000E+0,3.000000E+0,1.000000E+0
12.764036E+3,84.597300E+0,85.660000E+0,-1.011771E+0,30.000000E+0,1.108578E+0,-13.364820E+0,35.821360E+0,-129.388600E+0,2.650000E+0,200.000000E+0,75.000000E+0,40.000000E+0,3.000000E+0,1.000000E+0
12.809627E+3,83.837606E+0,84.860000E+0,-970.254715E-3,35.000000E+0,1.084536E+0,-15.204440E+0,36.460960E+0,-129.713000E+0,2.650000E+0,200.000000E+0,75.000000E+0,40.000000E+0,3.000000E+0,1.000000E+0
12.855140E+3,83.077763E+0,84.150000E+0,-944.038516E-3,34.000000E+0,1.113966E+0,-16.047860E+0,37.069500E+0,-130.049600E+0,2.650000E+0,200.000000E+0,75.000000E+0,40.000000E+0,3.000000E+0,1.000000E+0
12.900694E+3,82.319203E+0,83.470000E+0,-983.262506E-3,37.000000E+0,1.123070E+0,-16.571420E+0,37.753940E+0,-130.371000E+0,2.650000E+0,200.000000E+0,75.000000E+0,40.000000E+0,3.000000E+0,1.000000E+0
12.946249E+3,81.559976E+0,82.700000E+0,-1.011725E+0,26.000000E+0,1.093300E+0,-16.728340E+0,38.364900E+0,-130.747600E+0,2.650000E+0,200.000000E+0,75.000000E+0,40.000000E+0,3.000000E+0,1.000000E+0
12.991799E+3,80.800716E+0,81.860000E+0,-989.935341E-3,31.000000E+0,1.114236E+0,-17.949480E+0,38.972700E+0,-130.973200E+0,2.650000E+0,200.000000E+0,75.000000E+0,40.000000E+0,3.000000E+0,1.000000E+0
13.037351E+3,80.041556E+0,81.160000E+0,-955.056888E-3,34.000000E+0,1.130816E+0,-16.523200E+0,39.730820E+0,-131.302000E+0,2.650000E+0,200.000000E+0,75.000000E+0,40.000000E+0,3.000000E+0,1.000000E+0
13.082900E+3,79.282362E+0,80.480000E+0,-977.005890E-3,24.000000E+0,1.105648E+0,-13.316700E+0,40.360200E+0,-131.590000E+0,2.650000E+0,200.000000E+0,75.000000E+0,40.000000E+0,3.000000E+0,1.000000E+0
13.128465E+3,78.523202E+0,79.630000E+0,-1.009822E+0,30.000000E+0,1.104226E+0,-10.711732E+0,41.070000E+0,-131.843200E+0,2.650000E+0,200.000000E+0,75.000000E+0,40.000000E+0,3.000000E+0,1.000000E+0
13.174014E+3,77.763792E+0,78.900000E+0,-994.482789E-3,28.000000E+0,1.113016E+0,-10.492312E+0,41.729740E+0,-132.112600E+0,2.650000E+0,200.000000E+0,75.000000E+0,40.000000E+0,3.000000E+0,1.000000E+0
13.219566E+3,77.004649E+0,78.200000E+0,-976.887498E-3,26.000000E+0,1.079012E+0,-5.250665E+0,42.478760E+0,-132.463800E+0,2.650000E+0,200.000000E+0,75.000000E+0,40.000000E+0,3.000000E+0,1.000000E+0
13.265141E+3,76.245439E+0,77.540000E+0,-985.623254E-3,21.000000E+0,1.092266E+0,-1.219860E+0,43.150680E+0,-132.640200E+0,2.650000E+0,200.000000E+0,75.000000E+0,40.000000E+0,3.000000E+0,1.000000E+0
13.310675E+3,75.485862E+0,76.630000E+0,-996.600057E-3,27.000000E+0,1.116882E+0,-1.363544E+0,43.960020E+0,-132.947000E+0,2.650000E+0,200.000000E+0,75.000000E+0,40.000000E+0,3.000000E+0,1.000000E+0
13.356222E+3,74.726952E+0,75.910000E+0,-959.241663E-3,20.000000E+0,1.129528E+0,-352.615000E-3,44.723360E+0,-133.141200E+0,2.650000E+0,200.000000E+0,75.000000E+0,40.000000E+0,3.000000E+0,1.000000E+0
13.401776E+3,73.967842E+0,75.320000E+0,-957.061723E-3,20.000000E+0,1.144268E+0,1.258460E+0,45.478520E+0,-133.516000E+0,2.650000E+0,200.000000E+0,75.000000E+0,40.000000E+0,3.000000E+0,1.000000E+0
13.447329E+3,73.208615E+0,74.370000E+0,-1.001048E+0,24.000000E+0,1.172900E+0,3.241596E+0,46.259480E+0,-133.708800E+0,2.650000E+0,200.000000E+0,75.000000E+0,40.000000E+0,3.000000E+0,1.000000E+0
13.492891E+3,72.449388E+0,73.710000E+0,-990.159059E-3,22.000000E+0,1.182490E+0,1.884844E+0,46.990640E+0,-133.928600E+0,2.650000E+0,200.000000E+0,75.000000E+0,40.000000E+0,3.000000E+0,1.000000E+0
13.538435E+3,71.690028E+0,72.950000E+0,-983.580978E-3,11.000000E+0,1.085038E+0,-672.578000E-3,47.886440E+0,-134.177200E+0,2.650000E+0,200.000000E+0,75.000000E+0,40.000000E+0,3.000000E+0,1.000000E+0
13.583990E+3,70.930951E+0,72.460000E+0,-979.057364E-3,18.000000E+0,1.101884E+0,-5.488722E+0,48.720900E+0,-134.340400E+0,2.650000E+0,200.000000E+0,75.000000E+0,40.000000E+0,3.000000E+0,1.000000E+0
13.629537E+3,70.171708E+0,71.400000E+0,-1.003186E+0,18.000000E+0,1.099968E+0,-5.291940E+0,49.589560E+0,-134.682200E+0,2.650000E+0,200.000000E+0,75.000000E+0,40.000000E+0,3.000000E+0,1.000000E+0
13.675086E+3,69.412598E+0,70.760000E+0,-939.548901E-3,5.000000E+0,1.148014E+0,-5.215092E+0,50.247340E+0,-134.707800E+0,2.650000E+0,200.000000E+0,75.000000E+0,40.000000E+0,3.000000E+0,1.000000E+0
13.720666E+3,68.653438E+0,70.250000E+0,-926.431048E-3,16.000000E+0,1.182456E+0,-3.016204E+0,53.277640E+0,-134.447400E+0,2.650000E+0,200.000000E+0,75.000000E+0,40.000000E+0,3.000000E+0,1.000000E+0
13.766197E+3,67.893778E+0,69.230000E+0,-987.938738E-3,11.000000E+0,1.193932E+0,-1.335342E+0,54.262180E+0,-134.568800E+0,2.650000E+0,200.000000E+0,75.000000E+0,40.000000E+0,3.000000E+0,1.000000E+0
13.811738E+3,67.134917E+0,68.610000E+0,-965.901533E-3,0.000000E+0,1.206364E+0,-1.549882E+0,55.014020E+0,-134.670000E+0,2.650000E+0,200.000000E+0,75.000000E+0,40.000000E+0,3.000000E+0,1.000000E+0
13.857289E+3,66.375907E+0,68.100000E+0,-961.473946E-3,4.000000E+0,1.251684E+0,-254.310820E-3,56.207840E+0,-134.890000E+0,2.357500E+0,200.000000E+0,75.000000E+0,40.000000E+0,3.000000E+0,1.000000E+0
13.902846E+3,65.616731E+0,67.160000E+0,-948.395947E-3,5.000000E+0,1.315164E+0,1.276111E+0,57.558880E+0,-135.007000E+0,2.130000E+0,200.000000E+0,75.000000E+0,40.000000E+0,3.000000E+0,1.000000E+0
13.948403E+3,64.857437E+0,66.400000E+0,-944.110036E-3,0.000000E+0,1.356014E+0,3.263870E+0,59.405160E+0,-135.240200E+0,2.292500E+0,200.000000E+0,75.000000E+0,40.000000E+0,3.000000E+0,1.000000E+0
13.993983E+3,64.098160E+0,65.950000E+0,-926.559561E-3,0.000000E+0,1.319922E+0,4.688865E+0,59.969340E+0,-136.681200E+0,2.162500E+0,200.000000E+0,75.000000E+0,40.000000E+0,3.000000E+0,1.000000E+0
14.039531E+3,63.338484E+0,65.060000E+0,-939.563822E-3,3.000000E+0,1.498806E+0,12.215452E+0,63.292320E+0,-136.974400E+0,2.000000E+0,200.000000E+0,75.000000E+0,40.000000E+0,3.000000E+0,1.000000E+0
14.085164E+3,62.579357E+0,64.170000E+0,-956.994535E-3,0.000000E+0,1.748466E+0,12.220098E+0,67.304480E+0,-137.343400E+0,2.097500E+0,200.000000E+0,75.000000E+0,40.000000E+0,3.000000E+0,1.000000E+0
14.130699E+3,61.818813E+0,63.560000E+0,-932.782862E-3,16.000000E+0,2.058776E+0,18.612020E+0,72.171860E+0,-137.597400E+0,2.097500E+0,200.000000E+0,75.000000E+0,40.000000E+0,3.000000E+0,1.000000E+0
14.176249E+3,61.059887E+0,62.470000E+0,-950.060404E-3,16.000000E+0,2.480498E+0,21.541720E+0,78.061220E+0,-137.631600E+0,2.520000E+0,200.000000E+0,75.000000E+0,40.000000E+0,3.000000E+0,1.000000E+0
14.221795E+3,60.300727E+0,61.650000E+0,-1.013589E+0,14.000000E+0,2.589274E+0,30.908040E+0,84.151140E+0,-137.772000E+0,2.650000E+0,200.000000E+0,75.000000E+0,40.000000E+0,3.000000E+0,1.000000E+0
14.267351E+3,59.541616E+0,61.110000E+0,-1.092774E+0,10.000000E+0,3.052486E+0,29.623100E+0,89.485220E+0,-137.532200E+0,2.650000E+0,200.000000E+0,75.000000E+0,40.000000E+0,3.000000E+0,1.000000E+0
14.312900E+3,58.782356E+0,60.120000E+0,-1.121676E+0,9.000000E+0,3.084932E+0,30.268660E+0,92.736060E+0,-137.510600E+0,2.650000E+0,200.000000E+0,75.000000E+0,40.000000E+0,3.000000E+0,1.000000E+0
14.358797E+3,58.023213E+0,59.340000E+0,-1.091179E+0,36.000000E+0,3.294838E+0,32.501700E+0,96.366840E+0,-137.339400E+0,2.617500E+0,200.000000E+0,75.000000E+0,40.000000E+0,3.000000E+0,1.000000E+0
14.404378E+3,57.258253E+0,58.350000E+0,-1.053782E+0,95.000000E+0,3.469442E+0,33.921180E+0,99.638220E+0,-137.176400E+0,2.650000E+0,200.000000E+0,75.000000E+0,40.000000E+0,3.000000E+0,1.000000E+0
14.449925E+3,56.498576E+0,57.180000E+0,-1.021558E+0,89.000000E+0,3.579850E+0,35.474760E+0,102.443600E+0,-136.991200E+0,2.650000E+0,200.000000E+0,75.000000E+0,40.000000E+0,3.000000E+0,1.000000E+0
14.495493E+3,55.739449E+0,56.390000E+0,-1.109969E+0,100.000000E+0,3.824476E+0,33.559840E+0,104.983600E+0,-136.852800E+0,2.870000E+0,200.000000E+0,75.000000E+0,40.000000E+0,3.000000E+0,1.000000E+0
14.541065E+3,54.979989E+0,55.800000E+0,-1.248147E+0,93.000000E+0,3.669738E+0,35.266560E+0,106.140800E+0,-136.721800E+0,3.145000E+0,200.000000E+0,75.000000E+0,40.000000E+0,3.000000E+0,1.000000E+0
14.586614E+3,54.220462E+0,55.290000E+0,-1.291259E+0,45.000000E+0,3.627334E+0,35.158000E+0,106.443800E+0,-136.630800E+0,3.365000E+0,200.000000E+0,75.000000E+0,40.000000E+0,3.000000E+0,1.000000E+0
14.632183E+3,53.461302E+0,54.440000E+0,-1.207115E+0,51.000000E+0,3.698658E+0,32.042460E+0,105.390800E+0,-136.842000E+0,2.650000E+0,200.000000E+0,75.000000E+0,40.000000E+0,3.000000E+0,1.000000E+0
14.677838E+3,52.701825E+0,53.770000E+0,-974.494613E-3,12.000000E+0,3.793352E+0,33.842380E+0,103.860800E+0,-136.913600E+0,2.650000E+0,200.000000E+0,75.000000E+0,40.000000E+0,3.000000E+0,1.000000E+0
14.725152E+3,51.940915E+0,53.240000E+0,-842.783394E-3,1.000000E+0,3.657244E+0,32.956380E+0,103.886000E+0,-136.840600E+0,2.650000E+0,200.000000E+0,75.000000E+0,40.000000E+0,3.000000E+0,1.000000E+0
14.770699E+3,51.152337E+0,52.720000E+0,-873.198465E-3,0.000000E+0,3.726240E+0,32.900900E+0,104.618000E+0,-136.786800E+0,2.422500E+0,200.000000E+0,75.000000E+0,40.000000E+0,3.000000E+0,1.000000E+0
14.816304E+3,50.393227E+0,52.300000E+0,-889.911502E-3,0.000000E+0,3.554482E+0,34.437400E+0,104.685800E+0,-136.793800E+0,2.032500E+0,200.000000E+0,75.000000E+0,40.000000E+0,3.000000E+0,1.000000E+0
14.861903E+3,49.633133E+0,51.950000E+0,-817.541875E-3,0.000000E+0,3.599768E+0,33.869920E+0,107.709000E+0,-136.577800E+0,2.000000E+0,200.000000E+0,75.000000E+0,40.000000E+0,3.000000E+0,1.000000E+0
14.907456E+3,48.873156E+0,51.590000E+0,-690.541799E-3,0.000000E+0,3.921350E+0,34.024820E+0,113.576600E+0,-136.208600E+0,2.000000E+0,200.000000E+0,75.000000E+0,40.000000E+0,3.000000E+0,1.000000E+0
14.953029E+3,48.113946E+0,51.170000E+0,-601.243956E-3,0.000000E+0,3.695622E+0,36.999500E+0,122.528400E+0,-135.220000E+0,2.000000E+0,200.000000E+0,75.000000E+0,40.000000E+0,3.000000E+0,1.000000E+0
14.998587E+3,47.354386E+0,50.610000E+0,-530.885352E-3,0.000000E+0,3.517918E+0,39.928820E+0,135.175800E+0,-134.178200E+0,2.000000E+0,200.000000E+0,75.000000E+0,40.000000E+0,3.000000E+0,1.000000E+0
15.044118E+3,46.595093E+0,49.870000E+0,-495.828071E-3,0.000000E+0,3.518308E+0,52.162400E+0,150.570800E+0,-132.396400E+0,2.000000E+0,200.000000E+0,75.000000E+0,40.000000E+0,3.000000E+0,1.000000E+0
15.089668E+3,45.836233E+0,48.980000E+0,-542.050729E-3,0.000000E+0,3.879008E+0,39.663080E+0,171.546000E+0,-130.049800E+0,2.000000E+0,200.000000E+0,75.000000E+0,40.000000E+0,3.000000E+0,1.000000E+0
15.135214E+3,45.077072E+0,47.920000E+0,-671.700105E-3,0.000000E+0,4.340634E+0,51.087180E+0,194.498000E+0,-126.151600E+0,2.000000E+0,200.000000E+0,75.000000E+0,40.000000E+0,3.000000E+0,1.000000E+0
15.180767E+3,44.317979E+0,46.730000E+0,-858.431310E-3,0.000000E+0,4.299836E+0,52.613500E+0,232.136800E+0,-121.056000E+0,2.000000E+0,200.000000E+0,75.000000E+0,40.000000E+0,3.000000E+0,1.000000E+0
15.226331E+3,43.558752E+0,45.450000E+0,-1.071480E+0,34.000000E+0,4.312486E+0,42.920100E+0,277.734400E+0,-113.471800E+0,2.000000E+0,200.000000E+0,75.000000E+0,40.000000E+0,3.000000E+0,1.000000E+0
15.271876E+3,42.799359E+0,44.090000E+0,-1.280013E+0,82.000000E+0,3.701160E+0,64.620540E+0,330.544800E+0,-102.876200E+0,2.650000E+0,200.000000E+0,75.000000E+0,40.000000E+0,3.000000E+0,1.000000E+0
15.317432E+3,42.040282E+0,43.000000E+0,-1.464249E+0,95.000000E+0,4.361862E+0,63.926180E+0,374.434600E+0,-88.610880E+0,2.650000E+0,200.000000E+0,75.000000E+0,40.000000E+0,3.000000E+0,1.000000E+0
15.362992E+3,41.281005E+0,42.150000E+0,-1.615656E+0,98.000000E+0,3.705066E+0,73.122200E+0,388.282200E+0,-80.415180E+0,2.650000E+0,200.000000E+0,75.000000E+0,40.000000E+0,3.000000E+0,1.000000E+0
15.408528E+3,40.521679E+0,41.560000E+0,-1.659553E+0,95.000000E+0,4.768718E+0,74.553800E+0,396.658200E+0,-72.475720E+0,3.365000E+0,200.000000E+0,75.000000E+0,40.000000E+0,3.000000E+0,1.000000E+0
15.454075E+3,39.762735E+0,40.650000E+0,-1.543224E+0,86.000000E+0,5.305190E+0,58.658020E+0,389.721800E+0,-70.338920E+0,3.365000E+0,200.000000E+0,75.000000E+0,40.000000E+0,3.000000E+0,1.000000E+0
15.499634E+3,39.003625E+0,40.110000E+0,-1.279842E+0,64.000000E+0,5.490018E+0,81.113440E+0,394.951000E+0,-72.077140E+0,2.705000E+0,200.000000E+0,75.000000E+0,40.000000E+0,3.000000E+0,1.000000E+0
15.545199E+3,38.244315E+0,39.120000E+0,-1.071348E+0,49.000000E+0,4.363514E+0,91.621060E+0,398.576000E+0,-73.585320E+0,2.650000E+0,200.000000E+0,75.000000E+0,40.000000E+0,3.000000E+0,1.000000E+0
15.590744E+3,37.484888E+0,38.620000E+0,-963.831718E-3,31.000000E+0,3.947464E+0,66.870860E+0,399.965200E+0,-72.465120E+0,2.650000E+0,200.000000E+0,75.000000E+0,40.000000E+0,3.000000E+0,1.000000E+0
15.636292E+3,36.725811E+0,38.070000E+0,-983.487825E-3,14.000000E+0,4.062776E+0,62.033900E+0,394.418800E+0,-70.343280E+0,2.650000E+0,200.000000E+0,75.000000E+0,40.000000E+0,3.000000E+0,1.000000E+0
15.681848E+3,35.966668E+0,37.470000E+0,-981.195070E-3,0.000000E+0,4.342796E+0,77.253280E+0,396.471400E+0,-65.766820E+0,2.650000E+0,200.000000E+0,75.000000E+0,40.000000E+0,3.000000E+0,1.000000E+0
15.727408E+3,35.207408E+0,37.040000E+0,-893.414873E-3,0.000000E+0,4.629958E+0,70.872100E+0,391.751800E+0,-61.795520E+0,2.455000E+0,200.000000E+0,75.000000E+0,40.000000E+0,3.000000E+0,1.000000E+0
15.772952E+3,34.448081E+0,36.620000E+0,-810.067645E-3,0.000000E+0,5.628362E+0,71.383260E+0,397.343400E+0,-59.756460E+0,2.000000E+0,200.000000E+0,75.000000E+0,40.000000E+0,3.000000E+0,1.000000E+0
15.818500E+3,33.689004E+0,36.310000E+0,-709.078629E-3,0.000000E+0,5.744232E+0,63.204600E+0,376.893200E+0,-51.555040E+0,2.000000E+0,200.000000E+0,75.000000E+0,40.000000E+0,3.000000E+0,1.000000E+0
15.864054E+3,32.929878E+0,35.960000E+0,-665.145028E-3,0.000000E+0,5.551152E+0,59.952180E+0,336.697800E+0,-40.862280E+0,2.000000E+0,200.000000E+0,75.000000E+0,40.000000E+0,3.000000E+0,1.000000E+0
15.909761E+3,32.170634E+0,35.480000E+0,-572.964036E-3,0.000000E+0,5.212680E+0,74.188460E+0,293.574400E+0,-30.297860E+0,2.000000E+0,200.000000E+0,75.000000E+0,40.000000E+0,3.000000E+0,1.000000E+0
15.955516E+3,31.408857E+0,34.770000E+0,-491.768853E-3,0.000000E+0,8.028560E+0,35.229700E+0,246.194800E+0,-22.146040E+0,2.000000E+0,200.000000E+0,75.000000E+0,40.000000E+0,3.000000E+0,1.000000E+0
16.001114E+3,30.646280E+0,33.870000E+0,-487.064798E-3,0.000000E+0,5.495484E+0,79.344600E+0,205.851400E+0,-16.850700E+0,2.000000E+0,200.000000E+0,75.000000E+0,40.000000E+0,3.000000E+0,1.000000E+0
16.047754E+3,29.886304E+0,32.760000E+0,-587.007190E-3,0.000000E+0,7.610342E+0,48.775320E+0,168.780600E+0,-12.480160E+0,2.000000E+0,200.000000E+0,75.000000E+0,40.000000E+0,3.000000E+0,1.000000E+0
16.095406E+3,29.108976E+0,31.480000E+0,-794.592965E-3,0.000000E+0,7.877850E+0,77.584440E+0,140.486600E+0,-10.017422E+0,2.000000E+0,200.000000E+0,75.000000E+0,40.000000E+0,3.000000E+0,1.000000E+0
16.142156E+3,28.314780E+0,29.970000E+0,-1.048525E+0,34.000000E+0,8.936738E+0,111.057760E+0,122.051400E+0,-8.982920E+0,2.000000E+0,200.000000E+0,75.000000E+0,40.000000E+0,3.000000E+0,1.000000E+0
16.189381E+3,27.535603E+0,28.840000E+0,-1.295245E+0,46.000000E+0,6.929964E+0,10.650200E+0,107.726800E+0,-8.990516E+0,2.650000E+0,200.000000E+0,75.000000E+0,40.000000E+0,3.000000E+0,1.000000E+0
16.234147E+3,26.748524E+0,28.030000E+0,-1.533854E+0,54.000000E+0,6.166688E+0,110.096660E+0,100.591820E+0,-7.275320E+0,2.650000E+0,200.000000E+0,75.000000E+0,40.000000E+0,3.000000E+0,1.000000E+0
16.279736E+3,26.002431E+0,27.320000E+0,-1.659875E+0,54.000000E+0,5.505912E+0,98.037120E+0,94.678780E+0,-7.374280E+0,2.650000E+0,200.000000E+0,75.000000E+0,40.000000E+0,3.000000E+0,1.000000E+0
16.325396E+3,25.242605E+0,26.590000E+0,-1.574720E+0,50.000000E+0,7.939042E+0,82.921500E+0,90.232680E+0,-7.492782E+0,2.650000E+0,200.000000E+0,75.000000E+0,40.000000E+0,3.000000E+0,1.000000E+0
16.371014E+3,24.481611E+0,25.890000E+0,-1.320083E+0,43.000000E+0,5.395554E+0,101.455560E+0,86.619240E+0,-7.682584E+0,2.650000E+0,200.000000E+0,75.000000E+0,40.000000E+0,3.000000E+0,1.000000E+0
16.417015E+3,23.721301E+0,25.170000E+0,-1.073853E+0,34.000000E+0,8.235796E+0,103.125860E+0,83.259220E+0,-8.029264E+0,2.650000E+0,200.000000E+0,75.000000E+0,40.000000E+0,3.000000E+0,1.000000E+0
16.463493E+3,22.954624E+0,24.430000E+0,-965.396935E-3,24.000000E+0,6.482658E+0,98.388200E+0,80.114660E+0,-8.198864E+0,2.650000E+0,200.000000E+0,75.000000E+0,40.000000E+0,3.000000E+0,1.000000E+0
16.509479E+3,22.179996E+0,23.670000E+0,-938.925452E-3,13.000000E+0,6.497862E+0,95.722760E+0,77.550560E+0,-8.469812E+0,2.650000E+0,200.000000E+0,75.000000E+0,40.000000E+0,3.000000E+0,1.000000E+0
16.555502E+3,21.413552E+0,22.880000E+0,-939.056098E-3,0.000000E+0,9.396768E+0,101.056600E+0,75.068180E+0,-8.883402E+0,2.650000E+0,200.000000E+0,75.000000E+0,40.000000E+0,3.000000E+0,1.000000E+0
16.600708E+3,20.646508E+0,22.270000E+0,-950.177926E-3,0.000000E+0,10.365266E+0,105.760560E+0,73.616040E+0,-9.083504E+0,2.422500E+0,200.000000E+0,75.000000E+0,40.000000E+0,3.000000E+0,1.000000E+0
16.645882E+3,19.893082E+0,21.980000E+0,-977.121969E-3,0.000000E+0,7.943210E+0,46.121440E+0,72.658540E+0,-11.018866E+0,2.000000E+0,200.000000E+0,75.000000E+0,40.000000E+0,3.000000E+0,1.000000E+0
16.691402E+3,19.140172E+0,21.750000E+0,-968.294765E-3,0.000000E+0,12.413506E+0,38.777420E+0,69.617660E+0,-12.301220E+0,2.000000E+0,200.000000E+0,75.000000E+0,40.000000E+0,3.000000E+0,1.000000E+0
16.739795E+3,18.381512E+0,21.370000E+0,-843.003914E-3,0.000000E+0,18.987760E+0,79.442560E+0,65.567360E+0,-13.254100E+0,2.000000E+0,200.000000E+0,75.000000E+0,40.000000E+0,3.000000E+0,1.000000E+0
16.788292E+3,17.574949E+0,20.660000E+0,-620.752389E-3,0.000000E+0,17.468850E+0,85.580440E+0,61.590140E+0,-14.172300E+0,2.000000E+0,200.000000E+0,75.000000E+0,40.000000E+0,3.000000E+0,1.000000E+0
16.834100E+3,16.766670E+0,19.830000E+0,-443.736761E-3,0.000000E+0,22.520718E+0,83.572000E+0,58.185980E+0,-15.575260E+0,2.000000E+0,200.000000E+0,75.000000E+0,40.000000E+0,3.000000E+0,1.000000E+0
16.880040E+3,16.003210E+0,18.960000E+0,-469.574191E-3,0.000000E+0,14.286482E+0,64.800100E+0,55.509120E+0,-16.813580E+0,2.000000E+0,200.000000E+0,75.000000E+0,40.000000E+0,3.000000E+0,1.000000E+0
16.929680E+3,15.237532E+0,18.050000E+0,-681.505077E-3,0.000000E+0,25.718240E+0,70.836580E+0,52.659020E+0,-18.156260E+0,2.000000E+0,200.000000E+0,75.000000E+0,40.000000E+0,3.000000E+0,1.000000E+0
16.977654E+3,14.410202E+0,17.240000E+0,-922.177407E-3,0.000000E+0,20.148408E+0,69.536460E+0,50.958380E+0,-19.686160E+0,2.000000E+0,200.000000E+0,75.000000E+0,40.000000E+0,3.000000E+0,1.000000E+0
17.025725E+3,13.610639E+0,16.570000E+0,-1.069642E+0,0.000000E+0,33.329160E+0,54.520000E+0,48.887380E+0,-20.686160E+0,2.000000E+0,200.000000E+0,75.000000E+0,40.000000E+0,3.000000E+0,1.000000E+0
17.075037E+3,12.809460E+0,15.980000E+0,-1.095450E+0,0.000000E+0,20.356126E+0,63.929720E+0,47.996820E+0,-22.368780E+0,2.000000E+0,200.000000E+0,75.000000E+0,40.000000E+0,3.000000E+0,1.000000E+0
17.122270E+3,11.987597E+0,15.500000E+0,-1.033062E+0,0.000000E+0,27.197280E+0,87.128826E+0,46.362380E+0,-22.770080E+0,2.000000E+0,200.000000E+0,75.000000E+0,40.000000E+0,3.000000E+0,1.000000E+0
17.169641E+3,11.200368E+0,15.060000E+0,-919.373675E-3,0.000000E+0,27.750520E+0,64.942306E+0,45.606660E+0,-24.040420E+0,2.000000E+0,200.000000E+0,75.000000E+0,40.000000E+0,3.000000E+0,1.000000E+0
17.219029E+3,10.410856E+0,14.660000E+0,-788.620799E-3,0.000000E+0,40.130768E+0,50.335440E+0,44.726180E+0,-24.819160E+0,2.000000E+0,200.000000E+0,75.000000E+0,40.000000E+0,3.000000E+0,1.000000E+0
17.267515E+3,10.000000E+0,14.280000E+0,-674.924405E-3,0.000000E+0,34.468540E+0,71.556180E+0,43.759260E+0,-25.913120E+0,2.000000E+0,200.000000E+0,75.000000E+0,40.000000E+0,3.000000E+0,1.000000E+0
17.315682E+3,10.000000E+0,13.980000E+0,-589.779292E-3,0.000000E+0,25.154960E+0,109.210240E+0,42.526960E+0,-26.561160E+0,2.000000E+0,200.000000E+0,75.000000E+0,40.000000E+0,3.000000E+0,1.000000E+0
17.366312E+3,10.000000E+0,13.660000E+0,-527.511453E-3,0.000000E+0,25.387962E+0,79.267240E+0,41.644680E+0,-27.672000E+0,2.000000E+0,200.000000E+0,75.000000E+0,40.000000E+0,3.000000E+0,1.000000E+0
17.414496E+3,10.000000E+0,13.380000E+0,-473.726131E-3,0.000000E+0,28.430866E+0,63.135060E+0,41.260420E+0,-28.923920E+0,2.000000E+0,200.000000E+0,75.000000E+0,40.000000E+0,3.000000E+0,1.000000E+0
17.461297E+3,10.000000E+0,13.110000E+0,-425.607093E-3,0.000000E+0,42.224300E+0,99.673660E+0,40.764560E+0,-29.267760E+0,2.000000E+0,200.000000E+0,75.000000E+0,40.000000E+0,3.000000E+0,1.000000E+0
17.508274E+3,10.000000E+0,12.840000E+0,-387.658547E-3,0.000000E+0,37.265520E+0,63.816354E+0,39.756020E+0,-30.274020E+0,2.000000E+0,200.000000E+0,75.000000E+0,40.000000E+0,3.000000E+0,1.000000E+0
17.557247E+3,10.000000E+0,12.600000E+0,-362.758218E-3,0.000000E+0,25.574960E+0,-9.061520E+0,39.220100E+0,-31.770800E+0,2.000000E+0,200.000000E+0,75.000000E+0,40.000000E+0,3.000000E+0,1.000000E+0
17.604981E+3,10.000000E+0,12.340000E+0,-352.414318E-3,0.000000E+0,16.782880E+0,93.460680E+0,39.800960E+0,-32.444160E+0,2.000000E+0,200.000000E+0,75.000000E+0,40.000000E+0,3.000000E+0,1.000000E+0
17.650958E+3,10.000000E+0,12.140000E+0,-337.278435E-3,0.000000E+0,17.332860E+0,98.035380E+0,39.579960E+0,-32.693960E+0,2.000000E+0,200.000000E+0,75.000000E+0,40.000000E+0,3.000000E+0,1.000000E+0
17.696597E+3,10.000000E+0,12.050000E+0,-324.875616E-3,0.000000E+0,21.923360E+0,105.302660E+0,39.549600E+0,-32.820620E+0,2.000000E+0,200.000000E+0,75.000000E+0,40.000000E+0,3.000000E+0,1.000000E+0
17.743091E+3,10.000000E+0,11.980000E+0,-307.885303E-3,0.000000E+0,27.257000E+0,-1.598420E+0,40.807460E+0,-33.779700E+0,2.000000E+0,200.000000E+0,75.000000E+0,40.000000E+0,3.000000E+0,1.000000E+0
17.788745E+3,10.000000E+0,11.930000E+0,-264.888029E-3,0.000000E+0,21.956842E+0,44.099220E+0,39.161700E+0,-32.917940E+0,2.000000E+0,200.000000E+0,75.000000E+0,40.000000E+0,3.000000E+0,1.000000E+0
17.834480E+3,10.000000E+0,11.870000E+0,-196.214694E-3,0.000000E+0,17.721740E+0,74.246560E+0,39.122540E+0,-33.202740E+0,2.000000E+0,200.000000E+0,75.000000E+0,40.000000E+0,3.000000E+0,1.000000E+0
17.880130E+3,10.000000E+0,11.820000E+0,-124.084831E-3,0.000000E+0,20.168280E+0,87.495960E+0,39.041220E+0,-33.349760E+0,2.000000E+0,200.000000E+0,75.000000E+0,40.000000E+0,3.000000E+0,1.000000E+0
17.926580E+3,10.000000E+0,11.770000E+0,-84.850137E-3,0.000000E+0,19.690360E+0,83.533240E+0,39.057220E+0,-33.365800E+0,2.000000E+0,200.000000E+0,75.000000E+0,40.000000E+0,3.000000E+0,1.000000E+0
17.973027E+3,10.000000E+0,11.720000E+0,-74.192017E-3,0.000000E+0,18.668858E+0,88.487280E+0,38.966480E+0,-33.467880E+0,2.000000E+0,200.000000E+0,75.000000E+0,40.000000E+0,3.000000E+0,1.000000E+0
18.018626E+3,10.000000E+0,11.680000E+0,-69.862499E-3,0.000000E+0,16.884480E+0,73.863160E+0,38.864180E+0,-33.680480E+0,2.000000E+0,200.000000E+0,75.000000E+0,40.000000E+0,3.000000E+0,1.000000E+0
18.064616E+3,10.000000E+0,11.630000E+0,-67.318788E-3,0.000000E+0,21.733140E+0,84.421200E+0,38.838860E+0,-33.771900E+0,2.000000E+0,200.000000E+0,75.000000E+0,40.000000E+0,3.000000E+0,1.000000E+0
18.110198E+3,10.000000E+0,11.590000E+0,-62.800207E-3,0.000000E+0,21.087800E+0,81.952100E+0,37.927200E+0,-33.896100E+0,2.000000E+0,200.000000E+0,75.000000E+0,40.000000E+0,3.000000E+0,1.000000E+0
18.156177E+3,10.000000E+0,11.550000E+0,-60.737708E-3,0.000000E+0,19.918500E+0,85.668820E+0,37.819380E+0,-34.037320E+0,2.000000E+0,200.000000E+0,75.000000E+0,40.000000E+0,3.000000E+0,1.000000E+0
18.203017E+3,10.000000E+0,11.510000E+0,-58.865172E-3,0.000000E+0,13.887362E+0,88.162860E+0,37.718860E+0,-34.165060E+0,2.000000E+0,200.000000E+0,75.000000E+0,40.000000E+0,3.000000E+0,1.000000E+0
18.248229E+3,10.000000E+0,11.480000E+0,-56.784220E-3,0.000000E+0,21.459360E+0,81.899300E+0,37.670180E+0,-34.289060E+0,2.650000E+0,200.000000E+0,75.000000E+0,40.000000E+0,3.000000E+0,1.000000E+0
18.294213E+3,10.000000E+0,11.440000E+0,-54.369049E-3,0.000000E+0,18.279180E+0,104.388300E+0,37.668100E+0,-34.347900E+0,2.650000E+0,200.000000E+0,75.000000E+0,40.000000E+0,3.000000E+0,1.000000E+0
18.577282E+3,10.007664E+0,11.230000E+0,-49.921353E-3,0.000000E+0,46.707440E+0,84.649000E+0,40.038200E+0,-35.661160E+0,2.650000E+0,200.000000E+0,75.000000E+0,40.000000E+0,3.000000E+0,1.000000E+0
18.623215E+3,10.007664E+0,11.200000E+0,-47.798223E-3,0.000000E+0,50.604220E+0,133.867800E+0,40.015600E+0,-35.724300E+0,2.650000E+0,200.000000E+0,75.000000E+0,40.000000E+0,3.000000E+0,1.000000E+0
