C19522      
0.00,325.000
0.02,325.000
0.04,325.000
0.06,325.000
0.08,325.000
0.10,325.000
0.12,325.000
0.14,325.000
0.16,325.000
0.18,325.000
0.20,325.000
0.22,325.000
0.24,325.000
0.26,325.000
0.28,325.000
0.30,325.000
0.32,325.000
0.34,325.000
0.36,325.000
0.38,325.000
0.40,325.000
0.42,325.000
0.44,325.000
0.46,325.000
0.48,325.000
0.50,325.000
0.52,325.000
0.54,325.000
0.56,325.000
0.58,325.000
0.60,325.000
0.62,325.000
0.64,325.000
0.66,325.000
0.68,325.000
0.70,325.000
0.72,325.000
0.74,325.000
0.76,325.000
0.78,325.000
0.80,325.000
0.82,325.000
0.84,325.000
0.86,286.250
0.88,252.459
0.90,223.195
0.92,197.951
0.94,176.461
0.96,157.936
0.98,141.778
1.00,127.710
1.02,115.625
1.04,105.054
1.06, 95.802
1.08, 87.693
1.10, 80.549
1.12, 74.238
1.14, 68.650
1.16, 63.673
1.18, 59.235
1.20, 55.253
1.22, 51.669
1.24, 48.446
1.26, 45.525
1.28, 42.868
1.30, 40.450
1.32, 38.244
1.34, 36.221
1.36, 34.366
1.38, 32.663
1.40, 31.092
1.42, 29.640
1.44, 28.293
1.46, 27.045
1.48, 25.886
1.50, 24.807
1.52, 23.800
1.54, 22.861
1.56, 21.982
1.58, 21.158
1.60, 20.385
1.62, 19.659
1.64, 18.976
1.66, 18.331
1.68, 17.724
1.70, 17.149
1.72, 16.606
1.74, 16.092
1.76, 15.604
1.78, 15.141
1.80, 14.701
1.82, 14.284
1.84, 13.886
1.86, 13.508
1.88, 13.147
1.90, 12.802
1.92, 12.473
1.94, 12.159
1.96, 11.859
1.98, 11.571
2.00, 11.295
2.02, 11.031
2.04, 10.777
2.06, 10.534
2.08, 10.300
2.10, 10.075
2.12,  9.858
2.14,  9.649
2.16,  9.447
2.18,  9.253
2.20,  9.066
2.22,  8.885
2.24,  8.710
2.26,  8.541
2.28,  8.378
2.30,  8.220
2.32,  8.067
2.34,  7.919
2.36,  7.776
2.38,  7.638
2.40,  7.504
2.42,  7.374
2.44,  7.248
2.46,  7.126
2.48,  7.007
2.50,  6.892
2.52,  6.780
2.54,  6.671
2.56,  6.565
2.58,  6.462
2.60,  6.362
2.62,  6.265
2.64,  6.170
2.66,  6.078
2.68,  5.988
2.70,  5.901
2.72,  5.815
2.74,  5.732
2.76,  5.651
2.78,  5.572
2.80,  5.494
2.82,  5.419
2.84,  5.345
2.86,  5.273
2.88,  5.203
2.90,  5.135
2.92,  5.067
2.94,  5.002
2.96,  4.938
2.98,  4.875
3.00,  4.814
3.04,  4.695
3.08,  4.581
3.12,  4.472
3.16,  4.367
3.20,  4.266
3.24,  4.169
3.28,  4.076
3.32,  3.986
3.36,  3.900
3.40,  3.817
3.44,  3.737
3.48,  3.660
3.52,  3.585
3.56,  3.513
3.60,  3.444
3.64,  3.376
3.68,  3.312
3.72,  3.249
3.76,  3.188
3.80,  3.129
3.84,  3.072
3.88,  3.017
3.92,  2.964
3.96,  2.912
4.00,  2.861
4.10,  2.742
4.20,  2.630
4.30,  2.526
4.40,  2.429
4.50,  2.337
4.60,  2.252
4.70,  2.171
4.80,  2.096
4.90,  2.025
5.00,  1.959
5.10,  1.896
5.20,  1.837
5.30,  1.781
5.40,  1.729
5.50,  1.679
5.60,  1.631
