Sensor Model:   CGR-1-2000-1.4L
Serial Number:  C19522
Interpolation Method:   Lagrangian
SetPoint Limit: 325.      (Kelvin)
Data Format:    4      (Log Ohms/Kelvin)
Number of Breakpoints:   41

No.   Units      Temperature (K)

  1  0.84044       325.0
  2  0.84091       324.0
  3  0.84231       321.0
  4  0.84960       306.0
  5  0.85740       291.0
  6  0.86575       276.0
  7  0.87467       261.0
  8  0.88420       246.0
  9  0.89441       231.0
 10  0.90542       216.0
 11  0.91742       201.0
 12  0.93069       186.0
 13  0.94556       171.0
 14  0.96111       157.0
 15  0.97454       146.0
 16  0.98371       139.0
 17  0.99206       133.0
 18  1.00586       124.0
 19  1.01418       119.0
 20  1.04214       104.0
 21  1.07659        89.0
 22  1.11417        76.0
 23  1.15444        65.0
 24  1.23012        50.0
 25  1.29530        41.0
 26  1.37231        33.3
 27  1.45580        27.3
 28  1.55032        22.4
 29  1.65465        18.5
 30  1.77302        15.3
 31  1.91219        12.6
 32  2.06285        10.5
 33  2.24115         8.7
 34  2.44780         7.2
 35  2.67728         6.0
 36  2.94060         5.0
 37  3.26947         4.1
 38  3.68729         3.3
 39  4.13647         2.7
 40  4.93704         2.0
 41  6.13304         1.4
