Tiempo (min)	I pulso(mA)	Vinst 1 (V)	Iinst 1 (mA)	Rinst 1(Ohm)	Rrem 1 (Ohm)	Ibias 1 (mA)	Vbias 1 (V)	Vinst 2 (V)	Iinst 2 (mA)	Rinst 2(Ohm)	Rrem 2 (Ohm)	Ibias 2 (mA)	Vbias 2 (V)	Ancho pulso (s)	Periodo (s)	Icc 1 (mA)	Vcc 1 (V)	Icc 2 (mA)	Vcc 2 (V)	2W 1?	N7.195578E-1	1.210000E+2	1.210000E-1	2.916000E-2	4.149520E+3	4.326425E+3	2.316000E-2	1.002000E-1	9.910000E+37	2.916000E-2	3.398491E+42	4.278929E+42	2.316000E-2	9.910000E+37	1.000000E-3	5.000000E+0	1.000000E+1	1.000000E+1	1.000000E+2	1.000000E+1	1.000000E+0	1.000000E+0
8.740667E-1	2.210000E+2	2.211000E-1	5.868000E-2	3.767894E+3	4.356989E+3	2.325000E-2	1.013000E-1	9.910000E+37	5.868000E-2	1.688821E+42	4.262366E+42	2.325000E-2	9.910000E+37	1.000000E-3	5.000000E+0	1.000000E+1	1.000000E+1	1.000000E+2	1.000000E+1	1.000000E+0	2.000000E+0
1.029009E+0	3.210000E+2	3.199000E-1	8.994000E-2	3.556816E+3	4.190436E+3	2.384000E-2	9.990000E-2	9.910000E+37	8.994000E-2	1.101846E+42	4.156879E+42	2.384000E-2	9.910000E+37	1.000000E-3	5.000000E+0	1.000000E+1	1.000000E+1	1.000000E+2	1.000000E+1	1.000000E+0	3.000000E+0
1.183168E+0	4.210000E+2	4.221000E-1	1.251500E-1	3.372753E+3	4.185170E+3	2.387000E-2	9.990000E-2	9.910000E+37	1.251500E-1	7.918498E+41	4.151655E+42	2.387000E-2	9.910000E+37	1.000000E-3	5.000000E+0	1.000000E+1	1.000000E+1	1.000000E+2	1.000000E+1	1.000000E+0	4.000000E+0
1.337310E+0	5.210000E+2	5.209000E-1	1.623300E-1	3.208895E+3	4.252336E+3	2.354000E-2	1.001000E-1	9.910000E+37	1.623300E-1	6.104848E+41	4.209856E+42	2.354000E-2	9.910000E+37	1.000000E-3	5.000000E+0	1.000000E+1	1.000000E+1	1.000000E+2	1.000000E+1	1.000000E+0	5.000000E+0
1.491435E+0	6.210000E+2	6.212000E-1	2.023900E-1	3.069322E+3	4.256410E+3	2.340000E-2	9.960000E-2	9.910000E+37	2.023900E-1	4.896487E+41	4.235043E+42	2.340000E-2	9.910000E+37	1.000000E-3	5.000000E+0	1.000000E+1	1.000000E+1	1.000000E+2	1.000000E+1	1.000000E+0	6.000000E+0
1.645544E+0	7.210000E+2	7.205000E-1	2.441600E-1	2.950934E+3	4.169108E+3	2.389000E-2	9.960000E-2	9.910000E+37	2.441600E-1	4.058814E+41	4.148179E+42	2.389000E-2	9.910000E+37	1.000000E-3	5.000000E+0	1.000000E+1	1.000000E+1	1.000000E+2	1.000000E+1	1.000000E+0	7.000000E+0
1.799653E+0	8.210000E+2	8.198000E-1	2.886700E-1	2.839921E+3	4.193277E+3	2.380000E-2	9.980000E-2	9.910000E+37	2.886700E-1	3.432986E+41	4.163866E+42	2.380000E-2	9.910000E+37	1.000000E-3	5.000000E+0	1.000000E+1	1.000000E+1	1.000000E+2	1.000000E+1	1.000000E+0	8.000000E+0
1.953762E+0	9.210000E+2	9.210000E-1	3.359700E-1	2.741316E+3	4.269280E+3	2.347000E-2	1.002000E-1	9.910000E+37	3.359700E-1	2.949668E+41	4.222412E+42	2.347000E-2	9.910000E+37	1.000000E-3	5.000000E+0	1.000000E+1	1.000000E+1	1.000000E+2	1.000000E+1	1.000000E+0	9.000000E+0
2.107904E+0	1.000000E+3	9.994000E-1	3.745700E-1	2.668126E+3	4.210970E+3	2.370000E-2	9.980000E-2	9.910000E+37	3.745700E-1	2.645700E+41	4.181435E+42	2.370000E-2	9.910000E+37	1.000000E-3	5.000000E+0	1.000000E+1	1.000000E+1	1.000000E+2	1.000000E+1	1.000000E+0	1.000000E+1
2.262046E+0	9.000000E+2	9.004000E-1	3.257900E-1	2.763744E+3	4.196653E+3	2.390000E-2	1.003000E-1	9.910000E+37	3.257900E-1	3.041837E+41	4.146444E+42	2.390000E-2	9.910000E+37	1.000000E-3	5.000000E+0	1.000000E+1	1.000000E+1	1.000000E+2	1.000000E+1	1.000000E+0	1.100000E+1
2.416188E+0	8.000000E+2	8.012000E-1	2.802000E-1	2.859386E+3	4.227848E+3	2.370000E-2	1.002000E-1	9.910000E+37	2.802000E-1	3.536759E+41	4.181435E+42	2.370000E-2	9.910000E+37	1.000000E-3	5.000000E+0	1.000000E+1	1.000000E+1	1.000000E+2	1.000000E+1	1.000000E+0	1.200000E+1
2.570330E+0	7.000000E+2	7.004000E-1	2.355700E-1	2.973214E+3	4.225766E+3	2.383000E-2	1.007000E-1	9.910000E+37	2.355700E-1	4.206818E+41	4.158624E+42	2.383000E-2	9.910000E+37	1.000000E-3	5.000000E+0	1.000000E+1	1.000000E+1	1.000000E+2	1.000000E+1	1.000000E+0	1.300000E+1
2.724489E+0	6.000000E+2	5.996000E-1	1.935200E-1	3.098388E+3	4.206549E+3	2.382000E-2	1.002000E-1	9.910000E+37	1.935200E-1	5.120918E+41	4.160369E+42	2.382000E-2	9.910000E+37	1.000000E-3	5.000000E+0	1.000000E+1	1.000000E+1	1.000000E+2	1.000000E+1	1.000000E+0	1.400000E+1
2.878631E+0	5.000000E+2	4.999000E-1	1.547900E-1	3.229537E+3	4.251701E+3	2.352000E-2	1.000000E-1	9.910000E+37	1.547900E-1	6.402222E+41	4.213435E+42	2.352000E-2	9.910000E+37	1.000000E-3	5.000000E+0	1.000000E+1	1.000000E+1	1.000000E+2	1.000000E+1	1.000000E+0	1.500000E+1
3.032790E+0	4.000000E+2	3.992000E-1	1.176300E-1	3.393692E+3	4.274678E+3	2.330000E-2	9.960000E-2	9.910000E+37	1.176300E-1	8.424722E+41	4.253219E+42	2.330000E-2	9.910000E+37	1.000000E-3	5.000000E+0	1.000000E+1	1.000000E+1	1.000000E+2	1.000000E+1	1.000000E+0	1.600000E+1
3.186932E+0	3.000000E+2	2.998000E-1	8.368000E-2	3.582696E+3	4.244511E+3	2.323000E-2	9.860000E-2	9.910000E+37	8.368000E-2	1.184273E+42	4.266035E+42	2.323000E-2	9.910000E+37	1.000000E-3	4.000000E+0	1.000000E+1	1.000000E+1	1.000000E+2	1.000000E+1	1.000000E+0	1.700000E+1
3.291072E+0	2.000000E+2	1.996000E-1	5.260000E-2	3.794677E+3	4.214286E+3	2.380000E-2	1.003000E-1	9.910000E+37	5.260000E-2	1.884030E+42	4.163866E+42	2.380000E-2	9.910000E+37	1.000000E-3	3.000000E+0	1.000000E+1	1.000000E+1	1.000000E+2	1.000000E+1	1.000000E+0	1.800000E+1
3.378593E+0	1.000000E+2	9.980000E-2	2.324000E-2	4.294320E+3	4.301724E+3	2.320000E-2	9.980000E-2	9.910000E+37	2.324000E-2	4.264200E+42	4.271552E+42	2.320000E-2	9.910000E+37	1.000000E-3	3.000000E+0	1.000000E+1	1.000000E+1	1.000000E+2	1.000000E+1	1.000000E+0	1.900000E+1
3.466082E+0	0.000000E+0	4.000000E-4	-3.110000E-3	-1.286174E+2	4.212286E+3	2.393000E-2	1.008000E-1	9.910000E+37	-3.110000E-3	-3.186495E+43	4.141245E+42	2.393000E-2	9.910000E+37	1.000000E-3	3.000000E+0	1.000000E+1	1.000000E+1	1.000000E+2	1.000000E+1	1.000000E+0	2.000000E+1
3.553570E+0	-1.000000E+2	-9.860000E-2	-3.033000E-2	3.250907E+3	4.212083E+3	2.367000E-2	9.970000E-2	9.910000E+37	-3.033000E-2	-3.267392E+42	4.186734E+42	2.367000E-2	9.910000E+37	1.000000E-3	3.000000E+0	1.000000E+1	1.000000E+1	1.000000E+2	1.000000E+1	1.000000E+0	2.100000E+1
3.641075E+0	-2.000000E+2	-2.000000E-1	-5.947000E-2	3.363040E+3	4.245123E+3	2.358000E-2	1.001000E-1	9.910000E+37	-5.947000E-2	-1.666386E+42	4.202714E+42	2.358000E-2	9.910000E+37	1.000000E-3	3.000000E+0	1.000000E+1	1.000000E+1	1.000000E+2	1.000000E+1	1.000000E+0	2.200000E+1
3.728530E+0	-3.000000E+2	-2.998000E-1	-9.129000E-2	3.284040E+3	4.165621E+3	2.391000E-2	9.960000E-2	9.910000E+37	-9.129000E-2	-1.085552E+42	4.144709E+42	2.391000E-2	9.910000E+37	1.000000E-3	3.000000E+0	1.000000E+1	1.000000E+1	1.000000E+2	1.000000E+1	1.000000E+0	2.300000E+1
3.816035E+0	-4.000000E+2	-3.998000E-1	-1.257700E-1	3.178818E+3	4.306034E+3	2.320000E-2	9.990000E-2	9.910000E+37	-1.257700E-1	-7.879463E+41	4.271552E+42	2.320000E-2	9.910000E+37	1.000000E-3	3.000000E+0	1.000000E+1	1.000000E+1	1.000000E+2	1.000000E+1	1.000000E+0	2.400000E+1
3.903507E+0	-5.000000E+2	-4.988000E-1	-1.620900E-1	3.077303E+3	4.225053E+3	2.355000E-2	9.950000E-2	9.910000E+37	-1.620900E-1	-6.113887E+41	4.208068E+42	2.355000E-2	9.910000E+37	1.000000E-3	3.000000E+0	1.000000E+1	1.000000E+1	1.000000E+2	1.000000E+1	1.000000E+0	2.500000E+1
3.991762E+0	-6.000000E+2	-5.986000E-1	-2.015200E-1	2.970425E+3	4.225470E+3	2.395000E-2	1.012000E-1	9.910000E+37	-2.015200E-1	-4.917626E+41	4.137787E+42	2.395000E-2	9.910000E+37	1.000000E-3	3.000000E+0	1.000000E+1	1.000000E+1	1.000000E+2	1.000000E+1	1.000000E+0	2.600000E+1
4.079233E+0	-7.000000E+2	-7.000000E-1	-2.447600E-1	2.859944E+3	4.143509E+3	2.411000E-2	9.990000E-2	9.910000E+37	-2.447600E-1	-4.048864E+41	4.110328E+42	2.411000E-2	9.910000E+37	1.000000E-3	3.000000E+0	1.000000E+1	1.000000E+1	1.000000E+2	1.000000E+1	1.000000E+0	2.700000E+1
4.166722E+0	-8.000000E+2	-8.001000E-1	-2.882100E-1	2.776101E+3	4.250426E+3	2.348000E-2	9.980000E-2	9.910000E+37	-2.882100E-1	-3.438465E+41	4.220613E+42	2.348000E-2	9.910000E+37	1.000000E-3	3.000000E+0	1.000000E+1	1.000000E+1	1.000000E+2	1.000000E+1	1.000000E+0	2.800000E+1
4.254210E+0	-9.000000E+2	-9.000000E-1	-3.345300E-1	2.690342E+3	4.142798E+3	2.409000E-2	9.980000E-2	9.910000E+37	-3.345300E-1	-2.962365E+41	4.113740E+42	2.409000E-2	9.910000E+37	1.000000E-3	3.000000E+0	1.000000E+1	1.000000E+1	1.000000E+2	1.000000E+1	1.000000E+0	2.900000E+1
4.341698E+0	-1.000000E+3	-9.991000E-1	-3.822900E-1	2.613461E+3	4.254499E+3	2.334000E-2	9.930000E-2	9.910000E+37	-3.822900E-1	-2.592273E+41	4.245930E+42	2.334000E-2	9.910000E+37	1.000000E-3	3.000000E+0	1.000000E+1	1.000000E+1	1.000000E+2	1.000000E+1	1.000000E+0	3.000000E+1
4.429170E+0	-1.000000E+3	-9.997000E-1	-3.823500E-1	2.614620E+3	4.175237E+3	2.431000E-2	1.015000E-1	9.910000E+37	-3.823500E-1	-2.591866E+41	4.076512E+42	2.431000E-2	9.910000E+37	1.000000E-3	3.000000E+0	1.000000E+1	1.000000E+1	1.000000E+2	1.000000E+1	1.000000E+0	3.100000E+1
4.516675E+0	-9.000000E+2	-9.007000E-1	-3.351600E-1	2.687373E+3	4.229149E+3	2.374000E-2	1.004000E-1	9.910000E+37	-3.351600E-1	-2.956797E+41	4.174389E+42	2.374000E-2	9.910000E+37	1.000000E-3	3.000000E+0	1.000000E+1	1.000000E+1	1.000000E+2	1.000000E+1	1.000000E+0	3.200000E+1
4.604180E+0	-8.000000E+2	-8.009000E-1	-2.884100E-1	2.776949E+3	4.127049E+3	2.440000E-2	1.007000E-1	9.910000E+37	-2.884100E-1	-3.436081E+41	4.061475E+42	2.440000E-2	9.910000E+37	1.000000E-3	3.000000E+0	1.000000E+1	1.000000E+1	1.000000E+2	1.000000E+1	1.000000E+0	3.300000E+1
4.691668E+0	-7.000000E+2	-7.002000E-1	-2.444000E-1	2.864975E+3	4.211854E+3	2.379000E-2	1.002000E-1	9.910000E+37	-2.444000E-1	-4.054828E+41	4.165616E+42	2.379000E-2	9.910000E+37	1.000000E-3	3.000000E+0	1.000000E+1	1.000000E+1	1.000000E+2	1.000000E+1	1.000000E+0	3.400000E+1
4.779190E+0	-6.000000E+2	-6.012000E-1	-2.028400E-1	2.963912E+3	4.136630E+3	2.386000E-2	9.870000E-2	9.910000E+37	-2.028400E-1	-4.885624E+41	4.153395E+42	2.386000E-2	9.910000E+37	1.000000E-3	3.000000E+0	1.000000E+1	1.000000E+1	1.000000E+2	1.000000E+1	1.000000E+0	3.500000E+1
4.866645E+0	-5.000000E+2	-5.005000E-1	-1.628000E-1	3.074324E+3	4.233700E+3	2.362000E-2	1.000000E-1	9.910000E+37	-1.628000E-1	-6.087224E+41	4.195597E+42	2.362000E-2	9.910000E+37	1.000000E-3	3.000000E+0	1.000000E+1	1.000000E+1	1.000000E+2	1.000000E+1	1.000000E+0	3.600000E+1
4.954167E+0	-4.000000E+2	-4.005000E-1	-1.257500E-1	3.184891E+3	4.239222E+3	2.366000E-2	1.003000E-1	9.910000E+37	-1.257500E-1	-7.880716E+41	4.188504E+42	2.366000E-2	9.910000E+37	1.000000E-3	3.000000E+0	1.000000E+1	1.000000E+1	1.000000E+2	1.000000E+1	1.000000E+0	3.700000E+1
5.041705E+0	-3.000000E+2	-2.998000E-1	-9.120000E-2	3.287281E+3	4.242681E+3	2.357000E-2	1.000000E-1	9.910000E+37	-9.120000E-2	-1.086623E+42	4.204497E+42	2.357000E-2	9.910000E+37	1.000000E-3	3.000000E+0	1.000000E+1	1.000000E+1	1.000000E+2	1.000000E+1	1.000000E+0	3.800000E+1
5.129193E+0	-2.000000E+2	-2.004000E-1	-5.936000E-2	3.376011E+3	4.144928E+3	2.415000E-2	1.001000E-1	9.910000E+37	-5.936000E-2	-1.669474E+42	4.103520E+42	2.415000E-2	9.910000E+37	1.000000E-3	3.000000E+0	1.000000E+1	1.000000E+1	1.000000E+2	1.000000E+1	1.000000E+0	3.900000E+1
5.216715E+0	-1.000000E+2	-9.980000E-2	-3.036000E-2	3.287220E+3	4.217172E+3	2.376000E-2	1.002000E-1	9.910000E+37	-3.036000E-2	-3.264163E+42	4.170875E+42	2.376000E-2	9.910000E+37	1.000000E-3	3.000000E+0	1.000000E+1	1.000000E+1	1.000000E+2	1.000000E+1	1.000000E+0	4.000000E+1
5.304220E+0	0.000000E+0	-1.500000E-3	-3.040000E-3	4.934211E+2	4.202777E+3	2.377000E-2	9.990000E-2	9.910000E+37	-3.040000E-3	-3.259868E+43	4.169121E+42	2.377000E-2	9.910000E+37	1.000000E-3	3.000000E+0	1.000000E+1	1.000000E+1	1.000000E+2	1.000000E+1	1.000000E+0	4.100000E+1
5.391742E+0	1.000000E+2	9.990000E-2	2.354000E-2	4.243840E+3	4.246167E+3	2.348000E-2	9.970000E-2	9.910000E+37	2.354000E-2	4.209856E+42	4.220613E+42	2.348000E-2	9.910000E+37	1.000000E-3	3.000000E+0	1.000000E+1	1.000000E+1	1.000000E+2	1.000000E+1	1.000000E+0	4.200000E+1
5.479297E+0	2.000000E+2	2.011000E-1	5.290000E-2	3.801512E+3	4.224872E+3	2.348000E-2	9.920000E-2	9.910000E+37	5.290000E-2	1.873346E+42	4.220613E+42	2.348000E-2	9.910000E+37	1.000000E-3	3.000000E+0	1.000000E+1	1.000000E+1	1.000000E+2	1.000000E+1	1.000000E+0	4.300000E+1
5.566785E+0	3.000000E+2	2.991000E-1	8.350000E-2	3.582036E+3	4.162140E+3	2.393000E-2	9.960000E-2	9.910000E+37	8.350000E-2	1.186826E+42	4.141245E+42	2.393000E-2	9.910000E+37	1.000000E-3	3.000000E+0	1.000000E+1	1.000000E+1	1.000000E+2	1.000000E+1	1.000000E+0	4.400000E+1
5.654223E+0	4.000000E+2	4.007000E-1	1.182700E-1	3.388010E+3	4.237726E+3	2.322000E-2	9.840000E-2	9.910000E+37	1.182700E-1	8.379132E+41	4.267873E+42	2.322000E-2	9.910000E+37	1.000000E-3	3.000000E+0	1.000000E+1	1.000000E+1	1.000000E+2	1.000000E+1	1.000000E+0	4.500000E+1
5.741695E+0	5.000000E+2	4.999000E-1	1.551600E-1	3.221836E+3	4.227988E+3	2.351000E-2	9.940000E-2	9.910000E+37	1.551600E-1	6.386955E+41	4.215228E+42	2.351000E-2	9.910000E+37	1.000000E-3	3.000000E+0	1.000000E+1	1.000000E+1	1.000000E+2	1.000000E+1	1.000000E+0	4.600000E+1
5.829183E+0	6.000000E+2	5.996000E-1	1.940100E-1	3.090562E+3	4.215604E+3	2.384000E-2	1.005000E-1	9.910000E+37	1.940100E-1	5.107984E+41	4.156879E+42	2.384000E-2	9.910000E+37	1.000000E-3	3.000000E+0	1.000000E+1	1.000000E+1	1.000000E+2	1.000000E+1	1.000000E+0	4.700000E+1
5.916672E+0	7.000000E+2	6.999000E-1	2.365000E-1	2.959408E+3	4.228982E+3	2.367000E-2	1.001000E-1	9.910000E+37	2.365000E-1	4.190275E+41	4.186734E+42	2.367000E-2	9.910000E+37	1.000000E-3	3.000000E+0	1.000000E+1	1.000000E+1	1.000000E+2	1.000000E+1	1.000000E+0	4.800000E+1
6.004127E+0	8.000000E+2	8.003000E-1	2.805800E-1	2.852306E+3	4.176471E+3	2.380000E-2	9.940000E-2	9.910000E+37	2.805800E-1	3.531969E+41	4.163866E+42	2.380000E-2	9.910000E+37	1.000000E-3	3.000000E+0	1.000000E+1	1.000000E+1	1.000000E+2	1.000000E+1	1.000000E+0	4.900000E+1
6.091665E+0	9.000000E+2	8.996000E-1	3.267000E-1	2.753597E+3	4.167011E+3	2.419000E-2	1.008000E-1	9.910000E+37	3.267000E-1	3.033364E+41	4.096734E+42	2.419000E-2	9.910000E+37	1.000000E-3	3.000000E+0	1.000000E+1	1.000000E+1	1.000000E+2	1.000000E+1	1.000000E+0	5.000000E+1
6.179137E+0	1.000000E+3	9.995000E-1	3.756600E-1	2.660651E+3	4.143577E+3	2.382000E-2	9.870000E-2	9.910000E+37	3.756600E-1	2.638024E+41	4.160369E+42	2.382000E-2	9.910000E+37	1.000000E-3	3.000000E+0	1.000000E+1	1.000000E+1	1.000000E+2	1.000000E+1	1.000000E+0	5.100000E+1
6.266608E+0	1.000000E+3	1.001300E+0	3.759400E-1	2.663457E+3	4.213389E+3	2.390000E-2	1.007000E-1	9.910000E+37	3.759400E-1	2.636059E+41	4.146444E+42	2.390000E-2	9.910000E+37	1.000000E-3	3.000000E+0	1.000000E+1	1.000000E+1	1.000000E+2	1.000000E+1	1.000000E+0	5.200000E+1
6.354063E+0	9.000000E+2	8.998000E-1	3.273500E-1	2.748740E+3	4.173949E+3	2.403000E-2	1.003000E-1	9.910000E+37	3.273500E-1	3.027341E+41	4.124012E+42	2.403000E-2	9.910000E+37	1.000000E-3	3.000000E+0	1.000000E+1	1.000000E+1	1.000000E+2	1.000000E+1	1.000000E+0	5.300000E+1
6.441552E+0	8.000000E+2	8.006000E-1	2.805100E-1	2.854087E+3	4.150708E+3	2.402000E-2	9.970000E-2	9.910000E+37	2.805100E-1	3.532851E+41	4.125729E+42	2.402000E-2	9.910000E+37	1.000000E-3	3.000000E+0	1.000000E+1	1.000000E+1	1.000000E+2	1.000000E+1	1.000000E+0	5.400000E+1
6.529073E+0	7.000000E+2	7.005000E-1	2.370800E-1	2.954699E+3	4.123203E+3	2.435000E-2	1.004000E-1	9.910000E+37	2.370800E-1	4.180024E+41	4.069815E+42	2.435000E-2	9.910000E+37	1.000000E-3	3.000000E+0	1.000000E+1	1.000000E+1	1.000000E+2	1.000000E+1	1.000000E+0	5.500000E+1
6.616545E+0	6.000000E+2	6.002000E-1	1.943700E-1	3.087925E+3	4.129249E+3	2.383000E-2	9.840000E-2	9.910000E+37	1.943700E-1	5.098523E+41	4.158624E+42	2.383000E-2	9.910000E+37	1.000000E-3	3.000000E+0	1.000000E+1	1.000000E+1	1.000000E+2	1.000000E+1	1.000000E+0	5.600000E+1
6.704033E+0	5.000000E+2	5.007000E-1	1.547100E-1	3.236378E+3	4.170124E+3	2.410000E-2	1.005000E-1	9.910000E+37	1.547100E-1	6.405533E+41	4.112033E+42	2.410000E-2	9.910000E+37	1.000000E-3	3.000000E+0	1.000000E+1	1.000000E+1	1.000000E+2	1.000000E+1	1.000000E+0	5.700000E+1
6.791538E+0	4.000000E+2	3.993000E-1	1.177800E-1	3.390219E+3	4.177162E+3	2.382000E-2	9.950000E-2	9.910000E+37	1.177800E-1	8.413992E+41	4.160369E+42	2.382000E-2	9.910000E+37	1.000000E-3	3.000000E+0	1.000000E+1	1.000000E+1	1.000000E+2	1.000000E+1	1.000000E+0	5.800000E+1
6.879010E+0	3.000000E+2	3.003000E-1	8.370000E-2	3.587814E+3	4.181742E+3	2.377000E-2	9.940000E-2	9.910000E+37	8.370000E-2	1.183990E+42	4.169121E+42	2.377000E-2	9.910000E+37	1.000000E-3	3.000000E+0	1.000000E+1	1.000000E+1	1.000000E+2	1.000000E+1	1.000000E+0	5.900000E+1
6.966515E+0	2.000000E+2	2.004000E-1	5.248000E-2	3.818598E+3	4.218029E+3	2.385000E-2	1.006000E-1	9.910000E+37	5.248000E-2	1.888338E+42	4.155136E+42	2.385000E-2	9.910000E+37	1.000000E-3	3.000000E+0	1.000000E+1	1.000000E+1	1.000000E+2	1.000000E+1	1.000000E+0	6.000000E+1
