  3.56000e-05      4.00000      1.33000      20075.2  0.000133000      2.67000
  3.58000e-05      3.96000      1.31000      20229.0  0.000131000      2.65000
  3.60000e-05      3.96000      1.31000      20229.0  0.000131000      2.65000
  3.62000e-05      3.92000      1.29000      20387.6  0.000129000      2.63000
  3.64000e-05      3.96000      1.31000      20229.0  0.000131000      2.65000
  3.66000e-05      4.00000      1.29000      21007.8  0.000129000      2.71000
  3.68000e-05      3.96000      1.31000      20229.0  0.000131000      2.65000
  3.70000e-05      3.96000      1.25000      21680.0  0.000125000      2.71000
  3.72000e-05      4.00000      1.29000      21007.8  0.000129000      2.71000
  3.74000e-05      3.92000      1.31000      19923.7  0.000131000      2.61000
  3.76000e-05      3.92000      1.35000      19037.0  0.000135000      2.57000
  3.78000e-05      4.00000      1.29000      21007.8  0.000129000      2.71000
  3.80000e-05      4.00000      1.29000      21007.8  0.000129000      2.71000
  3.82000e-05      3.96000      1.29000      20697.7  0.000129000      2.67000
  3.84000e-05      4.00000      1.25000      22000.0  0.000125000      2.75000
  3.86000e-05      4.00000      1.29000      21007.8  0.000129000      2.71000
  3.88000e-05      3.96000      1.29000      20697.7  0.000129000      2.67000
  3.90000e-05      4.00000      1.31000      20534.4  0.000131000      2.69000
  3.92000e-05      3.88000      1.29000      20077.5  0.000129000      2.59000
  3.94000e-05      4.04000      1.29000      21317.8  0.000129000      2.75000
  3.96000e-05      4.04000      1.27000      21811.0  0.000127000      2.77000
  3.98000e-05      4.00000      1.29000      21007.8  0.000129000      2.71000
  4.00000e-05      4.04000      1.31000      20839.7  0.000131000      2.73000
  4.02000e-05      4.00000      1.29000      21007.8  0.000129000      2.71000
  4.04000e-05      3.96000      1.29000      20697.7  0.000129000      2.67000
  4.06000e-05      4.00000      1.25000      22000.0  0.000125000      2.75000
  4.08000e-05      3.96000      1.25000      21680.0  0.000125000      2.71000
  4.10000e-05      3.96000      1.25000      21680.0  0.000125000      2.71000
  4.12000e-05      4.04000      1.25000      22320.0  0.000125000      2.79000
  4.14000e-05      3.96000      1.31000      20229.0  0.000131000      2.65000
  4.16000e-05      4.00000      1.31000      20534.4  0.000131000      2.69000
  4.18000e-05      4.00000      1.27000      21496.1  0.000127000      2.73000
  4.20000e-05      4.08000      1.29000      21627.9  0.000129000      2.79000
  4.22000e-05      3.96000      1.25000      21680.0  0.000125000      2.71000
  4.24000e-05      3.96000      1.29000      20697.7  0.000129000      2.67000
  4.26000e-05      3.96000      1.29000      20697.7  0.000129000      2.67000
  4.28000e-05      3.92000      1.27000      20866.1  0.000127000      2.65000
  4.30000e-05      4.00000      1.23000      22520.3  0.000123000      2.77000
  4.32000e-05      4.04000      1.25000      22320.0  0.000125000      2.79000
  4.34000e-05      4.00000      1.27000      21496.1  0.000127000      2.73000
  4.36000e-05      4.00000      1.27000      21496.1  0.000127000      2.73000
  4.38000e-05      3.96000      1.29000      20697.7  0.000129000      2.67000
  4.40000e-05      3.96000      1.23000      22195.1  0.000123000      2.73000
  4.42000e-05      4.04000      1.29000      21317.8  0.000129000      2.75000
  4.44000e-05      3.96000      1.29000      20697.7  0.000129000      2.67000
  4.46000e-05      4.04000      1.33000      20375.9  0.000133000      2.71000
  4.48000e-05      4.04000      1.23000      22845.5  0.000123000      2.81000
  4.50000e-05      4.04000      1.27000      21811.0  0.000127000      2.77000
  4.52000e-05      4.00000      1.25000      22000.0  0.000125000      2.75000
  4.54000e-05      4.04000      1.27000      21811.0  0.000127000      2.77000
  4.56000e-05      4.04000      1.29000      21317.8  0.000129000      2.75000
  4.58000e-05      4.04000      1.27000      21811.0  0.000127000      2.77000
  4.60000e-05      3.96000      1.25000      21680.0  0.000125000      2.71000
  4.62000e-05      3.92000      1.25000      21360.0  0.000125000      2.67000
  4.64000e-05      3.96000      1.27000      21181.1  0.000127000      2.69000
  4.66000e-05      4.00000      1.27000      21496.1  0.000127000      2.73000
  4.68000e-05      4.04000      1.25000      22320.0  0.000125000      2.79000
  4.70000e-05      3.96000      1.29000      20697.7  0.000129000      2.67000
  4.72000e-05      3.96000      1.29000      20697.7  0.000129000      2.67000
  4.74000e-05      4.00000      1.25000      22000.0  0.000125000      2.75000
  4.76000e-05      3.96000      1.27000      21181.1  0.000127000      2.69000
  4.78000e-05      4.00000      1.27000      21496.1  0.000127000      2.73000
  4.80000e-05      3.96000      1.27000      21181.1  0.000127000      2.69000
  4.82000e-05      4.00000      1.29000      21007.8  0.000129000      2.71000
  4.84000e-05      4.04000      1.29000      21317.8  0.000129000      2.75000
  4.86000e-05      4.04000      1.29000      21317.8  0.000129000      2.75000
  4.88000e-05      3.96000      1.23000      22195.1  0.000123000      2.73000
  4.90000e-05      3.96000      1.31000      20229.0  0.000131000      2.65000
  4.92000e-05      4.00000      1.27000      21496.1  0.000127000      2.73000
  4.94000e-05      3.96000      1.29000      20697.7  0.000129000      2.67000
  4.96000e-05      4.00000      1.25000      22000.0  0.000125000      2.75000
  4.98000e-05      4.04000      1.25000      22320.0  0.000125000      2.79000
  5.00000e-05      4.04000      1.27000      21811.0  0.000127000      2.77000
  5.02000e-05      4.00000      1.25000      22000.0  0.000125000      2.75000
  5.04000e-05      4.04000      1.27000      21811.0  0.000127000      2.77000
  5.06000e-05      4.00000      1.27000      21496.1  0.000127000      2.73000
  5.08000e-05      3.96000      1.23000      22195.1  0.000123000      2.73000
  5.10000e-05      3.96000      1.29000      20697.7  0.000129000      2.67000
  5.12000e-05      3.96000      1.27000      21181.1  0.000127000      2.69000
  5.14000e-05      4.00000      1.29000      21007.8  0.000129000      2.71000
  5.16000e-05      4.00000      1.29000      21007.8  0.000129000      2.71000
  5.18000e-05      4.00000      1.29000      21007.8  0.000129000      2.71000
  5.20000e-05      4.00000      1.29000      21007.8  0.000129000      2.71000
  5.22000e-05      4.00000      1.29000      21007.8  0.000129000      2.71000
  5.24000e-05      4.00000      1.29000      21007.8  0.000129000      2.71000
  5.26000e-05      3.96000      1.29000      20697.7  0.000129000      2.67000
  5.28000e-05      3.96000      1.29000      20697.7  0.000129000      2.67000
  5.30000e-05      4.00000      1.27000      21496.1  0.000127000      2.73000
  5.32000e-05      4.04000      1.29000      21317.8  0.000129000      2.75000
  5.34000e-05      3.96000      1.27000      21181.1  0.000127000      2.69000
  5.36000e-05      4.00000      1.27000      21496.1  0.000127000      2.73000
  5.38000e-05      3.96000      1.29000      20697.7  0.000129000      2.67000
  5.40000e-05      3.96000      1.27000      21181.1  0.000127000      2.69000
  5.42000e-05      3.92000      1.27000      20866.1  0.000127000      2.65000
  5.44000e-05      4.00000      1.29000      21007.8  0.000129000      2.71000
  5.46000e-05      3.96000      1.29000      20697.7  0.000129000      2.67000
  5.48000e-05      4.00000      1.31000      20534.4  0.000131000      2.69000
  5.50000e-05      3.96000      1.27000      21181.1  0.000127000      2.69000
  5.52000e-05      4.04000      1.29000      21317.8  0.000129000      2.75000
  5.54000e-05      3.96000      1.27000      21181.1  0.000127000      2.69000
  5.56000e-05      3.92000      1.25000      21360.0  0.000125000      2.67000
  5.58000e-05      4.00000      1.31000      20534.4  0.000131000      2.69000
  5.60000e-05      3.96000      1.27000      21181.1  0.000127000      2.69000
  5.62000e-05      3.92000      1.27000      20866.1  0.000127000      2.65000
  5.64000e-05      3.96000      1.27000      21181.1  0.000127000      2.69000
  5.66000e-05      4.04000      1.27000      21811.0  0.000127000      2.77000
  5.68000e-05      3.96000      1.27000      21181.1  0.000127000      2.69000
  5.70000e-05      3.92000      1.31000      19923.7  0.000131000      2.61000
  5.72000e-05      3.96000      1.29000      20697.7  0.000129000      2.67000
  5.74000e-05      4.08000      1.31000      21145.0  0.000131000      2.77000
  5.76000e-05      3.96000      1.27000      21181.1  0.000127000      2.69000
  5.78000e-05      3.96000      1.29000      20697.7  0.000129000      2.67000
  5.80000e-05      3.96000      1.29000      20697.7  0.000129000      2.67000
  5.82000e-05      4.00000      1.37000      19197.1  0.000137000      2.63000
  5.84000e-05      4.00000      1.27000      21496.1  0.000127000      2.73000
  5.86000e-05      4.04000      1.33000      20375.9  0.000133000      2.71000
  5.88000e-05      4.00000      1.29000      21007.8  0.000129000      2.71000
  5.90000e-05      4.00000      1.29000      21007.8  0.000129000      2.71000
  5.92000e-05      4.00000      1.27000      21496.1  0.000127000      2.73000
  5.94000e-05      3.96000      1.25000      21680.0  0.000125000      2.71000
  5.96000e-05      4.04000      1.29000      21317.8  0.000129000      2.75000
  5.98000e-05      4.00000      1.29000      21007.8  0.000129000      2.71000
  6.00000e-05      4.04000      1.31000      20839.7  0.000131000      2.73000
  6.02000e-05      3.96000      1.29000      20697.7  0.000129000      2.67000
  6.04000e-05      3.96000      1.31000      20229.0  0.000131000      2.65000
  6.06000e-05      4.00000      1.31000      20534.4  0.000131000      2.69000
  6.08000e-05      4.00000      1.29000      21007.8  0.000129000      2.71000
  6.10000e-05      3.96000      1.29000      20697.7  0.000129000      2.67000
  6.12000e-05      4.04000      1.31000      20839.7  0.000131000      2.73000
  6.14000e-05      3.96000      1.29000      20697.7  0.000129000      2.67000
  6.16000e-05      4.00000      1.29000      21007.8  0.000129000      2.71000
  6.18000e-05      4.04000      1.29000      21317.8  0.000129000      2.75000
  6.20000e-05      4.04000      1.25000      22320.0  0.000125000      2.79000
  6.22000e-05      3.92000      1.29000      20387.6  0.000129000      2.63000
  6.24000e-05      3.96000      1.29000      20697.7  0.000129000      2.67000
  6.26000e-05      3.96000      1.29000      20697.7  0.000129000      2.67000
  6.28000e-05      3.92000      1.29000      20387.6  0.000129000      2.63000
  6.30000e-05      4.04000      1.29000      21317.8  0.000129000      2.75000
  6.32000e-05      4.00000      1.33000      20075.2  0.000133000      2.67000
  6.34000e-05      3.96000      1.29000      20697.7  0.000129000      2.67000
  6.36000e-05      3.96000      1.29000      20697.7  0.000129000      2.67000
  6.38000e-05      3.96000      1.29000      20697.7  0.000129000      2.67000
  6.40000e-05      3.92000      1.23000      21869.9  0.000123000      2.69000
  6.42000e-05      4.04000      1.29000      21317.8  0.000129000      2.75000
  6.44000e-05      3.96000      1.31000      20229.0  0.000131000      2.65000
  6.46000e-05      4.00000      1.29000      21007.8  0.000129000      2.71000
  6.48000e-05      4.00000      1.25000      22000.0  0.000125000      2.75000
  6.50000e-05      3.92000      1.27000      20866.1  0.000127000      2.65000
  6.52000e-05      4.08000      1.29000      21627.9  0.000129000      2.79000
  6.54000e-05      4.04000      1.25000      22320.0  0.000125000      2.79000
  6.56000e-05      4.04000      1.25000      22320.0  0.000125000      2.79000
  6.58000e-05      3.96000      1.31000      20229.0  0.000131000      2.65000
  6.60000e-05      4.04000      1.29000      21317.8  0.000129000      2.75000
  6.62000e-05      3.96000      1.25000      21680.0  0.000125000      2.71000
  6.64000e-05      3.96000      1.27000      21181.1  0.000127000      2.69000
  6.66000e-05      3.96000      1.27000      21181.1  0.000127000      2.69000
  6.68000e-05      3.92000      1.27000      20866.1  0.000127000      2.65000
  6.70000e-05      4.00000      1.27000      21496.1  0.000127000      2.73000
  6.72000e-05      4.00000      1.31000      20534.4  0.000131000      2.69000
  6.74000e-05      4.00000      1.27000      21496.1  0.000127000      2.73000
  6.76000e-05      3.96000      1.27000      21181.1  0.000127000      2.69000
  6.78000e-05      3.96000      1.25000      21680.0  0.000125000      2.71000
  6.80000e-05      4.00000      1.25000      22000.0  0.000125000      2.75000
  6.82000e-05      3.96000      1.29000      20697.7  0.000129000      2.67000
  6.84000e-05      4.00000      1.25000      22000.0  0.000125000      2.75000
  6.86000e-05      3.92000      1.29000      20387.6  0.000129000      2.63000
  6.88000e-05      4.04000      1.27000      21811.0  0.000127000      2.77000
  6.90000e-05      4.04000      1.29000      21317.8  0.000129000      2.75000
  6.92000e-05      4.00000      1.25000      22000.0  0.000125000      2.75000
  6.94000e-05      3.96000      1.25000      21680.0  0.000125000      2.71000
  6.96000e-05      4.00000      1.29000      21007.8  0.000129000      2.71000
  6.98000e-05      3.96000      1.27000      21181.1  0.000127000      2.69000
  7.00000e-05      4.00000      1.27000      21496.1  0.000127000      2.73000
  7.02000e-05      4.04000      1.29000      21317.8  0.000129000      2.75000
  7.04000e-05      3.96000      1.23000      22195.1  0.000123000      2.73000
  7.06000e-05      3.96000      1.29000      20697.7  0.000129000      2.67000
  7.08000e-05      3.96000      1.29000      20697.7  0.000129000      2.67000
  7.10000e-05      3.92000      1.29000      20387.6  0.000129000      2.63000
  7.12000e-05      4.04000      1.29000      21317.8  0.000129000      2.75000
  7.14000e-05      4.00000      1.29000      21007.8  0.000129000      2.71000
  7.16000e-05      4.04000      1.31000      20839.7  0.000131000      2.73000
  7.18000e-05      4.00000      1.29000      21007.8  0.000129000      2.71000
  7.20000e-05      3.92000      1.29000      20387.6  0.000129000      2.63000
  7.22000e-05      4.00000      1.29000      21007.8  0.000129000      2.71000
  7.24000e-05      3.96000      1.27000      21181.1  0.000127000      2.69000
  7.26000e-05      4.04000      1.27000      21811.0  0.000127000      2.77000
  7.28000e-05      4.00000      1.31000      20534.4  0.000131000      2.69000
  7.30000e-05      4.08000      1.31000      21145.0  0.000131000      2.77000
  7.32000e-05      4.04000      1.29000      21317.8  0.000129000      2.75000
  7.34000e-05      3.96000      1.31000      20229.0  0.000131000      2.65000
  7.36000e-05      3.96000      1.29000      20697.7  0.000129000      2.67000
  7.38000e-05      4.04000      1.31000      20839.7  0.000131000      2.73000
  7.40000e-05      4.04000      1.27000      21811.0  0.000127000      2.77000
  7.42000e-05      3.96000      1.29000      20697.7  0.000129000      2.67000
  7.44000e-05      3.92000      1.29000      20387.6  0.000129000      2.63000
  7.46000e-05      4.00000      1.31000      20534.4  0.000131000      2.69000
  7.48000e-05      3.96000      1.29000      20697.7  0.000129000      2.67000
  7.50000e-05      3.96000      1.29000      20697.7  0.000129000      2.67000
  7.52000e-05      3.96000      1.29000      20697.7  0.000129000      2.67000
  7.54000e-05      4.04000      1.31000      20839.7  0.000131000      2.73000
  7.56000e-05      4.04000      1.31000      20839.7  0.000131000      2.73000
  7.58000e-05      3.96000      1.29000      20697.7  0.000129000      2.67000
  7.60000e-05      3.96000      1.29000      20697.7  0.000129000      2.67000
  7.62000e-05      3.96000      1.29000      20697.7  0.000129000      2.67000
  7.64000e-05      3.96000      1.33000      19774.4  0.000133000      2.63000
  7.66000e-05      4.04000      1.29000      21317.8  0.000129000      2.75000
  7.68000e-05      4.04000      1.27000      21811.0  0.000127000      2.77000
  7.70000e-05      4.00000      1.29000      21007.8  0.000129000      2.71000
  7.72000e-05      3.96000      1.27000      21181.1  0.000127000      2.69000
  7.74000e-05      4.00000      1.29000      21007.8  0.000129000      2.71000
  7.76000e-05      4.04000      1.27000      21811.0  0.000127000      2.77000
  7.78000e-05      3.96000      1.29000      20697.7  0.000129000      2.67000
  7.80000e-05      3.92000      1.33000      19473.7  0.000133000      2.59000
  7.82000e-05      4.00000      1.27000      21496.1  0.000127000      2.73000
  7.84000e-05      3.88000      1.27000      20551.2  0.000127000      2.61000
  7.86000e-05      4.00000      1.25000      22000.0  0.000125000      2.75000
  7.88000e-05      4.12000      1.29000      21938.0  0.000129000      2.83000
  7.90000e-05      3.92000      1.29000      20387.6  0.000129000      2.63000
  7.92000e-05      4.00000      1.25000      22000.0  0.000125000      2.75000
  7.94000e-05      4.00000      1.29000      21007.8  0.000129000      2.71000
  7.96000e-05      4.00000      1.25000      22000.0  0.000125000      2.75000
  7.98000e-05      4.04000      1.27000      21811.0  0.000127000      2.77000
  8.00000e-05      4.00000      1.29000      21007.8  0.000129000      2.71000
  8.02000e-05      3.96000      1.29000      20697.7  0.000129000      2.67000
  8.04000e-05      4.04000      1.31000      20839.7  0.000131000      2.73000
  8.06000e-05      3.92000      1.29000      20387.6  0.000129000      2.63000
  8.08000e-05      3.92000      1.29000      20387.6  0.000129000      2.63000
  8.10000e-05      3.96000      1.25000      21680.0  0.000125000      2.71000
  8.12000e-05      4.04000      1.23000      22845.5  0.000123000      2.81000
  8.14000e-05      3.96000      1.27000      21181.1  0.000127000      2.69000
  8.16000e-05      4.00000      1.25000      22000.0  0.000125000      2.75000
  8.18000e-05      3.96000      1.27000      21181.1  0.000127000      2.69000
  8.20000e-05      3.96000      1.29000      20697.7  0.000129000      2.67000
  8.22000e-05      3.96000      1.27000      21181.1  0.000127000      2.69000
  8.24000e-05      4.04000      1.29000      21317.8  0.000129000      2.75000
  8.26000e-05      3.96000      1.27000      21181.1  0.000127000      2.69000
  8.28000e-05      4.04000      1.27000      21811.0  0.000127000      2.77000
  8.30000e-05      3.96000      1.27000      21181.1  0.000127000      2.69000
  8.32000e-05      4.00000      1.29000      21007.8  0.000129000      2.71000
  8.34000e-05      4.00000      1.27000      21496.1  0.000127000      2.73000
  8.36000e-05      4.00000      1.31000      20534.4  0.000131000      2.69000
  8.38000e-05      3.88000      1.23000      21544.7  0.000123000      2.65000
  8.40000e-05      4.04000      1.27000      21811.0  0.000127000      2.77000
  8.42000e-05      4.04000      1.29000      21317.8  0.000129000      2.75000
  8.44000e-05      3.92000      1.33000      19473.7  0.000133000      2.59000
  8.46000e-05      4.08000      1.29000      21627.9  0.000129000      2.79000
  8.48000e-05      3.96000      1.29000      20697.7  0.000129000      2.67000
  8.50000e-05      3.96000      1.27000      21181.1  0.000127000      2.69000
  8.52000e-05      4.04000      1.27000      21811.0  0.000127000      2.77000
  8.54000e-05      4.04000      1.27000      21811.0  0.000127000      2.77000
  8.56000e-05      3.96000      1.29000      20697.7  0.000129000      2.67000
  8.58000e-05      4.00000      1.29000      21007.8  0.000129000      2.71000
  8.60000e-05      3.96000      1.29000      20697.7  0.000129000      2.67000
  8.62000e-05      4.00000      1.27000      21496.1  0.000127000      2.73000
  8.64000e-05      4.08000      1.29000      21627.9  0.000129000      2.79000
  8.66000e-05      4.00000      1.27000      21496.1  0.000127000      2.73000
  8.68000e-05      4.04000      1.29000      21317.8  0.000129000      2.75000
  8.70000e-05      4.04000      1.29000      21317.8  0.000129000      2.75000
  8.72000e-05      4.00000      1.33000      20075.2  0.000133000      2.67000
  8.74000e-05      3.96000      1.27000      21181.1  0.000127000      2.69000
  8.76000e-05      3.96000      1.29000      20697.7  0.000129000      2.67000
  8.78000e-05      4.04000      1.27000      21811.0  0.000127000      2.77000
  8.80000e-05      4.00000      1.25000      22000.0  0.000125000      2.75000
  8.82000e-05      3.96000      1.29000      20697.7  0.000129000      2.67000
  8.84000e-05      4.00000      1.29000      21007.8  0.000129000      2.71000
  8.86000e-05      4.00000      1.27000      21496.1  0.000127000      2.73000
  8.88000e-05      4.00000      1.27000      21496.1  0.000127000      2.73000
  8.90000e-05      4.08000      1.29000      21627.9  0.000129000      2.79000
  8.92000e-05      3.96000      1.27000      21181.1  0.000127000      2.69000
  8.94000e-05      3.96000      1.23000      22195.1  0.000123000      2.73000
  8.96000e-05      3.96000      1.29000      20697.7  0.000129000      2.67000
  8.98000e-05      4.00000      1.25000      22000.0  0.000125000      2.75000
  9.00000e-05      4.08000      1.25000      22640.0  0.000125000      2.83000
  9.02000e-05      4.00000      1.29000      21007.8  0.000129000      2.71000
  9.04000e-05      4.00000      1.27000      21496.1  0.000127000      2.73000
  9.06000e-05      4.04000      1.27000      21811.0  0.000127000      2.77000
  9.08000e-05      4.00000      1.29000      21007.8  0.000129000      2.71000
  9.10000e-05      4.04000      1.27000      21811.0  0.000127000      2.77000
  9.12000e-05      3.96000      1.29000      20697.7  0.000129000      2.67000
  9.14000e-05      3.96000      1.29000      20697.7  0.000129000      2.67000
  9.16000e-05      3.92000      1.27000      20866.1  0.000127000      2.65000
  9.18000e-05      3.96000      1.27000      21181.1  0.000127000      2.69000
  9.20000e-05      4.04000      1.29000      21317.8  0.000129000      2.75000
  9.22000e-05      3.92000      1.29000      20387.6  0.000129000      2.63000
  9.24000e-05      3.96000      1.29000      20697.7  0.000129000      2.67000
  9.26000e-05      4.00000      1.31000      20534.4  0.000131000      2.69000
  9.28000e-05      4.00000      1.29000      21007.8  0.000129000      2.71000
  9.30000e-05      4.04000      1.29000      21317.8  0.000129000      2.75000
  9.32000e-05      4.04000      1.29000      21317.8  0.000129000      2.75000
  9.34000e-05      4.04000      1.27000      21811.0  0.000127000      2.77000
  9.36000e-05      4.00000      1.29000      21007.8  0.000129000      2.71000
  9.38000e-05      4.00000      1.33000      20075.2  0.000133000      2.67000
  9.40000e-05      4.00000      1.33000      20075.2  0.000133000      2.67000
  9.42000e-05      4.16000      1.33000      21278.2  0.000133000      2.83000
  9.44000e-05      3.96000      1.31000      20229.0  0.000131000      2.65000
  9.46000e-05      4.00000      1.29000      21007.8  0.000129000      2.71000
  9.48000e-05      4.00000      1.25000      22000.0  0.000125000      2.75000
  9.50000e-05      4.08000      1.29000      21627.9  0.000129000      2.79000
  9.52000e-05      3.96000      1.29000      20697.7  0.000129000      2.67000
  9.54000e-05      4.00000      1.27000      21496.1  0.000127000      2.73000
  9.56000e-05      4.04000      1.27000      21811.0  0.000127000      2.77000
  9.58000e-05      4.00000      1.25000      22000.0  0.000125000      2.75000
  9.60000e-05      4.04000      1.27000      21811.0  0.000127000      2.77000
  9.62000e-05      4.04000      1.27000      21811.0  0.000127000      2.77000
  9.64000e-05      4.00000      1.29000      21007.8  0.000129000      2.71000
  9.66000e-05      4.04000      1.29000      21317.8  0.000129000      2.75000
  9.68000e-05      4.00000      1.31000      20534.4  0.000131000      2.69000
  9.70000e-05      3.96000      1.27000      21181.1  0.000127000      2.69000
  9.72000e-05      4.00000      1.25000      22000.0  0.000125000      2.75000
  9.74000e-05      3.96000      1.23000      22195.1  0.000123000      2.73000
  9.76000e-05      3.96000      1.25000      21680.0  0.000125000      2.71000
  9.78000e-05      4.00000      1.29000      21007.8  0.000129000      2.71000
  9.80000e-05      4.04000      1.27000      21811.0  0.000127000      2.77000
  9.82000e-05      4.04000      1.25000      22320.0  0.000125000      2.79000
  9.84000e-05      4.04000      1.25000      22320.0  0.000125000      2.79000
  9.86000e-05      4.00000      1.25000      22000.0  0.000125000      2.75000
  9.88000e-05      3.96000      1.27000      21181.1  0.000127000      2.69000
  9.90000e-05      4.00000      1.27000      21496.1  0.000127000      2.73000
  9.92000e-05      3.96000      1.27000      21181.1  0.000127000      2.69000
  9.94000e-05      3.96000      1.29000      20697.7  0.000129000      2.67000
  9.96000e-05      4.00000      1.31000      20534.4  0.000131000      2.69000
  9.98000e-05      4.04000      1.27000      21811.0  0.000127000      2.77000
  0.000100000      3.92000      1.25000      21360.0  0.000125000      2.67000
  0.000100200      4.00000      1.29000      21007.8  0.000129000      2.71000
  0.000100400      3.92000      1.29000      20387.6  0.000129000      2.63000
  0.000100600      4.00000      1.27000      21496.1  0.000127000      2.73000
  0.000100800      4.04000      1.25000      22320.0  0.000125000      2.79000
  0.000101000      4.00000      1.29000      21007.8  0.000129000      2.71000
  0.000101200      4.00000      1.29000      21007.8  0.000129000      2.71000
  0.000101400      4.04000      1.33000      20375.9  0.000133000      2.71000
  0.000101600      3.96000      1.29000      20697.7  0.000129000      2.67000
  0.000101800      4.04000      1.27000      21811.0  0.000127000      2.77000
  0.000102000      4.04000      1.29000      21317.8  0.000129000      2.75000
  0.000102200      4.00000      1.29000      21007.8  0.000129000      2.71000
  0.000102400      4.00000      1.27000      21496.1  0.000127000      2.73000
  0.000102600      4.04000      1.31000      20839.7  0.000131000      2.73000
  0.000102800      4.04000      1.29000      21317.8  0.000129000      2.75000
  0.000103000      4.00000      1.31000      20534.4  0.000131000      2.69000
  0.000103200      4.04000      1.25000      22320.0  0.000125000      2.79000
  0.000103400      4.04000      1.27000      21811.0  0.000127000      2.77000
  0.000103600      3.96000      1.33000      19774.4  0.000133000      2.63000
  0.000103800      4.00000      1.29000      21007.8  0.000129000      2.71000
  0.000104000      3.96000      1.27000      21181.1  0.000127000      2.69000
  0.000104200      3.92000      1.25000      21360.0  0.000125000      2.67000
  0.000104400      4.00000      1.27000      21496.1  0.000127000      2.73000
  0.000104600      4.00000      1.27000      21496.1  0.000127000      2.73000
  0.000104800      3.96000      1.25000      21680.0  0.000125000      2.71000
  0.000105000      4.04000      1.27000      21811.0  0.000127000      2.77000
  0.000105200      4.04000      1.27000      21811.0  0.000127000      2.77000
  0.000105400      3.96000      1.29000      20697.7  0.000129000      2.67000
  0.000105600      4.00000      1.25000      22000.0  0.000125000      2.75000
  0.000105800      3.96000      1.27000      21181.1  0.000127000      2.69000
  0.000106000      3.96000      1.25000      21680.0  0.000125000      2.71000
  0.000106200      4.04000      1.27000      21811.0  0.000127000      2.77000
  0.000106400      3.96000      1.29000      20697.7  0.000129000      2.67000
  0.000106600      4.04000      1.27000      21811.0  0.000127000      2.77000
  0.000106800      4.00000      1.27000      21496.1  0.000127000      2.73000
  0.000107000      4.08000      1.27000      22126.0  0.000127000      2.81000
  0.000107200      3.96000      1.27000      21181.1  0.000127000      2.69000
  0.000107400      4.00000      1.27000      21496.1  0.000127000      2.73000
  0.000107600      4.04000      1.27000      21811.0  0.000127000      2.77000
  0.000107800      3.96000      1.27000      21181.1  0.000127000      2.69000
  0.000108000      3.96000      1.31000      20229.0  0.000131000      2.65000
  0.000108200      3.96000      1.27000      21181.1  0.000127000      2.69000
  0.000108400      4.00000      1.29000      21007.8  0.000129000      2.71000
  0.000108600      4.04000      1.29000      21317.8  0.000129000      2.75000
  0.000108800      4.00000      1.31000      20534.4  0.000131000      2.69000
  0.000109000      4.04000      1.29000      21317.8  0.000129000      2.75000
  0.000109200      4.00000      1.33000      20075.2  0.000133000      2.67000
  0.000109400      4.04000      1.27000      21811.0  0.000127000      2.77000
  0.000109600      4.00000      1.31000      20534.4  0.000131000      2.69000
  0.000109800      4.00000      1.29000      21007.8  0.000129000      2.71000
  0.000110000      4.04000      1.29000      21317.8  0.000129000      2.75000
  0.000110200      4.00000      1.33000      20075.2  0.000133000      2.67000
  0.000110400      3.96000      1.25000      21680.0  0.000125000      2.71000
  0.000110600      4.08000      1.23000      23170.7  0.000123000      2.85000
  0.000110800      4.00000      1.25000      22000.0  0.000125000      2.75000
  0.000111000      4.08000      1.29000      21627.9  0.000129000      2.79000
  0.000111200      4.04000      1.29000      21317.8  0.000129000      2.75000
  0.000111400      4.04000      1.29000      21317.8  0.000129000      2.75000
  0.000111600      4.00000      1.27000      21496.1  0.000127000      2.73000
  0.000111800      3.96000      1.27000      21181.1  0.000127000      2.69000
  0.000112000      3.96000      1.31000      20229.0  0.000131000      2.65000
  0.000112200      3.96000      1.27000      21181.1  0.000127000      2.69000
  0.000112400      4.00000      1.29000      21007.8  0.000129000      2.71000
  0.000112600      3.96000      1.29000      20697.7  0.000129000      2.67000
  0.000112800      3.92000      1.27000      20866.1  0.000127000      2.65000
  0.000113000      3.96000      1.27000      21181.1  0.000127000      2.69000
  0.000113200      4.00000      1.27000      21496.1  0.000127000      2.73000
  0.000113400      3.96000      1.27000      21181.1  0.000127000      2.69000
  0.000113600      3.96000      1.23000      22195.1  0.000123000      2.73000
  0.000113800      3.96000      1.27000      21181.1  0.000127000      2.69000
  0.000114000      3.96000      1.25000      21680.0  0.000125000      2.71000
  0.000114200      3.92000      1.25000      21360.0  0.000125000      2.67000
  0.000114400      4.00000      1.25000      22000.0  0.000125000      2.75000
  0.000114600      4.00000      1.31000      20534.4  0.000131000      2.69000
  0.000114800      4.00000      1.23000      22520.3  0.000123000      2.77000
  0.000115000      3.96000      1.29000      20697.7  0.000129000      2.67000
  0.000115200      4.04000      1.29000      21317.8  0.000129000      2.75000
  0.000115400      4.00000      1.31000      20534.4  0.000131000      2.69000
  0.000115600      3.96000      1.29000      20697.7  0.000129000      2.67000
  0.000115800      3.92000      1.27000      20866.1  0.000127000      2.65000
  0.000116000      3.96000      1.29000      20697.7  0.000129000      2.67000
  0.000116200      4.00000      1.27000      21496.1  0.000127000      2.73000
  0.000116400      3.96000      1.27000      21181.1  0.000127000      2.69000
  0.000116600      3.92000      1.27000      20866.1  0.000127000      2.65000
  0.000116800      3.96000      1.29000      20697.7  0.000129000      2.67000
  0.000117000      4.00000      1.33000      20075.2  0.000133000      2.67000
  0.000117200      3.96000      1.33000      19774.4  0.000133000      2.63000
  0.000117400      4.00000      1.33000      20075.2  0.000133000      2.67000
  0.000117600      3.96000      1.31000      20229.0  0.000131000      2.65000
  0.000117800      3.92000      1.29000      20387.6  0.000129000      2.63000
  0.000118000      3.96000      1.29000      20697.7  0.000129000      2.67000
  0.000118200      4.00000      1.29000      21007.8  0.000129000      2.71000
  0.000118400      4.00000      1.27000      21496.1  0.000127000      2.73000
  0.000118600      3.96000      1.31000      20229.0  0.000131000      2.65000
  0.000118800      4.00000      1.27000      21496.1  0.000127000      2.73000
  0.000119000      3.96000      1.31000      20229.0  0.000131000      2.65000
  0.000119200      3.96000      1.27000      21181.1  0.000127000      2.69000
  0.000119400      3.96000      1.25000      21680.0  0.000125000      2.71000
  0.000119600      3.96000      1.31000      20229.0  0.000131000      2.65000
  0.000119800      4.04000      1.29000      21317.8  0.000129000      2.75000
  0.000120000      4.08000      1.27000      22126.0  0.000127000      2.81000
  0.000120200      4.04000      1.27000      21811.0  0.000127000      2.77000
  0.000120400      3.96000      1.27000      21181.1  0.000127000      2.69000
  0.000120600      4.00000      1.29000      21007.8  0.000129000      2.71000
  0.000120800      3.96000      1.29000      20697.7  0.000129000      2.67000
  0.000121000      4.00000      1.25000      22000.0  0.000125000      2.75000
  0.000121200      3.96000      1.29000      20697.7  0.000129000      2.67000
  0.000121400      4.08000      1.23000      23170.7  0.000123000      2.85000
  0.000121600      4.00000      1.29000      21007.8  0.000129000      2.71000
  0.000121800      3.92000      1.29000      20387.6  0.000129000      2.63000
  0.000122000      3.92000      1.29000      20387.6  0.000129000      2.63000
  0.000122200      3.96000      1.31000      20229.0  0.000131000      2.65000
  0.000122400      3.96000      1.29000      20697.7  0.000129000      2.67000
  0.000122600      4.04000      1.31000      20839.7  0.000131000      2.73000
  0.000122800      4.04000      1.29000      21317.8  0.000129000      2.75000
  0.000123000      3.96000      1.29000      20697.7  0.000129000      2.67000
  0.000123200      4.00000      1.29000      21007.8  0.000129000      2.71000
  0.000123400      4.00000      1.25000      22000.0  0.000125000      2.75000
  0.000123600      3.96000      1.29000      20697.7  0.000129000      2.67000
  0.000123800      4.00000      1.31000      20534.4  0.000131000      2.69000
  0.000124000      4.04000      1.27000      21811.0  0.000127000      2.77000
  0.000124200      3.96000      1.31000      20229.0  0.000131000      2.65000
  0.000124400      4.00000      1.31000      20534.4  0.000131000      2.69000
  0.000124600      4.04000      1.29000      21317.8  0.000129000      2.75000
  0.000124800      3.92000      1.27000      20866.1  0.000127000      2.65000
  0.000125000      4.00000      1.33000      20075.2  0.000133000      2.67000
  0.000125200      4.00000      1.29000      21007.8  0.000129000      2.71000
  0.000125400      4.04000      1.31000      20839.7  0.000131000      2.73000
  0.000125600      4.12000      1.29000      21938.0  0.000129000      2.83000
  0.000125800      3.96000      1.31000      20229.0  0.000131000      2.65000
  0.000126000      4.04000      1.33000      20375.9  0.000133000      2.71000
  0.000126200      3.96000      1.31000      20229.0  0.000131000      2.65000
  0.000126400      4.04000      1.29000      21317.8  0.000129000      2.75000
  0.000126600      3.92000      1.27000      20866.1  0.000127000      2.65000
  0.000126800      4.00000      1.31000      20534.4  0.000131000      2.69000
  0.000127000      3.96000      1.25000      21680.0  0.000125000      2.71000
  0.000127200      3.96000      1.23000      22195.1  0.000123000      2.73000
  0.000127400      3.92000      1.27000      20866.1  0.000127000      2.65000
  0.000127600      3.96000      1.29000      20697.7  0.000129000      2.67000
  0.000127800      4.00000      1.29000      21007.8  0.000129000      2.71000
  0.000128000      4.04000      1.29000      21317.8  0.000129000      2.75000
  0.000128200      3.96000      1.33000      19774.4  0.000133000      2.63000
  0.000128400      4.00000      1.25000      22000.0  0.000125000      2.75000
  0.000128600      4.00000      1.25000      22000.0  0.000125000      2.75000
  0.000128800      4.00000      1.29000      21007.8  0.000129000      2.71000
  0.000129000      3.96000      1.27000      21181.1  0.000127000      2.69000
  0.000129200      4.00000      1.29000      21007.8  0.000129000      2.71000
  0.000129400      3.96000      1.27000      21181.1  0.000127000      2.69000
  0.000129600      3.96000      1.29000      20697.7  0.000129000      2.67000
  0.000129800      4.00000      1.29000      21007.8  0.000129000      2.71000
  0.000130000      3.96000      1.25000      21680.0  0.000125000      2.71000
  0.000130200      4.00000      1.27000      21496.1  0.000127000      2.73000
  0.000130400      4.00000      1.29000      21007.8  0.000129000      2.71000
  0.000130600      4.00000      1.25000      22000.0  0.000125000      2.75000
  0.000130800      3.96000      1.29000      20697.7  0.000129000      2.67000
  0.000131000      4.08000      1.27000      22126.0  0.000127000      2.81000
  0.000131200      3.92000      1.27000      20866.1  0.000127000      2.65000
  0.000131400      3.96000      1.25000      21680.0  0.000125000      2.71000
  0.000131600      4.00000      1.31000      20534.4  0.000131000      2.69000
  0.000131800      3.96000      1.27000      21181.1  0.000127000      2.69000
  0.000132000      3.96000      1.29000      20697.7  0.000129000      2.67000
  0.000132200      4.00000      1.29000      21007.8  0.000129000      2.71000
  0.000132400      3.96000      1.31000      20229.0  0.000131000      2.65000
  0.000132600      3.96000      1.31000      20229.0  0.000131000      2.65000
  0.000132800      3.92000      1.29000      20387.6  0.000129000      2.63000
  0.000133000      4.04000      1.27000      21811.0  0.000127000      2.77000
  0.000133200      3.96000      1.27000      21181.1  0.000127000      2.69000
  0.000133400      4.00000      1.29000      21007.8  0.000129000      2.71000
  0.000133600      3.96000      1.29000      20697.7  0.000129000      2.67000
