  0.000189000      8.00000      2.14000      10953.3  0.000535000      5.86000
  0.000190000      8.00000      2.16000      10814.8  0.000540000      5.84000
  0.000191000      7.92000      2.14000      10803.7  0.000535000      5.78000
  0.000192000      8.08000      2.16000      10963.0  0.000540000      5.92000
  0.000193000      7.84000      2.18000      10385.3  0.000545000      5.66000
  0.000194000      8.00000      2.22000      10414.4  0.000555000      5.78000
  0.000195000      8.00000      2.16000      10814.8  0.000540000      5.84000
  0.000196000      8.08000      2.16000      10963.0  0.000540000      5.92000
  0.000197000      8.16000      2.16000      11111.1  0.000540000      6.00000
  0.000198000      7.92000      2.14000      10803.7  0.000535000      5.78000
  0.000199000      7.92000      2.14000      10803.7  0.000535000      5.78000
  0.000200000      8.00000      2.14000      10953.3  0.000535000      5.86000
  0.000201000      8.08000      2.14000      11102.8  0.000535000      5.94000
  0.000202000      7.92000      2.16000      10666.7  0.000540000      5.76000
  0.000203000      8.08000      2.20000      10690.9  0.000550000      5.88000
  0.000204000      7.92000      2.20000      10400.0  0.000550000      5.72000
  0.000205000      7.92000      2.16000      10666.7  0.000540000      5.76000
  0.000206000      8.00000      2.20000      10545.5  0.000550000      5.80000
  0.000207000      7.84000      2.16000      10518.5  0.000540000      5.68000
  0.000208000      7.92000      2.16000      10666.7  0.000540000      5.76000
  0.000209000      7.92000      2.14000      10803.7  0.000535000      5.78000
  0.000210000      7.92000      2.14000      10803.7  0.000535000      5.78000
  0.000211000      8.08000      2.20000      10690.9  0.000550000      5.88000
  0.000212000      8.00000      2.20000      10545.5  0.000550000      5.80000
  0.000213000      7.92000      2.16000      10666.7  0.000540000      5.76000
  0.000214000      8.08000      2.18000      10825.7  0.000545000      5.90000
  0.000215000      7.92000      2.18000      10532.1  0.000545000      5.74000
  0.000216000      7.92000      2.18000      10532.1  0.000545000      5.74000
  0.000217000      7.92000      2.16000      10666.7  0.000540000      5.76000
  0.000218000      8.08000      2.12000      11245.3  0.000530000      5.96000
  0.000219000      7.76000      2.14000      10504.7  0.000535000      5.62000
  0.000220000      8.00000      2.16000      10814.8  0.000540000      5.84000
  0.000221000      8.00000      2.20000      10545.5  0.000550000      5.80000
  0.000222000      8.00000      2.20000      10545.5  0.000550000      5.80000
  0.000223000      8.00000      2.16000      10814.8  0.000540000      5.84000
  0.000224000      7.92000      2.16000      10666.7  0.000540000      5.76000
  0.000225000      8.00000      2.14000      10953.3  0.000535000      5.86000
  0.000226000      8.00000      2.18000      10678.9  0.000545000      5.82000
  0.000227000      8.08000      2.14000      11102.8  0.000535000      5.94000
  0.000228000      8.00000      2.12000      11094.3  0.000530000      5.88000
  0.000229000      7.92000      2.18000      10532.1  0.000545000      5.74000
  0.000230000      8.08000      2.18000      10825.7  0.000545000      5.90000
  0.000231000      7.92000      2.18000      10532.1  0.000545000      5.74000
  0.000232000      7.92000      2.16000      10666.7  0.000540000      5.76000
  0.000233000      7.92000      2.16000      10666.7  0.000540000      5.76000
  0.000234000      7.92000      2.16000      10666.7  0.000540000      5.76000
  0.000235000      8.08000      2.16000      10963.0  0.000540000      5.92000
  0.000236000      8.00000      2.16000      10814.8  0.000540000      5.84000
  0.000237000      7.92000      2.16000      10666.7  0.000540000      5.76000
  0.000238000      8.00000      2.16000      10814.8  0.000540000      5.84000
  0.000239000      7.84000      2.20000      10254.5  0.000550000      5.64000
  0.000240000      8.00000      2.18000      10678.9  0.000545000      5.82000
  0.000241000      7.92000      2.16000      10666.7  0.000540000      5.76000
  0.000242000      8.08000      2.16000      10963.0  0.000540000      5.92000
  0.000243000      7.92000      2.20000      10400.0  0.000550000      5.72000
  0.000244000      7.84000      2.16000      10518.5  0.000540000      5.68000
  0.000245000      8.08000      2.14000      11102.8  0.000535000      5.94000
  0.000246000      7.92000      2.16000      10666.7  0.000540000      5.76000
  0.000247000      8.00000      2.16000      10814.8  0.000540000      5.84000
  0.000248000      7.92000      2.20000      10400.0  0.000550000      5.72000
  0.000249000      8.00000      2.18000      10678.9  0.000545000      5.82000
  0.000250000      8.00000      2.20000      10545.5  0.000550000      5.80000
  0.000251000      7.92000      2.20000      10400.0  0.000550000      5.72000
  0.000252000      8.00000      2.18000      10678.9  0.000545000      5.82000
  0.000253000      7.92000      2.14000      10803.7  0.000535000      5.78000
  0.000254000      8.08000      2.18000      10825.7  0.000545000      5.90000
  0.000255000      7.84000      2.20000      10254.5  0.000550000      5.64000
  0.000256000      7.76000      2.16000      10370.4  0.000540000      5.60000
  0.000257000      8.08000      2.18000      10825.7  0.000545000      5.90000
  0.000258000      7.92000      2.22000      10270.3  0.000555000      5.70000
  0.000259000      8.08000      2.20000      10690.9  0.000550000      5.88000
  0.000260000      7.92000      2.18000      10532.1  0.000545000      5.74000
  0.000261000      7.92000      2.18000      10532.1  0.000545000      5.74000
  0.000262000      7.92000      2.16000      10666.7  0.000540000      5.76000
  0.000263000      7.92000      2.16000      10666.7  0.000540000      5.76000
  0.000264000      7.92000      2.18000      10532.1  0.000545000      5.74000
  0.000265000      8.08000      2.20000      10690.9  0.000550000      5.88000
  0.000266000      7.92000      2.20000      10400.0  0.000550000      5.72000
  0.000267000      7.92000      2.20000      10400.0  0.000550000      5.72000
  0.000268000      8.16000      2.18000      10972.5  0.000545000      5.98000
  0.000269000      7.92000      2.14000      10803.7  0.000535000      5.78000
  0.000270000      8.00000      2.16000      10814.8  0.000540000      5.84000
  0.000271000      7.92000      2.16000      10666.7  0.000540000      5.76000
  0.000272000      7.92000      2.14000      10803.7  0.000535000      5.78000
  0.000273000      8.08000      2.16000      10963.0  0.000540000      5.92000
  0.000274000      7.92000      2.20000      10400.0  0.000550000      5.72000
  0.000275000      8.00000      2.20000      10545.5  0.000550000      5.80000
  0.000276000      7.92000      2.20000      10400.0  0.000550000      5.72000
  0.000277000      8.00000      2.16000      10814.8  0.000540000      5.84000
  0.000278000      8.00000      2.16000      10814.8  0.000540000      5.84000
  0.000279000      7.92000      2.16000      10666.7  0.000540000      5.76000
  0.000280000      7.92000      2.18000      10532.1  0.000545000      5.74000
  0.000281000      7.92000      2.18000      10532.1  0.000545000      5.74000
  0.000282000      8.00000      2.16000      10814.8  0.000540000      5.84000
  0.000283000      8.00000      2.16000      10814.8  0.000540000      5.84000
  0.000284000      7.92000      2.20000      10400.0  0.000550000      5.72000
  0.000285000      8.08000      2.16000      10963.0  0.000540000      5.92000
  0.000286000      7.92000      2.18000      10532.1  0.000545000      5.74000
  0.000287000      8.00000      2.20000      10545.5  0.000550000      5.80000
  0.000288000      7.92000      2.20000      10400.0  0.000550000      5.72000
  0.000289000      8.00000      2.14000      10953.3  0.000535000      5.86000
  0.000290000      7.92000      2.16000      10666.7  0.000540000      5.76000
  0.000291000      8.08000      2.16000      10963.0  0.000540000      5.92000
  0.000292000      8.00000      2.20000      10545.5  0.000550000      5.80000
  0.000293000      7.92000      2.20000      10400.0  0.000550000      5.72000
  0.000294000      8.08000      2.22000      10558.6  0.000555000      5.86000
  0.000295000      7.92000      2.18000      10532.1  0.000545000      5.74000
  0.000296000      8.08000      2.18000      10825.7  0.000545000      5.90000
  0.000297000      7.92000      2.14000      10803.7  0.000535000      5.78000
  0.000298000      8.08000      2.16000      10963.0  0.000540000      5.92000
  0.000299000      7.92000      2.16000      10666.7  0.000540000      5.76000
  0.000300000      8.00000      2.16000      10814.8  0.000540000      5.84000
  0.000301000      7.92000      2.18000      10532.1  0.000545000      5.74000
  0.000302000      7.92000      2.20000      10400.0  0.000550000      5.72000
  0.000303000      7.84000      2.20000      10254.5  0.000550000      5.64000
  0.000304000      7.92000      2.18000      10532.1  0.000545000      5.74000
  0.000305000      8.08000      2.18000      10825.7  0.000545000      5.90000
  0.000306000      8.00000      2.18000      10678.9  0.000545000      5.82000
  0.000307000      8.08000      2.16000      10963.0  0.000540000      5.92000
  0.000308000      7.76000      2.16000      10370.4  0.000540000      5.60000
  0.000309000      8.00000      2.20000      10545.5  0.000550000      5.80000
  0.000310000      8.08000      2.16000      10963.0  0.000540000      5.92000
  0.000311000      8.00000      2.20000      10545.5  0.000550000      5.80000
  0.000312000      7.92000      2.20000      10400.0  0.000550000      5.72000
  0.000313000      7.84000      2.16000      10518.5  0.000540000      5.68000
  0.000314000      7.84000      2.16000      10518.5  0.000540000      5.68000
  0.000315000      7.92000      2.16000      10666.7  0.000540000      5.76000
  0.000316000      8.00000      2.16000      10814.8  0.000540000      5.84000
  0.000317000      7.92000      2.20000      10400.0  0.000550000      5.72000
  0.000318000      8.08000      2.14000      11102.8  0.000535000      5.94000
  0.000319000      7.92000      2.20000      10400.0  0.000550000      5.72000
  0.000320000      7.92000      2.20000      10400.0  0.000550000      5.72000
  0.000321000      8.00000      2.20000      10545.5  0.000550000      5.80000
  0.000322000      8.00000      2.20000      10545.5  0.000550000      5.80000
  0.000323000      8.00000      2.20000      10545.5  0.000550000      5.80000
  0.000324000      7.92000      2.18000      10532.1  0.000545000      5.74000
  0.000325000      7.92000      2.14000      10803.7  0.000535000      5.78000
  0.000326000      7.92000      2.14000      10803.7  0.000535000      5.78000
  0.000327000      8.08000      2.20000      10690.9  0.000550000      5.88000
  0.000328000      7.92000      2.18000      10532.1  0.000545000      5.74000
  0.000329000      8.08000      2.18000      10825.7  0.000545000      5.90000
  0.000330000      8.00000      2.18000      10678.9  0.000545000      5.82000
  0.000331000      8.00000      2.20000      10545.5  0.000550000      5.80000
  0.000332000      7.92000      2.20000      10400.0  0.000550000      5.72000
  0.000333000      7.92000      2.18000      10532.1  0.000545000      5.74000
  0.000334000      8.00000      2.20000      10545.5  0.000550000      5.80000
  0.000335000      7.92000      2.16000      10666.7  0.000540000      5.76000
  0.000336000      8.08000      2.20000      10690.9  0.000550000      5.88000
  0.000337000      8.08000      2.18000      10825.7  0.000545000      5.90000
  0.000338000      8.00000      2.16000      10814.8  0.000540000      5.84000
  0.000339000      7.84000      2.18000      10385.3  0.000545000      5.66000
  0.000340000      8.00000      2.18000      10678.9  0.000545000      5.82000
  0.000341000      8.00000      2.18000      10678.9  0.000545000      5.82000
  0.000342000      7.92000      2.18000      10532.1  0.000545000      5.74000
  0.000343000      8.08000      2.14000      11102.8  0.000535000      5.94000
  0.000344000      8.08000      2.18000      10825.7  0.000545000      5.90000
  0.000345000      7.92000      2.18000      10532.1  0.000545000      5.74000
  0.000346000      8.00000      2.20000      10545.5  0.000550000      5.80000
  0.000347000      8.00000      2.18000      10678.9  0.000545000      5.82000
  0.000348000      7.92000      2.18000      10532.1  0.000545000      5.74000
  0.000349000      8.00000      2.16000      10814.8  0.000540000      5.84000
  0.000350000      7.92000      2.20000      10400.0  0.000550000      5.72000
  0.000351000      7.92000      2.16000      10666.7  0.000540000      5.76000
  0.000352000      7.92000      2.16000      10666.7  0.000540000      5.76000
  0.000353000      7.92000      2.20000      10400.0  0.000550000      5.72000
  0.000354000      7.84000      2.18000      10385.3  0.000545000      5.66000
  0.000355000      7.84000      2.16000      10518.5  0.000540000      5.68000
  0.000356000      7.92000      2.20000      10400.0  0.000550000      5.72000
  0.000357000      7.92000      2.18000      10532.1  0.000545000      5.74000
  0.000358000      7.84000      2.20000      10254.5  0.000550000      5.64000
  0.000359000      8.00000      2.18000      10678.9  0.000545000      5.82000
  0.000360000      8.00000      2.20000      10545.5  0.000550000      5.80000
  0.000361000      8.08000      2.14000      11102.8  0.000535000      5.94000
  0.000362000      7.92000      2.16000      10666.7  0.000540000      5.76000
  0.000363000      7.92000      2.16000      10666.7  0.000540000      5.76000
  0.000364000      7.84000      2.16000      10518.5  0.000540000      5.68000
  0.000365000      7.92000      2.16000      10666.7  0.000540000      5.76000
  0.000366000      8.08000      2.22000      10558.6  0.000555000      5.86000
  0.000367000      8.08000      2.22000      10558.6  0.000555000      5.86000
  0.000368000      7.84000      2.18000      10385.3  0.000545000      5.66000
  0.000369000      7.92000      2.20000      10400.0  0.000550000      5.72000
  0.000370000      7.92000      2.16000      10666.7  0.000540000      5.76000
  0.000371000      7.92000      2.16000      10666.7  0.000540000      5.76000
  0.000372000      7.92000      2.16000      10666.7  0.000540000      5.76000
  0.000373000      7.84000      2.12000      10792.5  0.000530000      5.72000
  0.000374000      7.92000      2.20000      10400.0  0.000550000      5.72000
  0.000375000      8.08000      2.20000      10690.9  0.000550000      5.88000
  0.000376000      7.92000      2.18000      10532.1  0.000545000      5.74000
  0.000377000      7.84000      2.20000      10254.5  0.000550000      5.64000
  0.000378000      8.08000      2.16000      10963.0  0.000540000      5.92000
  0.000379000      7.92000      2.16000      10666.7  0.000540000      5.76000
  0.000380000      8.00000      2.16000      10814.8  0.000540000      5.84000
  0.000381000      7.92000      2.16000      10666.7  0.000540000      5.76000
  0.000382000      7.92000      2.18000      10532.1  0.000545000      5.74000
  0.000383000      8.08000      2.16000      10963.0  0.000540000      5.92000
  0.000384000      7.92000      2.16000      10666.7  0.000540000      5.76000
  0.000385000      7.92000      2.20000      10400.0  0.000550000      5.72000
  0.000386000      8.08000      2.18000      10825.7  0.000545000      5.90000
  0.000387000      7.92000      2.20000      10400.0  0.000550000      5.72000
  0.000388000      8.00000      2.18000      10678.9  0.000545000      5.82000
  0.000389000      7.76000      2.20000      10109.1  0.000550000      5.56000
  0.000390000      8.08000      2.20000      10690.9  0.000550000      5.88000
  0.000391000      7.92000      2.16000      10666.7  0.000540000      5.76000
  0.000392000      8.08000      2.18000      10825.7  0.000545000      5.90000
  0.000393000      7.92000      2.22000      10270.3  0.000555000      5.70000
  0.000394000      7.92000      2.18000      10532.1  0.000545000      5.74000
  0.000395000      7.92000      2.20000      10400.0  0.000550000      5.72000
  0.000396000      7.92000      2.18000      10532.1  0.000545000      5.74000
  0.000397000      7.84000      2.18000      10385.3  0.000545000      5.66000
  0.000398000      8.00000      2.18000      10678.9  0.000545000      5.82000
  0.000399000      7.92000      2.16000      10666.7  0.000540000      5.76000
  0.000400000      7.92000      2.16000      10666.7  0.000540000      5.76000
  0.000401000      7.92000      2.16000      10666.7  0.000540000      5.76000
  0.000402000      7.92000      2.20000      10400.0  0.000550000      5.72000
  0.000403000      8.00000      2.20000      10545.5  0.000550000      5.80000
  0.000404000      7.92000      2.18000      10532.1  0.000545000      5.74000
  0.000405000      7.92000      2.20000      10400.0  0.000550000      5.72000
  0.000406000      8.00000      2.16000      10814.8  0.000540000      5.84000
  0.000407000      8.08000      2.16000      10963.0  0.000540000      5.92000
  0.000408000      8.08000      2.18000      10825.7  0.000545000      5.90000
  0.000409000      8.00000      2.18000      10678.9  0.000545000      5.82000
  0.000410000      7.92000      2.14000      10803.7  0.000535000      5.78000
  0.000411000      7.92000      2.18000      10532.1  0.000545000      5.74000
  0.000412000      7.92000      2.18000      10532.1  0.000545000      5.74000
  0.000413000      8.08000      2.18000      10825.7  0.000545000      5.90000
  0.000414000      7.92000      2.20000      10400.0  0.000550000      5.72000
  0.000415000      7.92000      2.20000      10400.0  0.000550000      5.72000
  0.000416000      8.08000      2.14000      11102.8  0.000535000      5.94000
  0.000417000      8.08000      2.16000      10963.0  0.000540000      5.92000
  0.000418000      7.92000      2.18000      10532.1  0.000545000      5.74000
  0.000419000      8.08000      2.14000      11102.8  0.000535000      5.94000
  0.000420000      7.84000      2.18000      10385.3  0.000545000      5.66000
  0.000421000      7.92000      2.16000      10666.7  0.000540000      5.76000
  0.000422000      7.92000      2.22000      10270.3  0.000555000      5.70000
  0.000423000      7.84000      2.22000      10126.1  0.000555000      5.62000
  0.000424000      8.08000      2.20000      10690.9  0.000550000      5.88000
  0.000425000      7.84000      2.20000      10254.5  0.000550000      5.64000
  0.000426000      8.00000      2.20000      10545.5  0.000550000      5.80000
  0.000427000      7.84000      2.16000      10518.5  0.000540000      5.68000
  0.000428000      8.00000      2.16000      10814.8  0.000540000      5.84000
  0.000429000      8.00000      2.20000      10545.5  0.000550000      5.80000
  0.000430000      7.84000      2.18000      10385.3  0.000545000      5.66000
  0.000431000      8.08000      2.20000      10690.9  0.000550000      5.88000
  0.000432000      7.92000      2.22000      10270.3  0.000555000      5.70000
  0.000433000      8.00000      2.20000      10545.5  0.000550000      5.80000
  0.000434000      8.08000      2.18000      10825.7  0.000545000      5.90000
  0.000435000      8.08000      2.18000      10825.7  0.000545000      5.90000
  0.000436000      8.08000      2.18000      10825.7  0.000545000      5.90000
  0.000437000      8.00000      2.18000      10678.9  0.000545000      5.82000
  0.000438000      8.08000      2.16000      10963.0  0.000540000      5.92000
  0.000439000      8.00000      2.16000      10814.8  0.000540000      5.84000
  0.000440000      8.16000      2.20000      10836.4  0.000550000      5.96000
  0.000441000      7.92000      2.16000      10666.7  0.000540000      5.76000
  0.000442000      8.08000      2.22000      10558.6  0.000555000      5.86000
  0.000443000      8.00000      2.20000      10545.5  0.000550000      5.80000
  0.000444000      7.92000      2.18000      10532.1  0.000545000      5.74000
  0.000445000      8.16000      2.22000      10702.7  0.000555000      5.94000
  0.000446000      7.92000      2.22000      10270.3  0.000555000      5.70000
  0.000447000      8.00000      2.24000      10285.7  0.000560000      5.76000
  0.000448000      8.08000      2.26000      10300.9  0.000565000      5.82000
  0.000449000      7.92000      2.24000      10142.9  0.000560000      5.68000
  0.000450000      8.00000      2.26000      10159.3  0.000565000      5.74000
  0.000451000      7.84000      2.30000      9634.78  0.000575000      5.54000
  0.000452000      8.00000      2.28000      10035.1  0.000570000      5.72000
  0.000453000      8.00000      2.26000      10159.3  0.000565000      5.74000
  0.000454000      7.92000      2.26000      10017.7  0.000565000      5.66000
  0.000455000      8.00000      2.24000      10285.7  0.000560000      5.76000
  0.000456000      8.00000      2.24000      10285.7  0.000560000      5.76000
  0.000457000      8.08000      2.24000      10428.6  0.000560000      5.84000
  0.000458000      8.00000      2.26000      10159.3  0.000565000      5.74000
  0.000459000      8.08000      2.26000      10300.9  0.000565000      5.82000
  0.000460000      7.84000      2.26000      9876.11  0.000565000      5.58000
  0.000461000      8.08000      2.28000      10175.4  0.000570000      5.80000
  0.000462000      8.00000      2.26000      10159.3  0.000565000      5.74000
  0.000463000      8.00000      2.26000      10159.3  0.000565000      5.74000
  0.000464000      8.08000      2.24000      10428.6  0.000560000      5.84000
  0.000465000      7.92000      2.24000      10142.9  0.000560000      5.68000
  0.000466000      8.00000      2.26000      10159.3  0.000565000      5.74000
  0.000467000      7.92000      2.26000      10017.7  0.000565000      5.66000
  0.000468000      8.00000      2.26000      10159.3  0.000565000      5.74000
  0.000469000      7.92000      2.28000      9894.74  0.000570000      5.64000
  0.000470000      7.92000      2.26000      10017.7  0.000565000      5.66000
  0.000471000      7.84000      2.30000      9634.78  0.000575000      5.54000
  0.000472000      8.00000      2.28000      10035.1  0.000570000      5.72000
  0.000473000      8.08000      2.24000      10428.6  0.000560000      5.84000
  0.000474000      8.00000      2.24000      10285.7  0.000560000      5.76000
  0.000475000      7.92000      2.22000      10270.3  0.000555000      5.70000
  0.000476000      7.92000      2.26000      10017.7  0.000565000      5.66000
  0.000477000      8.00000      2.26000      10159.3  0.000565000      5.74000
  0.000478000      7.92000      2.26000      10017.7  0.000565000      5.66000
  0.000479000      8.08000      2.24000      10428.6  0.000560000      5.84000
  0.000480000      7.92000      2.30000      9773.91  0.000575000      5.62000
  0.000481000      7.92000      2.26000      10017.7  0.000565000      5.66000
  0.000482000      8.00000      2.30000      9913.04  0.000575000      5.70000
  0.000483000      7.92000      2.24000      10142.9  0.000560000      5.68000
  0.000484000      8.00000      2.22000      10414.4  0.000555000      5.78000
  0.000485000      8.00000      2.26000      10159.3  0.000565000      5.74000
  0.000486000      7.92000      2.26000      10017.7  0.000565000      5.66000
  0.000487000      7.92000      2.26000      10017.7  0.000565000      5.66000
  0.000488000      7.92000      2.28000      9894.74  0.000570000      5.64000
  0.000489000      7.92000      2.26000      10017.7  0.000565000      5.66000
  0.000490000      8.00000      2.26000      10159.3  0.000565000      5.74000
  0.000491000      8.08000      2.26000      10300.9  0.000565000      5.82000
  0.000492000      7.84000      2.26000      9876.11  0.000565000      5.58000
  0.000493000      8.00000      2.24000      10285.7  0.000560000      5.76000
  0.000494000      7.84000      2.24000      10000.0  0.000560000      5.60000
  0.000495000      8.00000      2.24000      10285.7  0.000560000      5.76000
  0.000496000      8.00000      2.26000      10159.3  0.000565000      5.74000
  0.000497000      7.92000      2.24000      10142.9  0.000560000      5.68000
  0.000498000      8.00000      2.26000      10159.3  0.000565000      5.74000
  0.000499000      7.92000      2.24000      10142.9  0.000560000      5.68000
  0.000500000      7.92000      2.26000      10017.7  0.000565000      5.66000
  0.000501000      7.92000      2.28000      9894.74  0.000570000      5.64000
  0.000502000      7.92000      2.24000      10142.9  0.000560000      5.68000
  0.000503000      7.92000      2.28000      9894.74  0.000570000      5.64000
  0.000504000      7.92000      2.26000      10017.7  0.000565000      5.66000
  0.000505000      8.00000      2.26000      10159.3  0.000565000      5.74000
  0.000506000      8.00000      2.24000      10285.7  0.000560000      5.76000
  0.000507000      8.00000      2.30000      9913.04  0.000575000      5.70000
  0.000508000      8.00000      2.26000      10159.3  0.000565000      5.74000
  0.000509000      7.92000      2.24000      10142.9  0.000560000      5.68000
  0.000510000      7.92000      2.24000      10142.9  0.000560000      5.68000
  0.000511000      8.00000      2.28000      10035.1  0.000570000      5.72000
  0.000512000      7.84000      2.24000      10000.0  0.000560000      5.60000
  0.000513000      8.00000      2.24000      10285.7  0.000560000      5.76000
  0.000514000      8.00000      2.26000      10159.3  0.000565000      5.74000
  0.000515000      8.00000      2.28000      10035.1  0.000570000      5.72000
  0.000516000      7.92000      2.26000      10017.7  0.000565000      5.66000
  0.000517000      8.08000      2.32000      9931.04  0.000580000      5.76000
  0.000518000      8.00000      2.26000      10159.3  0.000565000      5.74000
  0.000519000      7.92000      2.24000      10142.9  0.000560000      5.68000
  0.000520000      7.92000      2.24000      10142.9  0.000560000      5.68000
  0.000521000      7.84000      2.22000      10126.1  0.000555000      5.62000
  0.000522000      7.92000      2.26000      10017.7  0.000565000      5.66000
  0.000523000      8.00000      2.24000      10285.7  0.000560000      5.76000
  0.000524000      7.92000      2.28000      9894.74  0.000570000      5.64000
  0.000525000      7.92000      2.26000      10017.7  0.000565000      5.66000
  0.000526000      7.92000      2.26000      10017.7  0.000565000      5.66000
  0.000527000      7.92000      2.26000      10017.7  0.000565000      5.66000
  0.000528000      8.00000      2.26000      10159.3  0.000565000      5.74000
  0.000529000      7.92000      2.24000      10142.9  0.000560000      5.68000
  0.000530000      7.92000      2.24000      10142.9  0.000560000      5.68000
  0.000531000      8.00000      2.24000      10285.7  0.000560000      5.76000
  0.000532000      8.08000      2.24000      10428.6  0.000560000      5.84000
  0.000533000      8.00000      2.26000      10159.3  0.000565000      5.74000
  0.000534000      8.00000      2.28000      10035.1  0.000570000      5.72000
  0.000535000      8.08000      2.28000      10175.4  0.000570000      5.80000
  0.000536000      8.00000      2.28000      10035.1  0.000570000      5.72000
  0.000537000      7.92000      2.28000      9894.74  0.000570000      5.64000
  0.000538000      7.92000      2.24000      10142.9  0.000560000      5.68000
  0.000539000      8.00000      2.26000      10159.3  0.000565000      5.74000
  0.000540000      7.92000      2.20000      10400.0  0.000550000      5.72000
  0.000541000      7.92000      2.22000      10270.3  0.000555000      5.70000
  0.000542000      7.92000      2.24000      10142.9  0.000560000      5.68000
  0.000543000      7.92000      2.28000      9894.74  0.000570000      5.64000
  0.000544000      7.84000      2.26000      9876.11  0.000565000      5.58000
  0.000545000      7.84000      2.24000      10000.0  0.000560000      5.60000
  0.000546000      7.84000      2.26000      9876.11  0.000565000      5.58000
  0.000547000      7.84000      2.22000      10126.1  0.000555000      5.62000
  0.000548000      8.00000      2.28000      10035.1  0.000570000      5.72000
  0.000549000      8.00000      2.22000      10414.4  0.000555000      5.78000
  0.000550000      8.00000      2.22000      10414.4  0.000555000      5.78000
  0.000551000      8.00000      2.18000      10678.9  0.000545000      5.82000
  0.000552000      8.00000      2.24000      10285.7  0.000560000      5.76000
  0.000553000      7.92000      2.20000      10400.0  0.000550000      5.72000
  0.000554000      8.08000      2.22000      10558.6  0.000555000      5.86000
  0.000555000      8.00000      2.26000      10159.3  0.000565000      5.74000
  0.000556000      7.92000      2.22000      10270.3  0.000555000      5.70000
  0.000557000      8.00000      2.20000      10545.5  0.000550000      5.80000
  0.000558000      7.92000      2.20000      10400.0  0.000550000      5.72000
  0.000559000      8.00000      2.22000      10414.4  0.000555000      5.78000
  0.000560000      7.92000      2.18000      10532.1  0.000545000      5.74000
  0.000561000      8.00000      2.20000      10545.5  0.000550000      5.80000
  0.000562000      7.92000      2.22000      10270.3  0.000555000      5.70000
  0.000563000      7.84000      2.26000      9876.11  0.000565000      5.58000
  0.000564000      8.00000      2.22000      10414.4  0.000555000      5.78000
  0.000565000      7.92000      2.22000      10270.3  0.000555000      5.70000
  0.000566000      7.92000      2.22000      10270.3  0.000555000      5.70000
  0.000567000      8.00000      2.20000      10545.5  0.000550000      5.80000
  0.000568000      7.92000      2.20000      10400.0  0.000550000      5.72000
  0.000569000      8.00000      2.22000      10414.4  0.000555000      5.78000
  0.000570000      7.84000      2.20000      10254.5  0.000550000      5.64000
  0.000571000      7.92000      2.20000      10400.0  0.000550000      5.72000
  0.000572000      7.92000      2.20000      10400.0  0.000550000      5.72000
  0.000573000      8.00000      2.22000      10414.4  0.000555000      5.78000
  0.000574000      8.00000      2.24000      10285.7  0.000560000      5.76000
  0.000575000      7.92000      2.22000      10270.3  0.000555000      5.70000
  0.000576000      7.84000      2.20000      10254.5  0.000550000      5.64000
  0.000577000      7.84000      2.22000      10126.1  0.000555000      5.62000
  0.000578000      7.92000      2.26000      10017.7  0.000565000      5.66000
  0.000579000      7.92000      2.20000      10400.0  0.000550000      5.72000
  0.000580000      7.92000      2.20000      10400.0  0.000550000      5.72000
  0.000581000      7.92000      2.24000      10142.9  0.000560000      5.68000
  0.000582000      7.92000      2.22000      10270.3  0.000555000      5.70000
  0.000583000      8.00000      2.22000      10414.4  0.000555000      5.78000
  0.000584000      8.08000      2.26000      10300.9  0.000565000      5.82000
  0.000585000      7.92000      2.22000      10270.3  0.000555000      5.70000
  0.000586000      7.92000      2.22000      10270.3  0.000555000      5.70000
  0.000587000      8.08000      2.20000      10690.9  0.000550000      5.88000
  0.000588000      8.00000      2.22000      10414.4  0.000555000      5.78000
  0.000589000      7.92000      2.18000      10532.1  0.000545000      5.74000
  0.000590000      7.92000      2.20000      10400.0  0.000550000      5.72000
  0.000591000      8.08000      2.20000      10690.9  0.000550000      5.88000
  0.000592000      7.92000      2.20000      10400.0  0.000550000      5.72000
  0.000593000      8.08000      2.22000      10558.6  0.000555000      5.86000
  0.000594000      7.92000      2.26000      10017.7  0.000565000      5.66000
  0.000595000      8.08000      2.22000      10558.6  0.000555000      5.86000
  0.000596000      7.92000      2.22000      10270.3  0.000555000      5.70000
  0.000597000      7.92000      2.20000      10400.0  0.000550000      5.72000
  0.000598000      8.00000      2.20000      10545.5  0.000550000      5.80000
  0.000599000      8.08000      2.18000      10825.7  0.000545000      5.90000
  0.000600000      7.84000      2.20000      10254.5  0.000550000      5.64000
  0.000601000      8.08000      2.20000      10690.9  0.000550000      5.88000
  0.000602000      8.00000      2.20000      10545.5  0.000550000      5.80000
  0.000603000      8.08000      2.24000      10428.6  0.000560000      5.84000
  0.000604000      7.92000      2.20000      10400.0  0.000550000      5.72000
  0.000605000      7.92000      2.20000      10400.0  0.000550000      5.72000
  0.000606000      7.92000      2.20000      10400.0  0.000550000      5.72000
  0.000607000      8.00000      2.20000      10545.5  0.000550000      5.80000
  0.000608000      8.00000      2.20000      10545.5  0.000550000      5.80000
  0.000609000      8.24000      2.20000      10981.8  0.000550000      6.04000
  0.000610000      7.92000      2.22000      10270.3  0.000555000      5.70000
  0.000611000      7.92000      2.22000      10270.3  0.000555000      5.70000
  0.000612000      7.92000      2.24000      10142.9  0.000560000      5.68000
  0.000613000      7.84000      2.24000      10000.0  0.000560000      5.60000
  0.000614000      7.92000      2.22000      10270.3  0.000555000      5.70000
  0.000615000      8.08000      2.22000      10558.6  0.000555000      5.86000
  0.000616000      7.84000      2.20000      10254.5  0.000550000      5.64000
  0.000617000      8.00000      2.20000      10545.5  0.000550000      5.80000
  0.000618000      7.92000      2.18000      10532.1  0.000545000      5.74000
  0.000619000      7.84000      2.22000      10126.1  0.000555000      5.62000
  0.000620000      8.00000      2.20000      10545.5  0.000550000      5.80000
  0.000621000      7.92000      2.24000      10142.9  0.000560000      5.68000
  0.000622000      8.00000      2.22000      10414.4  0.000555000      5.78000
  0.000623000      7.92000      2.22000      10270.3  0.000555000      5.70000
  0.000624000      8.00000      2.20000      10545.5  0.000550000      5.80000
  0.000625000      8.08000      2.22000      10558.6  0.000555000      5.86000
  0.000626000      8.08000      2.18000      10825.7  0.000545000      5.90000
  0.000627000      8.00000      2.20000      10545.5  0.000550000      5.80000
  0.000628000      7.92000      2.24000      10142.9  0.000560000      5.68000
  0.000629000      8.08000      2.24000      10428.6  0.000560000      5.84000
  0.000630000      7.76000      2.20000      10109.1  0.000550000      5.56000
  0.000631000      8.00000      2.22000      10414.4  0.000555000      5.78000
  0.000632000      8.00000      2.20000      10545.5  0.000550000      5.80000
  0.000633000      8.00000      2.22000      10414.4  0.000555000      5.78000
  0.000634000      7.84000      2.22000      10126.1  0.000555000      5.62000
  0.000635000      8.08000      2.20000      10690.9  0.000550000      5.88000
  0.000636000      8.00000      2.20000      10545.5  0.000550000      5.80000
  0.000637000      8.00000      2.20000      10545.5  0.000550000      5.80000
  0.000638000      8.08000      2.24000      10428.6  0.000560000      5.84000
  0.000639000      8.00000      2.22000      10414.4  0.000555000      5.78000
  0.000640000      8.00000      2.22000      10414.4  0.000555000      5.78000
  0.000641000      8.00000      2.22000      10414.4  0.000555000      5.78000
  0.000642000      8.00000      2.22000      10414.4  0.000555000      5.78000
  0.000643000      7.92000      2.22000      10270.3  0.000555000      5.70000
  0.000644000      8.00000      2.18000      10678.9  0.000545000      5.82000
  0.000645000      7.84000      2.22000      10126.1  0.000555000      5.62000
  0.000646000      8.08000      2.20000      10690.9  0.000550000      5.88000
  0.000647000      7.92000      2.18000      10532.1  0.000545000      5.74000
  0.000648000      7.92000      2.20000      10400.0  0.000550000      5.72000
  0.000649000      7.92000      2.26000      10017.7  0.000565000      5.66000
  0.000650000      8.00000      2.22000      10414.4  0.000555000      5.78000
  0.000651000      8.08000      2.26000      10300.9  0.000565000      5.82000
  0.000652000      7.92000      2.26000      10017.7  0.000565000      5.66000
  0.000653000      8.00000      2.24000      10285.7  0.000560000      5.76000
  0.000654000      8.00000      2.20000      10545.5  0.000550000      5.80000
  0.000655000      7.92000      2.20000      10400.0  0.000550000      5.72000
  0.000656000      8.08000      2.18000      10825.7  0.000545000      5.90000
  0.000657000      7.92000      2.18000      10532.1  0.000545000      5.74000
  0.000658000      7.92000      2.20000      10400.0  0.000550000      5.72000
  0.000659000      7.76000      2.20000      10109.1  0.000550000      5.56000
  0.000660000      8.08000      2.22000      10558.6  0.000555000      5.86000
  0.000661000      7.92000      2.22000      10270.3  0.000555000      5.70000
  0.000662000      8.00000      2.22000      10414.4  0.000555000      5.78000
  0.000663000      8.08000      2.20000      10690.9  0.000550000      5.88000
  0.000664000      7.92000      2.20000      10400.0  0.000550000      5.72000
  0.000665000      7.92000      2.18000      10532.1  0.000545000      5.74000
  0.000666000      7.92000      2.18000      10532.1  0.000545000      5.74000
  0.000667000      8.16000      2.20000      10836.4  0.000550000      5.96000
  0.000668000      7.84000      2.22000      10126.1  0.000555000      5.62000
  0.000669000      7.84000      2.22000      10126.1  0.000555000      5.62000
  0.000670000      7.92000      2.22000      10270.3  0.000555000      5.70000
  0.000671000      7.84000      2.22000      10126.1  0.000555000      5.62000
  0.000672000      8.08000      2.22000      10558.6  0.000555000      5.86000
  0.000673000      8.00000      2.20000      10545.5  0.000550000      5.80000
  0.000674000      8.00000      2.22000      10414.4  0.000555000      5.78000
  0.000675000      8.00000      2.20000      10545.5  0.000550000      5.80000
  0.000676000      7.92000      2.16000      10666.7  0.000540000      5.76000
  0.000677000      7.68000      2.20000      9963.63  0.000550000      5.48000
  0.000678000      8.00000      2.24000      10285.7  0.000560000      5.76000
  0.000679000      7.92000      2.22000      10270.3  0.000555000      5.70000
