  3.54000e-05      5.92000      2.25000      16311.1  0.000225000      3.67000
  3.56000e-05      6.08000      2.27000      16784.1  0.000227000      3.81000
  3.58000e-05      5.84000      2.31000      15281.4  0.000231000      3.53000
  3.60000e-05      6.00000      2.31000      15974.0  0.000231000      3.69000
  3.62000e-05      5.92000      2.41000      14564.3  0.000241000      3.51000
  3.64000e-05      6.00000      2.29000      16200.9  0.000229000      3.71000
  3.66000e-05      5.92000      2.27000      16079.3  0.000227000      3.65000
  3.68000e-05      5.92000      2.27000      16079.3  0.000227000      3.65000
  3.70000e-05      6.08000      2.29000      16550.2  0.000229000      3.79000
  3.72000e-05      6.08000      2.33000      16094.4  0.000233000      3.75000
  3.74000e-05      6.08000      2.31000      16320.3  0.000231000      3.77000
  3.76000e-05      6.16000      2.29000      16899.6  0.000229000      3.87000
  3.78000e-05      6.00000      2.31000      15974.0  0.000231000      3.69000
  3.80000e-05      5.92000      2.31000      15627.7  0.000231000      3.61000
  3.82000e-05      6.00000      2.27000      16431.7  0.000227000      3.73000
  3.84000e-05      6.00000      2.27000      16431.7  0.000227000      3.73000
  3.86000e-05      6.08000      2.29000      16550.2  0.000229000      3.79000
  3.88000e-05      6.08000      2.29000      16550.2  0.000229000      3.79000
  3.90000e-05      6.00000      2.29000      16200.9  0.000229000      3.71000
  3.92000e-05      6.08000      2.33000      16094.4  0.000233000      3.75000
  3.94000e-05      5.92000      2.31000      15627.7  0.000231000      3.61000
  3.96000e-05      6.00000      2.31000      15974.0  0.000231000      3.69000
  3.98000e-05      5.84000      2.29000      15502.2  0.000229000      3.55000
  4.00000e-05      5.92000      2.29000      15851.5  0.000229000      3.63000
  4.02000e-05      5.84000      2.29000      15502.2  0.000229000      3.55000
  4.04000e-05      6.16000      2.31000      16666.7  0.000231000      3.85000
  4.06000e-05      6.00000      2.31000      15974.0  0.000231000      3.69000
  4.08000e-05      6.00000      2.27000      16431.7  0.000227000      3.73000
  4.10000e-05      6.08000      2.29000      16550.2  0.000229000      3.79000
  4.12000e-05      6.16000      2.29000      16899.6  0.000229000      3.87000
  4.14000e-05      6.08000      2.31000      16320.3  0.000231000      3.77000
  4.16000e-05      5.84000      2.27000      15726.9  0.000227000      3.57000
  4.18000e-05      6.00000      2.29000      16200.9  0.000229000      3.71000
  4.20000e-05      6.00000      2.27000      16431.7  0.000227000      3.73000
  4.22000e-05      6.00000      2.23000      16905.8  0.000223000      3.77000
  4.24000e-05      5.92000      2.25000      16311.1  0.000225000      3.67000
  4.26000e-05      5.92000      2.21000      16787.3  0.000221000      3.71000
  4.28000e-05      5.92000      2.29000      15851.5  0.000229000      3.63000
  4.30000e-05      6.00000      2.23000      16905.8  0.000223000      3.77000
  4.32000e-05      5.92000      2.27000      16079.3  0.000227000      3.65000
  4.34000e-05      6.00000      2.27000      16431.7  0.000227000      3.73000
  4.36000e-05      6.00000      2.29000      16200.9  0.000229000      3.71000
  4.38000e-05      5.92000      2.25000      16311.1  0.000225000      3.67000
  4.40000e-05      6.00000      2.29000      16200.9  0.000229000      3.71000
  4.42000e-05      6.00000      2.25000      16666.7  0.000225000      3.75000
  4.44000e-05      5.84000      2.25000      15955.6  0.000225000      3.59000
  4.46000e-05      6.08000      2.29000      16550.2  0.000229000      3.79000
  4.48000e-05      5.92000      2.29000      15851.5  0.000229000      3.63000
  4.50000e-05      5.84000      2.25000      15955.6  0.000225000      3.59000
  4.52000e-05      5.92000      2.23000      16547.1  0.000223000      3.69000
  4.54000e-05      6.08000      2.25000      17022.2  0.000225000      3.83000
  4.56000e-05      6.08000      2.27000      16784.1  0.000227000      3.81000
  4.58000e-05      6.00000      2.27000      16431.7  0.000227000      3.73000
  4.60000e-05      5.92000      2.25000      16311.1  0.000225000      3.67000
  4.62000e-05      6.00000      2.27000      16431.7  0.000227000      3.73000
  4.64000e-05      6.16000      2.25000      17377.8  0.000225000      3.91000
  4.66000e-05      5.92000      2.23000      16547.1  0.000223000      3.69000
  4.68000e-05      5.92000      2.25000      16311.1  0.000225000      3.67000
  4.70000e-05      6.00000      2.29000      16200.9  0.000229000      3.71000
  4.72000e-05      6.00000      2.27000      16431.7  0.000227000      3.73000
  4.74000e-05      6.00000      2.23000      16905.8  0.000223000      3.77000
  4.76000e-05      5.76000      2.27000      15374.5  0.000227000      3.49000
  4.78000e-05      6.00000      2.25000      16666.7  0.000225000      3.75000
  4.80000e-05      6.00000      2.29000      16200.9  0.000229000      3.71000
  4.82000e-05      6.00000      2.27000      16431.7  0.000227000      3.73000
  4.84000e-05      6.00000      2.27000      16431.7  0.000227000      3.73000
  4.86000e-05      5.84000      2.25000      15955.6  0.000225000      3.59000
  4.88000e-05      5.92000      2.25000      16311.1  0.000225000      3.67000
  4.90000e-05      6.00000      2.29000      16200.9  0.000229000      3.71000
  4.92000e-05      5.92000      2.29000      15851.5  0.000229000      3.63000
  4.94000e-05      6.00000      2.29000      16200.9  0.000229000      3.71000
  4.96000e-05      5.92000      2.27000      16079.3  0.000227000      3.65000
  4.98000e-05      6.00000      2.27000      16431.7  0.000227000      3.73000
  5.00000e-05      6.00000      2.27000      16431.7  0.000227000      3.73000
  5.02000e-05      5.92000      2.31000      15627.7  0.000231000      3.61000
  5.04000e-05      6.00000      2.29000      16200.9  0.000229000      3.71000
  5.06000e-05      5.92000      2.31000      15627.7  0.000231000      3.61000
  5.08000e-05      6.00000      2.31000      15974.0  0.000231000      3.69000
  5.10000e-05      6.00000      2.29000      16200.9  0.000229000      3.71000
  5.12000e-05      6.00000      2.33000      15751.1  0.000233000      3.67000
  5.14000e-05      6.00000      2.29000      16200.9  0.000229000      3.71000
  5.16000e-05      6.00000      2.29000      16200.9  0.000229000      3.71000
  5.18000e-05      6.00000      2.31000      15974.0  0.000231000      3.69000
  5.20000e-05      6.00000      2.29000      16200.9  0.000229000      3.71000
  5.22000e-05      6.00000      2.25000      16666.7  0.000225000      3.75000
  5.24000e-05      6.08000      2.29000      16550.2  0.000229000      3.79000
  5.26000e-05      6.16000      2.31000      16666.7  0.000231000      3.85000
  5.28000e-05      6.00000      2.29000      16200.9  0.000229000      3.71000
  5.30000e-05      5.92000      2.31000      15627.7  0.000231000      3.61000
  5.32000e-05      5.92000      2.31000      15627.7  0.000231000      3.61000
  5.34000e-05      6.00000      2.29000      16200.9  0.000229000      3.71000
  5.36000e-05      5.92000      2.25000      16311.1  0.000225000      3.67000
  5.38000e-05      6.08000      2.29000      16550.2  0.000229000      3.79000
  5.40000e-05      6.16000      2.29000      16899.6  0.000229000      3.87000
  5.42000e-05      6.00000      2.29000      16200.9  0.000229000      3.71000
  5.44000e-05      6.00000      2.31000      15974.0  0.000231000      3.69000
  5.46000e-05      6.08000      2.27000      16784.1  0.000227000      3.81000
  5.48000e-05      6.00000      2.29000      16200.9  0.000229000      3.71000
  5.50000e-05      6.16000      2.31000      16666.7  0.000231000      3.85000
  5.52000e-05      5.84000      2.25000      15955.6  0.000225000      3.59000
  5.54000e-05      5.92000      2.27000      16079.3  0.000227000      3.65000
  5.56000e-05      6.00000      2.25000      16666.7  0.000225000      3.75000
  5.58000e-05      5.76000      2.29000      15152.8  0.000229000      3.47000
  5.60000e-05      6.00000      2.29000      16200.9  0.000229000      3.71000
  5.62000e-05      6.08000      2.29000      16550.2  0.000229000      3.79000
  5.64000e-05      5.92000      2.23000      16547.1  0.000223000      3.69000
  5.66000e-05      5.92000      2.27000      16079.3  0.000227000      3.65000
  5.68000e-05      6.00000      2.27000      16431.7  0.000227000      3.73000
  5.70000e-05      6.00000      2.25000      16666.7  0.000225000      3.75000
  5.72000e-05      5.84000      2.29000      15502.2  0.000229000      3.55000
  5.74000e-05      6.00000      2.29000      16200.9  0.000229000      3.71000
  5.76000e-05      6.08000      2.25000      17022.2  0.000225000      3.83000
  5.78000e-05      6.00000      2.29000      16200.9  0.000229000      3.71000
  5.80000e-05      6.08000      2.23000      17264.6  0.000223000      3.85000
  5.82000e-05      6.08000      2.27000      16784.1  0.000227000      3.81000
  5.84000e-05      5.92000      2.29000      15851.5  0.000229000      3.63000
  5.86000e-05      6.00000      2.27000      16431.7  0.000227000      3.73000
  5.88000e-05      6.00000      2.27000      16431.7  0.000227000      3.73000
  5.90000e-05      5.92000      2.19000      17032.0  0.000219000      3.73000
  5.92000e-05      6.00000      2.27000      16431.7  0.000227000      3.73000
  5.94000e-05      6.08000      2.27000      16784.1  0.000227000      3.81000
  5.96000e-05      6.00000      2.29000      16200.9  0.000229000      3.71000
  5.98000e-05      5.92000      2.31000      15627.7  0.000231000      3.61000
  6.00000e-05      6.08000      2.27000      16784.1  0.000227000      3.81000
  6.02000e-05      6.00000      2.31000      15974.0  0.000231000      3.69000
  6.04000e-05      5.92000      2.29000      15851.5  0.000229000      3.63000
  6.06000e-05      6.00000      2.35000      15531.9  0.000235000      3.65000
  6.08000e-05      5.92000      2.33000      15407.7  0.000233000      3.59000
  6.10000e-05      6.00000      2.29000      16200.9  0.000229000      3.71000
  6.12000e-05      6.08000      2.29000      16550.2  0.000229000      3.79000
  6.14000e-05      5.92000      2.31000      15627.7  0.000231000      3.61000
  6.16000e-05      6.00000      2.33000      15751.1  0.000233000      3.67000
  6.18000e-05      6.00000      2.33000      15751.1  0.000233000      3.67000
  6.20000e-05      5.92000      2.31000      15627.7  0.000231000      3.61000
  6.22000e-05      6.00000      2.31000      15974.0  0.000231000      3.69000
  6.24000e-05      6.08000      2.31000      16320.3  0.000231000      3.77000
  6.26000e-05      5.92000      2.31000      15627.7  0.000231000      3.61000
  6.28000e-05      5.92000      2.29000      15851.5  0.000229000      3.63000
  6.30000e-05      5.92000      2.29000      15851.5  0.000229000      3.63000
  6.32000e-05      6.00000      2.27000      16431.7  0.000227000      3.73000
  6.34000e-05      6.00000      2.31000      15974.0  0.000231000      3.69000
  6.36000e-05      6.00000      2.31000      15974.0  0.000231000      3.69000
  6.38000e-05      5.92000      2.35000      15191.5  0.000235000      3.57000
  6.40000e-05      6.00000      2.31000      15974.0  0.000231000      3.69000
  6.42000e-05      6.00000      2.29000      16200.9  0.000229000      3.71000
  6.44000e-05      6.00000      2.27000      16431.7  0.000227000      3.73000
  6.46000e-05      6.08000      2.29000      16550.2  0.000229000      3.79000
  6.48000e-05      5.84000      2.27000      15726.9  0.000227000      3.57000
  6.50000e-05      6.00000      2.25000      16666.7  0.000225000      3.75000
  6.52000e-05      5.92000      2.27000      16079.3  0.000227000      3.65000
  6.54000e-05      6.00000      2.27000      16431.7  0.000227000      3.73000
  6.56000e-05      6.00000      2.29000      16200.9  0.000229000      3.71000
  6.58000e-05      6.00000      2.29000      16200.9  0.000229000      3.71000
  6.60000e-05      5.92000      2.29000      15851.5  0.000229000      3.63000
  6.62000e-05      6.00000      2.27000      16431.7  0.000227000      3.73000
  6.64000e-05      6.08000      2.29000      16550.2  0.000229000      3.79000
  6.66000e-05      6.00000      2.27000      16431.7  0.000227000      3.73000
  6.68000e-05      5.84000      2.31000      15281.4  0.000231000      3.53000
  6.70000e-05      5.92000      2.29000      15851.5  0.000229000      3.63000
  6.72000e-05      6.08000      2.27000      16784.1  0.000227000      3.81000
  6.74000e-05      6.00000      2.29000      16200.9  0.000229000      3.71000
  6.76000e-05      5.92000      2.31000      15627.7  0.000231000      3.61000
  6.78000e-05      6.00000      2.29000      16200.9  0.000229000      3.71000
  6.80000e-05      5.84000      2.27000      15726.9  0.000227000      3.57000
  6.82000e-05      6.08000      2.37000      15654.0  0.000237000      3.71000
  6.84000e-05      5.92000      2.31000      15627.7  0.000231000      3.61000
  6.86000e-05      6.16000      2.25000      17377.8  0.000225000      3.91000
  6.88000e-05      5.92000      2.27000      16079.3  0.000227000      3.65000
  6.90000e-05      6.00000      2.31000      15974.0  0.000231000      3.69000
  6.92000e-05      5.92000      2.27000      16079.3  0.000227000      3.65000
  6.94000e-05      6.08000      2.27000      16784.1  0.000227000      3.81000
  6.96000e-05      5.92000      2.31000      15627.7  0.000231000      3.61000
  6.98000e-05      6.00000      2.27000      16431.7  0.000227000      3.73000
  7.00000e-05      6.08000      2.27000      16784.1  0.000227000      3.81000
  7.02000e-05      6.00000      2.27000      16431.7  0.000227000      3.73000
  7.04000e-05      5.84000      2.27000      15726.9  0.000227000      3.57000
  7.06000e-05      6.08000      2.31000      16320.3  0.000231000      3.77000
  7.08000e-05      6.00000      2.31000      15974.0  0.000231000      3.69000
  7.10000e-05      6.08000      2.29000      16550.2  0.000229000      3.79000
  7.12000e-05      6.08000      2.31000      16320.3  0.000231000      3.77000
  7.14000e-05      5.92000      2.31000      15627.7  0.000231000      3.61000
  7.16000e-05      6.00000      2.33000      15751.1  0.000233000      3.67000
  7.18000e-05      6.00000      2.33000      15751.1  0.000233000      3.67000
  7.20000e-05      5.92000      2.31000      15627.7  0.000231000      3.61000
  7.22000e-05      5.92000      2.29000      15851.5  0.000229000      3.63000
  7.24000e-05      6.00000      2.31000      15974.0  0.000231000      3.69000
  7.26000e-05      5.84000      2.31000      15281.4  0.000231000      3.53000
  7.28000e-05      5.92000      2.29000      15851.5  0.000229000      3.63000
  7.30000e-05      6.08000      2.29000      16550.2  0.000229000      3.79000
  7.32000e-05      6.00000      2.33000      15751.1  0.000233000      3.67000
  7.34000e-05      5.92000      2.33000      15407.7  0.000233000      3.59000
  7.36000e-05      6.08000      2.35000      15872.3  0.000235000      3.73000
  7.38000e-05      5.92000      2.33000      15407.7  0.000233000      3.59000
  7.40000e-05      6.00000      2.31000      15974.0  0.000231000      3.69000
  7.42000e-05      5.92000      2.31000      15627.7  0.000231000      3.61000
  7.44000e-05      6.00000      2.31000      15974.0  0.000231000      3.69000
  7.46000e-05      6.00000      2.31000      15974.0  0.000231000      3.69000
  7.48000e-05      5.92000      2.29000      15851.5  0.000229000      3.63000
  7.50000e-05      6.08000      2.27000      16784.1  0.000227000      3.81000
  7.52000e-05      5.92000      2.29000      15851.5  0.000229000      3.63000
  7.54000e-05      5.92000      2.29000      15851.5  0.000229000      3.63000
  7.56000e-05      6.00000      2.31000      15974.0  0.000231000      3.69000
  7.58000e-05      6.00000      2.33000      15751.1  0.000233000      3.67000
  7.60000e-05      6.00000      2.31000      15974.0  0.000231000      3.69000
  7.62000e-05      6.08000      2.31000      16320.3  0.000231000      3.77000
  7.64000e-05      5.84000      2.29000      15502.2  0.000229000      3.55000
  7.66000e-05      5.92000      2.25000      16311.1  0.000225000      3.67000
  7.68000e-05      6.08000      2.27000      16784.1  0.000227000      3.81000
  7.70000e-05      6.08000      2.31000      16320.3  0.000231000      3.77000
  7.72000e-05      6.00000      2.25000      16666.7  0.000225000      3.75000
  7.74000e-05      6.08000      2.29000      16550.2  0.000229000      3.79000
  7.76000e-05      6.00000      2.27000      16431.7  0.000227000      3.73000
  7.78000e-05      6.08000      2.29000      16550.2  0.000229000      3.79000
  7.80000e-05      6.00000      2.23000      16905.8  0.000223000      3.77000
  7.82000e-05      6.00000      2.29000      16200.9  0.000229000      3.71000
  7.84000e-05      5.92000      2.27000      16079.3  0.000227000      3.65000
  7.86000e-05      5.84000      2.31000      15281.4  0.000231000      3.53000
  7.88000e-05      6.00000      2.31000      15974.0  0.000231000      3.69000
  7.90000e-05      6.00000      2.31000      15974.0  0.000231000      3.69000
  7.92000e-05      5.92000      2.27000      16079.3  0.000227000      3.65000
  7.94000e-05      6.00000      2.27000      16431.7  0.000227000      3.73000
  7.96000e-05      5.92000      2.29000      15851.5  0.000229000      3.63000
  7.98000e-05      6.00000      2.25000      16666.7  0.000225000      3.75000
  8.00000e-05      6.00000      2.29000      16200.9  0.000229000      3.71000
  8.02000e-05      6.00000      2.29000      16200.9  0.000229000      3.71000
  8.04000e-05      6.00000      2.31000      15974.0  0.000231000      3.69000
  8.06000e-05      5.92000      2.31000      15627.7  0.000231000      3.61000
  8.08000e-05      5.92000      2.31000      15627.7  0.000231000      3.61000
  8.10000e-05      6.00000      2.29000      16200.9  0.000229000      3.71000
  8.12000e-05      5.84000      2.25000      15955.6  0.000225000      3.59000
  8.14000e-05      6.00000      2.27000      16431.7  0.000227000      3.73000
  8.16000e-05      6.00000      2.29000      16200.9  0.000229000      3.71000
  8.18000e-05      5.92000      2.31000      15627.7  0.000231000      3.61000
  8.20000e-05      6.00000      2.31000      15974.0  0.000231000      3.69000
  8.22000e-05      6.00000      2.27000      16431.7  0.000227000      3.73000
  8.24000e-05      6.08000      2.29000      16550.2  0.000229000      3.79000
  8.26000e-05      5.84000      2.27000      15726.9  0.000227000      3.57000
  8.28000e-05      5.92000      2.29000      15851.5  0.000229000      3.63000
  8.30000e-05      6.00000      2.35000      15531.9  0.000235000      3.65000
  8.32000e-05      6.08000      2.33000      16094.4  0.000233000      3.75000
  8.34000e-05      5.92000      2.35000      15191.5  0.000235000      3.57000
  8.36000e-05      5.92000      2.31000      15627.7  0.000231000      3.61000
  8.38000e-05      6.00000      2.29000      16200.9  0.000229000      3.71000
  8.40000e-05      6.08000      2.27000      16784.1  0.000227000      3.81000
  8.42000e-05      6.08000      2.29000      16550.2  0.000229000      3.79000
  8.44000e-05      5.92000      2.29000      15851.5  0.000229000      3.63000
  8.46000e-05      5.84000      2.35000      14851.1  0.000235000      3.49000
  8.48000e-05      6.00000      2.31000      15974.0  0.000231000      3.69000
  8.50000e-05      6.08000      2.31000      16320.3  0.000231000      3.77000
  8.52000e-05      5.92000      2.29000      15851.5  0.000229000      3.63000
  8.54000e-05      5.92000      2.29000      15851.5  0.000229000      3.63000
  8.56000e-05      6.00000      2.31000      15974.0  0.000231000      3.69000
  8.58000e-05      5.92000      2.31000      15627.7  0.000231000      3.61000
  8.60000e-05      6.00000      2.31000      15974.0  0.000231000      3.69000
  8.62000e-05      5.92000      2.27000      16079.3  0.000227000      3.65000
  8.64000e-05      5.92000      2.29000      15851.5  0.000229000      3.63000
  8.66000e-05      6.08000      2.29000      16550.2  0.000229000      3.79000
  8.68000e-05      6.00000      2.33000      15751.1  0.000233000      3.67000
  8.70000e-05      6.00000      2.33000      15751.1  0.000233000      3.67000
  8.72000e-05      6.08000      2.29000      16550.2  0.000229000      3.79000
  8.74000e-05      6.00000      2.31000      15974.0  0.000231000      3.69000
  8.76000e-05      6.08000      2.29000      16550.2  0.000229000      3.79000
  8.78000e-05      6.00000      2.27000      16431.7  0.000227000      3.73000
  8.80000e-05      5.92000      2.29000      15851.5  0.000229000      3.63000
  8.82000e-05      6.00000      2.25000      16666.7  0.000225000      3.75000
  8.84000e-05      5.92000      2.27000      16079.3  0.000227000      3.65000
  8.86000e-05      5.92000      2.29000      15851.5  0.000229000      3.63000
  8.88000e-05      6.00000      2.31000      15974.0  0.000231000      3.69000
  8.90000e-05      5.92000      2.33000      15407.7  0.000233000      3.59000
  8.92000e-05      6.00000      2.31000      15974.0  0.000231000      3.69000
  8.94000e-05      5.92000      2.29000      15851.5  0.000229000      3.63000
  8.96000e-05      6.00000      2.25000      16666.7  0.000225000      3.75000
  8.98000e-05      6.00000      2.29000      16200.9  0.000229000      3.71000
  9.00000e-05      5.92000      2.33000      15407.7  0.000233000      3.59000
  9.02000e-05      6.00000      2.31000      15974.0  0.000231000      3.69000
  9.04000e-05      6.00000      2.31000      15974.0  0.000231000      3.69000
  9.06000e-05      6.00000      2.27000      16431.7  0.000227000      3.73000
  9.08000e-05      5.92000      2.27000      16079.3  0.000227000      3.65000
  9.10000e-05      6.00000      2.31000      15974.0  0.000231000      3.69000
  9.12000e-05      5.92000      2.25000      16311.1  0.000225000      3.67000
  9.14000e-05      5.92000      2.27000      16079.3  0.000227000      3.65000
  9.16000e-05      6.00000      2.31000      15974.0  0.000231000      3.69000
  9.18000e-05      5.92000      2.27000      16079.3  0.000227000      3.65000
  9.20000e-05      6.00000      2.31000      15974.0  0.000231000      3.69000
  9.22000e-05      5.92000      2.31000      15627.7  0.000231000      3.61000
  9.24000e-05      6.00000      2.27000      16431.7  0.000227000      3.73000
  9.26000e-05      6.08000      2.31000      16320.3  0.000231000      3.77000
  9.28000e-05      6.08000      2.33000      16094.4  0.000233000      3.75000
  9.30000e-05      6.00000      2.27000      16431.7  0.000227000      3.73000
  9.32000e-05      5.92000      2.23000      16547.1  0.000223000      3.69000
  9.34000e-05      6.08000      2.29000      16550.2  0.000229000      3.79000
  9.36000e-05      5.84000      2.31000      15281.4  0.000231000      3.53000
  9.38000e-05      6.00000      2.27000      16431.7  0.000227000      3.73000
  9.40000e-05      5.92000      2.25000      16311.1  0.000225000      3.67000
  9.42000e-05      5.92000      2.29000      15851.5  0.000229000      3.63000
  9.44000e-05      5.92000      2.27000      16079.3  0.000227000      3.65000
  9.46000e-05      5.92000      2.29000      15851.5  0.000229000      3.63000
  9.48000e-05      5.92000      2.31000      15627.7  0.000231000      3.61000
  9.50000e-05      6.00000      2.25000      16666.7  0.000225000      3.75000
  9.52000e-05      6.00000      2.27000      16431.7  0.000227000      3.73000
  9.54000e-05      5.92000      2.25000      16311.1  0.000225000      3.67000
  9.56000e-05      6.00000      2.29000      16200.9  0.000229000      3.71000
  9.58000e-05      6.00000      2.29000      16200.9  0.000229000      3.71000
  9.60000e-05      6.00000      2.29000      16200.9  0.000229000      3.71000
  9.62000e-05      6.00000      2.23000      16905.8  0.000223000      3.77000
  9.64000e-05      6.00000      2.31000      15974.0  0.000231000      3.69000
  9.66000e-05      5.84000      2.29000      15502.2  0.000229000      3.55000
  9.68000e-05      6.00000      2.31000      15974.0  0.000231000      3.69000
  9.70000e-05      6.08000      2.35000      15872.3  0.000235000      3.73000
  9.72000e-05      6.08000      2.29000      16550.2  0.000229000      3.79000
  9.74000e-05      6.00000      2.27000      16431.7  0.000227000      3.73000
  9.76000e-05      6.08000      2.29000      16550.2  0.000229000      3.79000
  9.78000e-05      6.00000      2.27000      16431.7  0.000227000      3.73000
  9.80000e-05      6.00000      2.27000      16431.7  0.000227000      3.73000
  9.82000e-05      6.00000      2.31000      15974.0  0.000231000      3.69000
  9.84000e-05      5.76000      2.29000      15152.8  0.000229000      3.47000
  9.86000e-05      6.00000      2.29000      16200.9  0.000229000      3.71000
  9.88000e-05      5.84000      2.29000      15502.2  0.000229000      3.55000
  9.90000e-05      5.92000      2.27000      16079.3  0.000227000      3.65000
  9.92000e-05      6.00000      2.27000      16431.7  0.000227000      3.73000
  9.94000e-05      6.00000      2.29000      16200.9  0.000229000      3.71000
  9.96000e-05      6.00000      2.29000      16200.9  0.000229000      3.71000
  9.98000e-05      5.92000      2.27000      16079.3  0.000227000      3.65000
  0.000100000      6.00000      2.31000      15974.0  0.000231000      3.69000
  0.000100200      6.00000      2.31000      15974.0  0.000231000      3.69000
  0.000100400      6.00000      2.41000      14896.3  0.000241000      3.59000
  0.000100600      6.08000      2.29000      16550.2  0.000229000      3.79000
  0.000100800      5.92000      2.29000      15851.5  0.000229000      3.63000
  0.000101000      6.08000      2.27000      16784.1  0.000227000      3.81000
  0.000101200      6.00000      2.31000      15974.0  0.000231000      3.69000
  0.000101400      6.08000      2.33000      16094.4  0.000233000      3.75000
  0.000101600      5.92000      2.31000      15627.7  0.000231000      3.61000
  0.000101800      5.92000      2.25000      16311.1  0.000225000      3.67000
  0.000102000      6.00000      2.27000      16431.7  0.000227000      3.73000
  0.000102200      6.16000      2.31000      16666.7  0.000231000      3.85000
  0.000102400      5.92000      2.29000      15851.5  0.000229000      3.63000
  0.000102600      6.00000      2.31000      15974.0  0.000231000      3.69000
  0.000102800      6.08000      2.27000      16784.1  0.000227000      3.81000
  0.000103000      5.92000      2.29000      15851.5  0.000229000      3.63000
  0.000103200      6.00000      2.29000      16200.9  0.000229000      3.71000
  0.000103400      6.08000      2.35000      15872.3  0.000235000      3.73000
  0.000103600      5.92000      2.31000      15627.7  0.000231000      3.61000
  0.000103800      5.84000      2.29000      15502.2  0.000229000      3.55000
  0.000104000      6.00000      2.33000      15751.1  0.000233000      3.67000
  0.000104200      5.84000      2.29000      15502.2  0.000229000      3.55000
  0.000104400      5.92000      2.31000      15627.7  0.000231000      3.61000
  0.000104600      6.08000      2.31000      16320.3  0.000231000      3.77000
  0.000104800      6.00000      2.31000      15974.0  0.000231000      3.69000
  0.000105000      6.00000      2.27000      16431.7  0.000227000      3.73000
  0.000105200      5.84000      2.27000      15726.9  0.000227000      3.57000
  0.000105400      6.08000      2.31000      16320.3  0.000231000      3.77000
  0.000105600      5.92000      2.33000      15407.7  0.000233000      3.59000
  0.000105800      6.00000      2.31000      15974.0  0.000231000      3.69000
  0.000106000      6.00000      2.37000      15316.5  0.000237000      3.63000
  0.000106200      6.00000      2.29000      16200.9  0.000229000      3.71000
  0.000106400      6.00000      2.29000      16200.9  0.000229000      3.71000
  0.000106600      5.92000      2.31000      15627.7  0.000231000      3.61000
  0.000106800      6.08000      2.29000      16550.2  0.000229000      3.79000
  0.000107000      5.92000      2.35000      15191.5  0.000235000      3.57000
  0.000107200      6.00000      2.27000      16431.7  0.000227000      3.73000
  0.000107400      6.00000      2.33000      15751.1  0.000233000      3.67000
  0.000107600      6.08000      2.31000      16320.3  0.000231000      3.77000
  0.000107800      6.00000      2.31000      15974.0  0.000231000      3.69000
  0.000108000      6.08000      2.29000      16550.2  0.000229000      3.79000
  0.000108200      6.16000      2.31000      16666.7  0.000231000      3.85000
  0.000108400      5.92000      2.31000      15627.7  0.000231000      3.61000
  0.000108600      5.92000      2.31000      15627.7  0.000231000      3.61000
  0.000108800      6.00000      2.29000      16200.9  0.000229000      3.71000
  0.000109000      6.00000      2.29000      16200.9  0.000229000      3.71000
  0.000109200      6.00000      2.33000      15751.1  0.000233000      3.67000
  0.000109400      5.92000      2.29000      15851.5  0.000229000      3.63000
  0.000109600      6.00000      2.25000      16666.7  0.000225000      3.75000
  0.000109800      5.92000      2.29000      15851.5  0.000229000      3.63000
  0.000110000      5.92000      2.35000      15191.5  0.000235000      3.57000
  0.000110200      6.16000      2.31000      16666.7  0.000231000      3.85000
  0.000110400      6.00000      2.29000      16200.9  0.000229000      3.71000
  0.000110600      6.00000      2.33000      15751.1  0.000233000      3.67000
  0.000110800      6.00000      2.29000      16200.9  0.000229000      3.71000
  0.000111000      6.00000      2.27000      16431.7  0.000227000      3.73000
  0.000111200      6.00000      2.33000      15751.1  0.000233000      3.67000
  0.000111400      6.08000      2.35000      15872.3  0.000235000      3.73000
  0.000111600      6.00000      2.27000      16431.7  0.000227000      3.73000
  0.000111800      5.92000      2.29000      15851.5  0.000229000      3.63000
  0.000112000      6.00000      2.27000      16431.7  0.000227000      3.73000
  0.000112200      5.92000      2.29000      15851.5  0.000229000      3.63000
  0.000112400      6.00000      2.31000      15974.0  0.000231000      3.69000
  0.000112600      6.00000      2.31000      15974.0  0.000231000      3.69000
  0.000112800      6.00000      2.31000      15974.0  0.000231000      3.69000
  0.000113000      6.00000      2.25000      16666.7  0.000225000      3.75000
  0.000113200      6.00000      2.27000      16431.7  0.000227000      3.73000
  0.000113400      5.92000      2.29000      15851.5  0.000229000      3.63000
  0.000113600      5.92000      2.29000      15851.5  0.000229000      3.63000
  0.000113800      6.00000      2.29000      16200.9  0.000229000      3.71000
  0.000114000      5.84000      2.29000      15502.2  0.000229000      3.55000
  0.000114200      6.00000      2.25000      16666.7  0.000225000      3.75000
  0.000114400      5.92000      2.27000      16079.3  0.000227000      3.65000
  0.000114600      5.92000      2.31000      15627.7  0.000231000      3.61000
  0.000114800      6.00000      2.29000      16200.9  0.000229000      3.71000
  0.000115000      5.92000      2.25000      16311.1  0.000225000      3.67000
  0.000115200      5.92000      2.31000      15627.7  0.000231000      3.61000
  0.000115400      5.92000      2.31000      15627.7  0.000231000      3.61000
  0.000115600      6.00000      2.33000      15751.1  0.000233000      3.67000
  0.000115800      5.92000      2.29000      15851.5  0.000229000      3.63000
  0.000116000      5.92000      2.31000      15627.7  0.000231000      3.61000
  0.000116200      5.92000      2.25000      16311.1  0.000225000      3.67000
  0.000116400      6.00000      2.27000      16431.7  0.000227000      3.73000
  0.000116600      6.00000      2.31000      15974.0  0.000231000      3.69000
  0.000116800      6.00000      2.35000      15531.9  0.000235000      3.65000
  0.000117000      6.08000      2.31000      16320.3  0.000231000      3.77000
  0.000117200      5.92000      2.31000      15627.7  0.000231000      3.61000
  0.000117400      5.92000      2.27000      16079.3  0.000227000      3.65000
  0.000117600      6.00000      2.25000      16666.7  0.000225000      3.75000
  0.000117800      5.92000      2.25000      16311.1  0.000225000      3.67000
  0.000118000      6.00000      2.31000      15974.0  0.000231000      3.69000
  0.000118200      6.00000      2.27000      16431.7  0.000227000      3.73000
  0.000118400      5.92000      2.27000      16079.3  0.000227000      3.65000
  0.000118600      6.08000      2.23000      17264.6  0.000223000      3.85000
  0.000118800      6.00000      2.29000      16200.9  0.000229000      3.71000
  0.000119000      6.00000      2.29000      16200.9  0.000229000      3.71000
  0.000119200      6.08000      2.31000      16320.3  0.000231000      3.77000
  0.000119400      6.08000      2.31000      16320.3  0.000231000      3.77000
  0.000119600      6.00000      2.31000      15974.0  0.000231000      3.69000
  0.000119800      6.00000      2.29000      16200.9  0.000229000      3.71000
  0.000120000      5.92000      2.29000      15851.5  0.000229000      3.63000
  0.000120200      6.00000      2.29000      16200.9  0.000229000      3.71000
  0.000120400      6.00000      2.29000      16200.9  0.000229000      3.71000
  0.000120600      5.84000      2.33000      15064.4  0.000233000      3.51000
  0.000120800      6.00000      2.31000      15974.0  0.000231000      3.69000
  0.000121000      6.00000      2.29000      16200.9  0.000229000      3.71000
  0.000121200      6.08000      2.31000      16320.3  0.000231000      3.77000
  0.000121400      6.08000      2.27000      16784.1  0.000227000      3.81000
  0.000121600      5.92000      2.23000      16547.1  0.000223000      3.69000
  0.000121800      6.00000      2.27000      16431.7  0.000227000      3.73000
  0.000122000      6.00000      2.29000      16200.9  0.000229000      3.71000
  0.000122200      6.00000      2.31000      15974.0  0.000231000      3.69000
  0.000122400      5.84000      2.29000      15502.2  0.000229000      3.55000
  0.000122600      6.00000      2.31000      15974.0  0.000231000      3.69000
  0.000122800      5.92000      2.27000      16079.3  0.000227000      3.65000
  0.000123000      5.92000      2.31000      15627.7  0.000231000      3.61000
  0.000123200      5.84000      2.23000      16188.3  0.000223000      3.61000
  0.000123400      5.76000      2.23000      15829.6  0.000223000      3.53000
  0.000123600      6.00000      2.31000      15974.0  0.000231000      3.69000
  0.000123800      6.00000      2.35000      15531.9  0.000235000      3.65000
  0.000124000      5.92000      2.31000      15627.7  0.000231000      3.61000
  0.000124200      6.00000      2.33000      15751.1  0.000233000      3.67000
  0.000124400      6.08000      2.29000      16550.2  0.000229000      3.79000
  0.000124600      5.92000      2.31000      15627.7  0.000231000      3.61000
  0.000124800      6.00000      2.33000      15751.1  0.000233000      3.67000
  0.000125000      6.00000      2.31000      15974.0  0.000231000      3.69000
  0.000125200      6.00000      2.29000      16200.9  0.000229000      3.71000
  0.000125400      6.00000      2.29000      16200.9  0.000229000      3.71000
  0.000125600      6.16000      2.29000      16899.6  0.000229000      3.87000
  0.000125800      6.00000      2.29000      16200.9  0.000229000      3.71000
  0.000126000      6.00000      2.33000      15751.1  0.000233000      3.67000
  0.000126200      6.00000      2.31000      15974.0  0.000231000      3.69000
  0.000126400      5.84000      2.31000      15281.4  0.000231000      3.53000
  0.000126600      5.92000      2.33000      15407.7  0.000233000      3.59000
  0.000126800      5.92000      2.33000      15407.7  0.000233000      3.59000
  0.000127000      6.00000      2.31000      15974.0  0.000231000      3.69000
  0.000127200      6.00000      2.33000      15751.1  0.000233000      3.67000
  0.000127400      5.92000      2.31000      15627.7  0.000231000      3.61000
  0.000127600      5.92000      2.29000      15851.5  0.000229000      3.63000
  0.000127800      5.92000      2.29000      15851.5  0.000229000      3.63000
  0.000128000      5.92000      2.33000      15407.7  0.000233000      3.59000
  0.000128200      6.00000      2.33000      15751.1  0.000233000      3.67000
  0.000128400      5.92000      2.29000      15851.5  0.000229000      3.63000
  0.000128600      5.92000      2.31000      15627.7  0.000231000      3.61000
  0.000128800      6.00000      2.33000      15751.1  0.000233000      3.67000
  0.000129000      5.92000      2.33000      15407.7  0.000233000      3.59000
  0.000129200      6.00000      2.33000      15751.1  0.000233000      3.67000
  0.000129400      5.92000      2.29000      15851.5  0.000229000      3.63000
  0.000129600      6.00000      2.29000      16200.9  0.000229000      3.71000
  0.000129800      6.08000      2.29000      16550.2  0.000229000      3.79000
  0.000130000      5.92000      2.25000      16311.1  0.000225000      3.67000
  0.000130200      6.00000      2.31000      15974.0  0.000231000      3.69000
  0.000130400      6.00000      2.33000      15751.1  0.000233000      3.67000
  0.000130600      5.92000      2.31000      15627.7  0.000231000      3.61000
  0.000130800      6.00000      2.31000      15974.0  0.000231000      3.69000
  0.000131000      5.92000      2.29000      15851.5  0.000229000      3.63000
  0.000131200      5.92000      2.29000      15851.5  0.000229000      3.63000
  0.000131400      6.24000      2.29000      17248.9  0.000229000      3.95000
  0.000131600      6.00000      2.29000      16200.9  0.000229000      3.71000
  0.000131800      6.08000      2.29000      16550.2  0.000229000      3.79000
  0.000132000      6.08000      2.33000      16094.4  0.000233000      3.75000
  0.000132200      6.00000      2.31000      15974.0  0.000231000      3.69000
  0.000132400      6.00000      2.23000      16905.8  0.000223000      3.77000
  0.000132600      6.00000      2.29000      16200.9  0.000229000      3.71000
  0.000132800      6.00000      2.21000      17149.3  0.000221000      3.79000
  0.000133000      5.84000      2.27000      15726.9  0.000227000      3.57000
  0.000133200      6.08000      2.29000      16550.2  0.000229000      3.79000
  0.000133400      6.16000      2.29000      16899.6  0.000229000      3.87000
  0.000133600      6.08000      2.27000      16784.1  0.000227000      3.81000
  0.000133800      5.92000      2.31000      15627.7  0.000231000      3.61000
  0.000134000      6.00000      2.31000      15974.0  0.000231000      3.69000
  0.000134200      5.92000      2.31000      15627.7  0.000231000      3.61000
  0.000134400      5.92000      2.31000      15627.7  0.000231000      3.61000
  0.000134600      6.00000      2.29000      16200.9  0.000229000      3.71000
  0.000134800      6.00000      2.29000      16200.9  0.000229000      3.71000
  0.000135000      6.00000      2.27000      16431.7  0.000227000      3.73000
  0.000135200      6.08000      2.31000      16320.3  0.000231000      3.77000
  0.000135400      5.52000      2.15000      15674.4  0.000215000      3.37000
