X68437      
0.00,325.000
0.02,325.000
0.04,325.000
0.06,325.000
0.08,325.000
0.10,325.000
0.12,325.000
0.14,325.000
0.16,325.000
0.18,325.000
0.20,325.000
0.22,325.000
0.24,325.000
0.26,325.000
0.28,325.000
0.30,325.000
0.32,325.000
0.34,325.000
0.36,325.000
0.38,325.000
0.40,325.000
0.42,325.000
0.44,325.000
0.46,325.000
0.48,325.000
0.50,325.000
0.52,325.000
0.54,325.000
0.56,325.000
0.58,325.000
0.60,325.000
0.62,325.000
0.64,325.000
0.66,325.000
0.68,325.000
0.70,325.000
0.72,325.000
0.74,325.000
0.76,325.000
0.78,325.000
0.80,325.000
0.82,325.000
0.84,325.000
0.86,325.000
0.88,325.000
0.90,325.000
0.92,325.000
0.94,325.000
0.96,325.000
0.98,325.000
1.00,325.000
1.02,325.000
1.04,325.000
1.06,325.000
1.08,325.000
1.10,325.000
1.12,325.000
1.14,325.000
1.16,325.000
1.18,325.000
1.20,325.000
1.22,325.000
1.24,325.000
1.26,325.000
1.28,325.000
1.30,325.000
1.32,325.000
1.34,325.000
1.36,325.000
1.38,325.000
1.40,325.000
1.42,325.000
1.44,325.000
1.46,325.000
1.48,325.000
1.50,325.000
1.52,325.000
1.54,325.000
1.56,325.000
1.58,325.000
1.60,325.000
1.62,325.000
1.64,325.000
1.66,325.000
1.68,325.000
1.70,325.000
1.72,325.000
1.74,325.000
1.76,307.303
1.78,290.626
1.80,275.002
1.82,260.331
1.84,246.526
1.86,233.507
1.88,221.214
1.90,209.584
1.92,198.569
1.94,188.125
1.96,178.210
1.98,168.795
2.00,159.842
2.02,151.327
2.04,143.223
2.06,135.508
2.08,128.167
2.10,121.174
2.12,114.517
2.14,108.182
2.16,102.158
2.18, 96.434
2.20, 90.994
2.22, 85.828
2.24, 80.925
2.26, 76.275
2.28, 71.866
2.30, 67.691
2.32, 63.741
2.34, 60.001
2.36, 56.463
2.38, 53.119
2.40, 49.953
2.42, 46.960
2.44, 44.134
2.46, 41.461
2.48, 38.936
2.50, 36.551
2.52, 34.299
2.54, 32.172
2.56, 30.165
2.58, 28.274
2.60, 26.489
2.62, 24.809
2.64, 23.229
2.66, 21.744
2.68, 20.351
2.70, 19.045
2.72, 17.824
2.74, 16.684
2.76, 15.619
2.78, 14.627
2.80, 13.703
2.82, 12.845
2.84, 12.048
2.86, 11.308
2.88, 10.622
2.90,  9.986
2.92,  9.396
2.94,  8.849
2.96,  8.343
2.98,  7.873
3.00,  7.437
3.04,  6.657
3.08,  5.983
3.12,  5.400
3.16,  4.893
3.20,  4.451
3.24,  4.064
3.28,  3.724
3.32,  3.425
3.36,  3.160
3.40,  2.925
3.44,  2.715
3.48,  2.528
3.52,  2.359
3.56,  2.208
3.60,  2.070
3.64,  1.946
3.68,  1.833
3.72,  1.731
3.76,  1.637
3.80,  1.552
3.84,  1.474
3.88,  1.402
3.92,  1.335
3.96,  1.274
4.00,  1.216
4.10,  0.000
4.20,  0.000
4.30,  0.000
4.40,  0.000
4.50,  0.000
4.60,  0.000
4.70,  0.000
4.80,  0.000
4.90,  0.000
5.00,  0.000
5.10,  0.000
5.20,  0.000
5.30,  0.000
5.40,  0.000
5.50,  0.000
5.60,  0.000
