Tiempo (min)	I pulso(mA)	Vinst 1 (V)	Iinst 1 (mA)	Rinst 1(Ohm)	Rrem 1 (Ohm)	Ibias 1 (mA)	Vbias 1 (V)	Vinst 2 (V)	Iinst 2 (mA)	Rinst 2(Ohm)	Rrem 2 (Ohm)	Ibias 2 (mA)	Vbias 2 (V)	Ancho pulso (s)	Periodo (s)	Icc 1 (mA)	Vcc 1 (V)	Icc 2 (mA)	Vcc 2 (V)	2W 1?	N2.331467E-1	1.000000E+1	5.364340E+0	4.626600E+0	1.159456E+3	1.352405E+3	4.034000E-1	5.455600E-1	9.910000E+37	4.626600E+0	2.141962E+40	2.456619E+41	4.034000E-1	9.910000E+37	1.000000E-3	0.000000E+0	1.000000E+2	1.000000E+1	1.000000E+2	1.000000E+1	0.000000E+0	1.000000E+0
2.700154E-1	1.000000E+1	5.381740E+0	4.475500E+0	1.202489E+3	1.355649E+3	4.027000E-1	5.459200E-1	9.910000E+37	4.475500E+0	2.214278E+40	2.460889E+41	4.027000E-1	9.910000E+37	1.000000E-3	1.000000E+1	1.000000E+2	1.000000E+1	1.000000E+2	1.000000E+1	0.000000E+0	2.000000E+0
5.914672E-1	1.000000E+1	5.387300E+0	4.453600E+0	1.209651E+3	1.359548E+3	4.027000E-1	5.474900E-1	9.910000E+37	4.453600E+0	2.225166E+40	2.460889E+41	4.027000E-1	9.910000E+37	1.000000E-3	1.000000E+1	1.000000E+2	1.000000E+1	1.000000E+2	1.000000E+1	0.000000E+0	3.000000E+0
9.129689E-1	1.000000E+1	5.385010E+0	4.449900E+0	1.210142E+3	1.360347E+3	4.030000E-1	5.482200E-1	9.910000E+37	4.449900E+0	2.227016E+40	2.459057E+41	4.030000E-1	9.910000E+37	1.000000E-3	1.000000E+1	1.000000E+2	1.000000E+1	1.000000E+2	1.000000E+1	0.000000E+0	4.000000E+0
1.234437E+0	1.000000E+1	5.387570E+0	4.452900E+0	1.209901E+3	1.360647E+3	4.020000E-1	5.469800E-1	9.910000E+37	4.452900E+0	2.225516E+40	2.465174E+41	4.020000E-1	9.910000E+37	1.000000E-3	1.000000E+1	1.000000E+2	1.000000E+1	1.000000E+2	1.000000E+1	0.000000E+0	5.000000E+0
1.555989E+0	1.000000E+1	5.386030E+0	4.456800E+0	1.208497E+3	1.323663E+3	9.238000E-1	1.222800E+0	9.910000E+37	4.456800E+0	2.223568E+40	1.072743E+41	9.238000E-1	9.910000E+37	5.000000E-3	1.000000E+1	1.000000E+2	1.000000E+1	1.000000E+2	1.000000E+1	0.000000E+0	6.000000E+0
1.877441E+0	1.000000E+1	9.992990E+0	9.605900E+0	1.040297E+3	1.316356E+3	9.275000E-1	1.220920E+0	9.910000E+37	9.605900E+0	1.031658E+40	1.068464E+41	9.275000E-1	9.910000E+37	5.000000E-3	1.000000E+1	1.000000E+2	1.000000E+1	1.000000E+2	1.000000E+1	0.000000E+0	7.000000E+0
2.198909E+0	1.000000E+1	9.991870E+0	9.606900E+0	1.040072E+3	1.313869E+3	9.280000E-1	1.219270E+0	9.910000E+37	9.606900E+0	1.031550E+40	1.067888E+41	9.280000E-1	9.910000E+37	5.000000E-3	1.000000E+1	1.000000E+2	1.000000E+1	1.000000E+2	1.000000E+1	0.000000E+0	8.000000E+0
2.520411E+0	1.000000E+1	9.995090E+0	9.599400E+0	1.041220E+3	1.303434E+3	9.319000E-1	1.214670E+0	9.910000E+37	9.599400E+0	1.032356E+40	1.063419E+41	9.319000E-1	9.910000E+37	5.000000E-3	1.000000E+1	1.000000E+2	1.000000E+1	1.000000E+2	1.000000E+1	0.000000E+0	9.000000E+0
2.841913E+0	1.000000E+1	9.990980E+0	9.748100E+0	1.024916E+3	1.303426E+3	9.311000E-1	1.213620E+0	9.910000E+37	9.748100E+0	1.016608E+40	1.064333E+41	9.311000E-1	9.910000E+37	5.000000E-3	1.000000E+1	1.000000E+2	1.000000E+1	1.000000E+2	1.000000E+1	0.000000E+0	1.000000E+1
3.163431E+0	1.000000E+1	9.991740E+0	9.747100E+0	1.025099E+3	1.303547E+3	9.303000E-1	1.212690E+0	9.910000E+37	9.747100E+0	1.016713E+40	1.065248E+41	9.303000E-1	9.910000E+37	5.000000E-3	1.000000E+1	1.000000E+2	1.000000E+1	1.000000E+2	1.000000E+1	0.000000E+0	1.100000E+1
3.484899E+0	1.000000E+1	9.993270E+0	9.749400E+0	1.025014E+3	1.301726E+3	9.326000E-1	1.213990E+0	9.910000E+37	9.749400E+0	1.016473E+40	1.062621E+41	9.326000E-1	9.910000E+37	5.000000E-3	1.000000E+1	1.000000E+2	1.000000E+1	1.000000E+2	1.000000E+1	0.000000E+0	1.200000E+1
3.806368E+0	1.000000E+1	9.992830E+0	9.742900E+0	1.025653E+3	1.304537E+3	9.302000E-1	1.213480E+0	9.910000E+37	9.742900E+0	1.017151E+40	1.065362E+41	9.302000E-1	9.910000E+37	5.000000E-3	1.000000E+1	1.000000E+2	1.000000E+1	1.000000E+2	1.000000E+1	0.000000E+0	1.300000E+1
4.127869E+0	1.000000E+1	9.989390E+0	9.730100E+0	1.026648E+3	1.304282E+3	9.294000E-1	1.212200E+0	9.910000E+37	9.730100E+0	1.018489E+40	1.066279E+41	9.294000E-1	9.910000E+37	5.000000E-3	1.000000E+1	1.000000E+2	1.000000E+1	1.000000E+2	1.000000E+1	0.000000E+0	1.400000E+1
4.449405E+0	1.000000E+1	9.991580E+0	9.728800E+0	1.027011E+3	1.305983E+3	9.309000E-1	1.215740E+0	9.910000E+37	9.728800E+0	1.018625E+40	1.064561E+41	9.309000E-1	9.910000E+37	5.000000E-3	1.000000E+1	1.000000E+2	1.000000E+1	1.000000E+2	1.000000E+1	0.000000E+0	1.500000E+1
4.770890E+0	1.000000E+1	9.991440E+0	9.716200E+0	1.028328E+3	1.308257E+3	9.301000E-1	1.216810E+0	9.910000E+37	9.716200E+0	1.019946E+40	1.065477E+41	9.301000E-1	9.910000E+37	5.000000E-3	1.000000E+1	1.000000E+2	1.000000E+1	1.000000E+2	1.000000E+1	0.000000E+0	1.600000E+1
5.092358E+0	1.000000E+1	9.991250E+0	9.743900E+0	1.025385E+3	1.305748E+3	9.307000E-1	1.215260E+0	9.910000E+37	9.743900E+0	1.017047E+40	1.064790E+41	9.307000E-1	9.910000E+37	5.000000E-3	1.000000E+1	1.000000E+2	1.000000E+1	1.000000E+2	1.000000E+1	0.000000E+0	1.700000E+1
5.413826E+0	1.000000E+1	9.992550E+0	9.742800E+0	1.025634E+3	1.305947E+3	9.315000E-1	1.216490E+0	9.910000E+37	9.742800E+0	1.017161E+40	1.063875E+41	9.315000E-1	9.910000E+37	5.000000E-3	1.000000E+1	1.000000E+2	1.000000E+1	1.000000E+2	1.000000E+1	0.000000E+0	1.800000E+1
5.735328E+0	1.000000E+1	9.993300E+0	9.725100E+0	1.027578E+3	1.312671E+3	9.289000E-1	1.219340E+0	9.910000E+37	9.725100E+0	1.019013E+40	1.066853E+41	9.289000E-1	9.910000E+37	5.000000E-3	1.000000E+1	1.000000E+2	1.000000E+1	1.000000E+2	1.000000E+1	0.000000E+0	1.900000E+1
6.056796E+0	1.000000E+1	9.990500E+0	9.728400E+0	1.026942E+3	1.310612E+3	9.301000E-1	1.219000E+0	9.910000E+37	9.728400E+0	1.018667E+40	1.065477E+41	9.301000E-1	9.910000E+37	5.000000E-3	1.000000E+1	1.000000E+2	1.000000E+1	1.000000E+2	1.000000E+1	0.000000E+0	2.000000E+1
6.378265E+0	1.000000E+1	9.994220E+0	9.721900E+0	1.028011E+3	1.310937E+3	9.299000E-1	1.219040E+0	9.910000E+37	9.721900E+0	1.019348E+40	1.065706E+41	9.299000E-1	9.910000E+37	5.000000E-3	1.000000E+1	1.000000E+2	1.000000E+1	1.000000E+2	1.000000E+1	0.000000E+0	2.100000E+1
6.699733E+0	1.000000E+1	9.992390E+0	9.699800E+0	1.030165E+3	1.315944E+3	9.270000E-1	1.219880E+0	9.910000E+37	9.699800E+0	1.021671E+40	1.069040E+41	9.270000E-1	9.910000E+37	5.000000E-3	1.000000E+1	1.000000E+2	1.000000E+1	1.000000E+2	1.000000E+1	0.000000E+0	2.200000E+1
7.021235E+0	1.000000E+1	9.990050E+0	9.702700E+0	1.029615E+3	1.306223E+3	9.320000E-1	1.217400E+0	9.910000E+37	9.702700E+0	1.021365E+40	1.063305E+41	9.320000E-1	9.910000E+37	5.000000E-3	1.000000E+1	1.000000E+2	1.000000E+1	1.000000E+2	1.000000E+1	0.000000E+0	2.300000E+1
7.342737E+0	1.000000E+1	9.992400E+0	9.717700E+0	1.028268E+3	1.315148E+3	9.275000E-1	1.219800E+0	9.910000E+37	9.717700E+0	1.019789E+40	1.068464E+41	9.275000E-1	9.910000E+37	5.000000E-3	1.000000E+1	1.000000E+2	1.000000E+1	1.000000E+2	1.000000E+1	0.000000E+0	2.400000E+1
7.664222E+0	1.000000E+1	9.990790E+0	9.669700E+0	1.033206E+3	1.318934E+3	9.264000E-1	1.221860E+0	9.910000E+37	9.669700E+0	1.024851E+40	1.069732E+41	9.264000E-1	9.910000E+37	5.000000E-3	1.000000E+1	1.000000E+2	1.000000E+1	1.000000E+2	1.000000E+1	0.000000E+0	2.500000E+1
7.985740E+0	1.000000E+1	9.991190E+0	9.684500E+0	1.031668E+3	1.318480E+3	9.264000E-1	1.221440E+0	9.910000E+37	9.684500E+0	1.023285E+40	1.069732E+41	9.264000E-1	9.910000E+37	5.000000E-3	1.000000E+1	1.000000E+2	1.000000E+1	1.000000E+2	1.000000E+1	0.000000E+0	2.600000E+1
8.307258E+0	1.000000E+1	9.992990E+0	9.641700E+0	1.036434E+3	1.318681E+3	9.266000E-1	1.221890E+0	9.910000E+37	9.641700E+0	1.027827E+40	1.069501E+41	9.266000E-1	9.910000E+37	5.000000E-3	1.000000E+1	1.000000E+2	1.000000E+1	1.000000E+2	1.000000E+1	0.000000E+0	2.700000E+1
8.628760E+0	1.000000E+1	9.994570E+0	9.626600E+0	1.038224E+3	1.320782E+3	9.263000E-1	1.223440E+0	9.910000E+37	9.626600E+0	1.029439E+40	1.069848E+41	9.263000E-1	9.910000E+37	5.000000E-3	1.000000E+1	1.000000E+2	1.000000E+1	1.000000E+2	1.000000E+1	0.000000E+0	2.800000E+1
8.950262E+0	1.000000E+1	9.994550E+0	9.610500E+0	1.039962E+3	1.316128E+3	9.276000E-1	1.220840E+0	9.910000E+37	9.610500E+0	1.031164E+40	1.068348E+41	9.276000E-1	9.910000E+37	5.000000E-3	1.000000E+1	1.000000E+2	1.000000E+1	1.000000E+2	1.000000E+1	0.000000E+0	2.900000E+1
9.271747E+0	1.000000E+1	9.991830E+0	9.638700E+0	1.036637E+3	1.315025E+3	9.278000E-1	1.220080E+0	9.910000E+37	9.638700E+0	1.028147E+40	1.068118E+41	9.278000E-1	9.910000E+37	5.000000E-3	1.000000E+1	1.000000E+2	1.000000E+1	1.000000E+2	1.000000E+1	0.000000E+0	3.000000E+1
9.593199E+0	1.000000E+1	9.993000E+0	9.636200E+0	1.037027E+3	1.313617E+3	9.290000E-1	1.220350E+0	9.910000E+37	9.636200E+0	1.028414E+40	1.066738E+41	9.290000E-1	9.910000E+37	5.000000E-3	1.000000E+1	1.000000E+2	1.000000E+1	1.000000E+2	1.000000E+1	0.000000E+0	3.100000E+1
9.914700E+0	1.000000E+1	9.992310E+0	9.634900E+0	1.037095E+3	1.313972E+3	9.297000E-1	1.221600E+0	9.910000E+37	9.634900E+0	1.028552E+40	1.065935E+41	9.297000E-1	9.910000E+37	5.000000E-3	1.000000E+1	1.000000E+2	1.000000E+1	1.000000E+2	1.000000E+1	0.000000E+0	3.200000E+1
1.023620E+1	1.000000E+1	9.992700E+0	9.626300E+0	1.038062E+3	1.318386E+3	9.268000E-1	1.221880E+0	9.910000E+37	9.626300E+0	1.029471E+40	1.069271E+41	9.268000E-1	9.910000E+37	5.000000E-3	1.000000E+1	1.000000E+2	1.000000E+1	1.000000E+2	1.000000E+1	0.000000E+0	3.300000E+1
1.055840E+1	1.000000E+1	9.993040E+0	9.627000E+0	1.038022E+3	1.320132E+3	9.254000E-1	1.221650E+0	9.910000E+37	9.627000E+0	1.029396E+40	1.070888E+41	9.254000E-1	9.910000E+37	5.000000E-3	1.000000E+1	1.000000E+2	1.000000E+1	1.000000E+2	1.000000E+1	0.000000E+0	3.400000E+1
1.087987E+1	1.000000E+1	9.991920E+0	9.634400E+0	1.037109E+3	1.316392E+3	9.285000E-1	1.222270E+0	9.910000E+37	9.634400E+0	1.028606E+40	1.067313E+41	9.285000E-1	9.910000E+37	5.000000E-3	1.000000E+1	1.000000E+2	1.000000E+1	1.000000E+2	1.000000E+1	0.000000E+0	3.500000E+1
1.120137E+1	1.000000E+1	9.990640E+0	9.607100E+0	1.039923E+3	1.319834E+3	9.282000E-1	1.225070E+0	9.910000E+37	9.607100E+0	1.031529E+40	1.067658E+41	9.282000E-1	9.910000E+37	5.000000E-3	1.000000E+1	1.000000E+2	1.000000E+1	1.000000E+2	1.000000E+1	0.000000E+0	3.600000E+1
1.152284E+1	1.000000E+1	9.993370E+0	9.622900E+0	1.038499E+3	1.319270E+3	9.284000E-1	1.224810E+0	9.910000E+37	9.622900E+0	1.029835E+40	1.067428E+41	9.284000E-1	9.910000E+37	5.000000E-3	1.000000E+1	1.000000E+2	1.000000E+1	1.000000E+2	1.000000E+1	0.000000E+0	3.700000E+1
1.184434E+1	1.000000E+1	9.989490E+0	9.611000E+0	1.039381E+3	1.322137E+3	9.256000E-1	1.223770E+0	9.910000E+37	9.611000E+0	1.031110E+40	1.070657E+41	9.256000E-1	9.910000E+37	5.000000E-3	1.000000E+1	1.000000E+2	1.000000E+1	1.000000E+2	1.000000E+1	0.000000E+0	3.800000E+1
1.216583E+1	1.000000E+1	9.992080E+0	9.625000E+0	1.038138E+3	1.320509E+3	9.264000E-1	1.223320E+0	9.910000E+37	9.625000E+0	1.029610E+40	1.069732E+41	9.264000E-1	9.910000E+37	5.000000E-3	1.000000E+1	1.000000E+2	1.000000E+1	1.000000E+2	1.000000E+1	0.000000E+0	3.900000E+1
1.248731E+1	1.000000E+1	9.994140E+0	9.621800E+0	1.038698E+3	1.325035E+3	9.247000E-1	1.225260E+0	9.910000E+37	9.621800E+0	1.029953E+40	1.071699E+41	9.247000E-1	9.910000E+37	5.000000E-3	1.000000E+1	1.000000E+2	1.000000E+1	1.000000E+2	1.000000E+1	0.000000E+0	4.000000E+1
1.280885E+1	1.000000E+1	9.992360E+0	9.617400E+0	1.038988E+3	1.319860E+3	9.275000E-1	1.224170E+0	9.910000E+37	9.617400E+0	1.030424E+40	1.068464E+41	9.275000E-1	9.910000E+37	5.000000E-3	1.000000E+1	1.000000E+2	1.000000E+1	1.000000E+2	1.000000E+1	0.000000E+0	4.100000E+1
1.313037E+1	1.000000E+1	9.993260E+0	9.612100E+0	1.039654E+3	1.323807E+3	9.245000E-1	1.223860E+0	9.910000E+37	9.612100E+0	1.030992E+40	1.071931E+41	9.245000E-1	9.910000E+37	5.000000E-3	1.000000E+1	1.000000E+2	1.000000E+1	1.000000E+2	1.000000E+1	0.000000E+0	4.200000E+1
1.345194E+1	1.000000E+1	9.989600E+0	9.617800E+0	1.038657E+3	1.321592E+3	9.258000E-1	1.223530E+0	9.910000E+37	9.617800E+0	1.030381E+40	1.070426E+41	9.258000E-1	9.910000E+37	5.000000E-3	1.000000E+1	1.000000E+2	1.000000E+1	1.000000E+2	1.000000E+1	0.000000E+0	4.300000E+1
1.377344E+1	1.000000E+1	9.993890E+0	9.619500E+0	1.038920E+3	1.319244E+3	9.286000E-1	1.225050E+0	9.910000E+37	9.619500E+0	1.030199E+40	1.067198E+41	9.286000E-1	9.910000E+37	5.000000E-3	1.000000E+1	1.000000E+2	1.000000E+1	1.000000E+2	1.000000E+1	0.000000E+0	4.400000E+1
1.409496E+1	1.000000E+1	9.993510E+0	9.607100E+0	1.040221E+3	1.325179E+3	9.242000E-1	1.224730E+0	9.910000E+37	9.607100E+0	1.031529E+40	1.072279E+41	9.242000E-1	9.910000E+37	5.000000E-3	1.000000E+1	1.000000E+2	1.000000E+1	1.000000E+2	1.000000E+1	0.000000E+0	4.500000E+1
1.441647E+1	1.000000E+1	9.991050E+0	9.604300E+0	1.040268E+3	1.322974E+3	9.267000E-1	1.226000E+0	9.910000E+37	9.604300E+0	1.031829E+40	1.069386E+41	9.267000E-1	9.910000E+37	5.000000E-3	1.000000E+1	1.000000E+2	1.000000E+1	1.000000E+2	1.000000E+1	0.000000E+0	4.600000E+1
1.473799E+1	1.000000E+1	9.992700E+0	9.595000E+0	1.041449E+3	1.326085E+3	9.239000E-1	1.225170E+0	9.910000E+37	9.595000E+0	1.032830E+40	1.072627E+41	9.239000E-1	9.910000E+37	5.000000E-3	1.000000E+1	1.000000E+2	1.000000E+1	1.000000E+2	1.000000E+1	0.000000E+0	4.700000E+1
1.505951E+1	1.000000E+1	9.995170E+0	9.605700E+0	1.040546E+3	1.324932E+3	9.249000E-1	1.225430E+0	9.910000E+37	9.605700E+0	1.031679E+40	1.071467E+41	9.249000E-1	9.910000E+37	5.000000E-3	1.000000E+1	1.000000E+2	1.000000E+1	1.000000E+2	1.000000E+1	0.000000E+0	4.800000E+1
1.538101E+1	1.000000E+1	9.994450E+0	9.607600E+0	1.040265E+3	1.321070E+3	9.269000E-1	1.224500E+0	9.910000E+37	9.607600E+0	1.031475E+40	1.069155E+41	9.269000E-1	9.910000E+37	5.000000E-3	1.000000E+1	1.000000E+2	1.000000E+1	1.000000E+2	1.000000E+1	0.000000E+0	4.900000E+1
1.570253E+1	1.000000E+1	9.995670E+0	9.615700E+0	1.039516E+3	1.322892E+3	9.252000E-1	1.223940E+0	9.910000E+37	9.615700E+0	1.030606E+40	1.071120E+41	9.252000E-1	9.910000E+37	5.000000E-3	1.000000E+1	1.000000E+2	1.000000E+1	1.000000E+2	1.000000E+1	0.000000E+0	5.000000E+1
1.602420E+1	1.000000E+1	9.994590E+0	9.611300E+0	1.039879E+3	1.323685E+3	9.259000E-1	1.225600E+0	9.910000E+37	9.611300E+0	1.031078E+40	1.070310E+41	9.259000E-1	9.910000E+37	5.000000E-3	1.000000E+1	1.000000E+2	1.000000E+1	1.000000E+2	1.000000E+1	0.000000E+0	5.100000E+1
1.634573E+1	1.000000E+1	9.994560E+0	9.596700E+0	1.041458E+3	1.323376E+3	9.249000E-1	1.223990E+0	9.910000E+37	9.596700E+0	1.032647E+40	1.071467E+41	9.249000E-1	9.910000E+37	5.000000E-3	1.000000E+1	1.000000E+2	1.000000E+1	1.000000E+2	1.000000E+1	0.000000E+0	5.200000E+1
1.666719E+1	1.000000E+1	9.992030E+0	9.601500E+0	1.040674E+3	1.323749E+3	9.255000E-1	1.225130E+0	9.910000E+37	9.601500E+0	1.032130E+40	1.070773E+41	9.255000E-1	9.910000E+37	5.000000E-3	1.000000E+1	1.000000E+2	1.000000E+1	1.000000E+2	1.000000E+1	0.000000E+0	5.300000E+1
1.698867E+1	1.000000E+1	9.993450E+0	9.593400E+0	1.041701E+3	1.321541E+3	9.266000E-1	1.224540E+0	9.910000E+37	9.593400E+0	1.033002E+40	1.069501E+41	9.266000E-1	9.910000E+37	5.000000E-3	1.000000E+1	1.000000E+2	1.000000E+1	1.000000E+2	1.000000E+1	0.000000E+0	5.400000E+1
1.731019E+1	1.000000E+1	9.990310E+0	9.594000E+0	1.041308E+3	1.323991E+3	9.245000E-1	1.224030E+0	9.910000E+37	9.594000E+0	1.032937E+40	1.071931E+41	9.245000E-1	9.910000E+37	5.000000E-3	1.000000E+1	1.000000E+2	1.000000E+1	1.000000E+2	1.000000E+1	0.000000E+0	5.500000E+1
1.763164E+1	1.000000E+1	9.993740E+0	9.595300E+0	1.041524E+3	1.321756E+3	9.262000E-1	1.224210E+0	9.910000E+37	9.595300E+0	1.032797E+40	1.069963E+41	9.262000E-1	9.910000E+37	5.000000E-3	1.000000E+1	1.000000E+2	1.000000E+1	1.000000E+2	1.000000E+1	0.000000E+0	5.600000E+1
1.795311E+1	1.000000E+1	9.994560E+0	9.592300E+0	1.041936E+3	1.322311E+3	9.251000E-1	1.223270E+0	9.910000E+37	9.592300E+0	1.033120E+40	1.071236E+41	9.251000E-1	9.910000E+37	5.000000E-3	1.000000E+1	1.000000E+2	1.000000E+1	1.000000E+2	1.000000E+1	0.000000E+0	5.700000E+1
1.827463E+1	1.000000E+1	9.992380E+0	9.597200E+0	1.041177E+3	1.322766E+3	9.264000E-1	1.225410E+0	9.910000E+37	9.597200E+0	1.032593E+40	1.069732E+41	9.264000E-1	9.910000E+37	5.000000E-3	1.000000E+1	1.000000E+2	1.000000E+1	1.000000E+2	1.000000E+1	0.000000E+0	5.800000E+1
1.859611E+1	1.000000E+1	9.995040E+0	9.595900E+0	1.041595E+3	1.320764E+3	9.266000E-1	1.223820E+0	9.910000E+37	9.595900E+0	1.032733E+40	1.069501E+41	9.266000E-1	9.910000E+37	5.000000E-3	1.000000E+1	1.000000E+2	1.000000E+1	1.000000E+2	1.000000E+1	0.000000E+0	5.900000E+1
1.891760E+1	1.000000E+1	9.993890E+0	9.589400E+0	1.042181E+3	1.320415E+3	9.263000E-1	1.223100E+0	9.910000E+37	9.589400E+0	1.033433E+40	1.069848E+41	9.263000E-1	9.910000E+37	5.000000E-3	1.000000E+1	1.000000E+2	1.000000E+1	1.000000E+2	1.000000E+1	0.000000E+0	6.000000E+1
1.923908E+1	1.000000E+1	9.991920E+0	9.594900E+0	1.041378E+3	1.320440E+3	9.281000E-1	1.225500E+0	9.910000E+37	9.594900E+0	1.032840E+40	1.067773E+41	9.281000E-1	9.910000E+37	5.000000E-3	1.000000E+1	1.000000E+2	1.000000E+1	1.000000E+2	1.000000E+1	0.000000E+0	6.100000E+1
1.956059E+1	1.000000E+1	9.992540E+0	9.592500E+0	1.041703E+3	1.315722E+3	9.929000E-1	1.306380E+0	9.910000E+37	9.592500E+0	1.033099E+40	9.980864E+40	9.929000E-1	9.910000E+37	1.000000E-2	1.000000E+1	1.000000E+2	1.000000E+1	1.000000E+2	1.000000E+1	0.000000E+0	6.200000E+1
1.988199E+1	1.000000E+1	9.936090E+0	1.006720E+1	9.869765E+2	1.311906E+3	9.919000E-1	1.301280E+0	9.910000E+37	1.006720E+1	9.843849E+39	9.990927E+40	9.919000E-1	9.910000E+37	1.000000E-2	1.000000E+1	1.000000E+2	1.000000E+1	1.000000E+2	1.000000E+1	0.000000E+0	6.300000E+1
2.020331E+1	1.000000E+1	9.934290E+0	1.006440E+1	9.870723E+2	1.313530E+3	9.911000E-1	1.301840E+0	9.910000E+37	1.006440E+1	9.846588E+39	9.998991E+40	9.911000E-1	9.910000E+37	1.000000E-2	1.000000E+1	1.000000E+2	1.000000E+1	1.000000E+2	1.000000E+1	0.000000E+0	6.400000E+1
2.052479E+1	1.000000E+1	9.935300E+0	1.006270E+1	9.873394E+2	1.310741E+3	9.925000E-1	1.300910E+0	9.910000E+37	1.006270E+1	9.848251E+39	9.984887E+40	9.925000E-1	9.910000E+37	1.000000E-2	1.000000E+1	1.000000E+2	1.000000E+1	1.000000E+2	1.000000E+1	0.000000E+0	6.500000E+1
2.084638E+1	1.000000E+1	9.937860E+0	1.006300E+1	9.875643E+2	1.311373E+3	9.918000E-1	1.300620E+0	9.910000E+37	1.006300E+1	9.847958E+39	9.991934E+40	9.918000E-1	9.910000E+37	1.000000E-2	1.000000E+1	1.000000E+2	1.000000E+1	1.000000E+2	1.000000E+1	0.000000E+0	6.600000E+1
2.116773E+1	1.000000E+1	9.940750E+0	1.005550E+1	9.885883E+2	1.317149E+3	9.907000E-1	1.304900E+0	9.910000E+37	1.005550E+1	9.855303E+39	1.000303E+41	9.907000E-1	9.910000E+37	1.000000E-2	1.000000E+1	1.000000E+2	1.000000E+1	1.000000E+2	1.000000E+1	0.000000E+0	6.700000E+1
2.148925E+1	1.000000E+1	9.993830E+0	9.360600E+0	1.067648E+3	1.320384E+3	9.959000E-1	1.314970E+0	9.910000E+37	9.360600E+0	1.058693E+40	9.950798E+40	9.959000E-1	9.910000E+37	1.000000E-2	1.000000E+1	1.000000E+2	1.000000E+1	1.000000E+2	1.000000E+1	0.000000E+0	6.800000E+1
2.181071E+1	1.000000E+1	1.000038E+1	-1.000000E-3	-1.000038E+7	-2.542472E+6	-2.900000E-3	7.373170E+0	9.910000E+37	-1.000000E-3	-9.910000E+43	-3.417241E+43	-2.900000E-3	9.910000E+37	1.000000E-2	1.000000E+1	1.000000E+2	1.000000E+1	1.000000E+2	1.000000E+1	0.000000E+0	6.900000E+1
2.213260E+1	1.000000E+1	9.988910E+0	9.932400E+0	1.005689E+3	1.547986E+3	9.930000E-1	1.537150E+0	9.910000E+37	9.932400E+0	9.977448E+39	9.979859E+40	9.930000E-1	9.910000E+37	1.000000E-2	1.000000E+1	1.000000E+2	1.000000E+1	1.000000E+2	1.000000E+1	0.000000E+0	7.000000E+1
2.245403E+1	1.000000E+1	9.992240E+0	9.535100E+0	1.047943E+3	1.367157E+3	9.984000E-1	1.364970E+0	9.910000E+37	9.535100E+0	1.039318E+40	9.925881E+40	9.984000E-1	9.910000E+37	1.000000E-2	1.000000E+1	1.000000E+2	1.000000E+1	1.000000E+2	1.000000E+1	0.000000E+0	7.100000E+1
2.277555E+1	1.000000E+1	9.988350E+0	9.822000E+0	1.016936E+3	1.333107E+3	9.998000E-1	1.332840E+0	9.910000E+37	9.822000E+0	1.008959E+40	9.911982E+40	9.998000E-1	9.910000E+37	1.000000E-2	1.000000E+1	1.000000E+2	1.000000E+1	1.000000E+2	1.000000E+1	0.000000E+0	7.200000E+1
2.309685E+1	1.000000E+1	9.986760E+0	9.881200E+0	1.010683E+3	1.329385E+3	9.961000E-1	1.324200E+0	9.910000E+37	9.881200E+0	1.002915E+40	9.948800E+40	9.961000E-1	9.910000E+37	1.000000E-2	1.000000E+1	1.000000E+2	1.000000E+1	1.000000E+2	1.000000E+1	0.000000E+0	7.300000E+1
2.341826E+1	1.000000E+1	9.986720E+0	9.919600E+0	1.006766E+3	1.329955E+3	9.955000E-1	1.323970E+0	9.910000E+37	9.919600E+0	9.990322E+39	9.954797E+40	9.955000E-1	9.910000E+37	1.000000E-2	1.000000E+1	1.000000E+2	1.000000E+1	1.000000E+2	1.000000E+1	0.000000E+0	7.400000E+1
2.373962E+1	1.000000E+1	9.992070E+0	9.701100E+0	1.029994E+3	1.343750E+3	9.968000E-1	1.339450E+0	9.910000E+37	9.701100E+0	1.021534E+40	9.941814E+40	9.968000E-1	9.910000E+37	1.000000E-2	1.000000E+1	1.000000E+2	1.000000E+1	1.000000E+2	1.000000E+1	0.000000E+0	7.500000E+1
2.406093E+1	1.000000E+1	9.988070E+0	9.954700E+0	1.003352E+3	1.331541E+3	9.933000E-1	1.322620E+0	9.910000E+37	9.954700E+0	9.955097E+39	9.976845E+40	9.933000E-1	9.910000E+37	1.000000E-2	1.000000E+1	1.000000E+2	1.000000E+1	1.000000E+2	1.000000E+1	0.000000E+0	7.600000E+1
2.438246E+1	1.000000E+1	9.988710E+0	9.904200E+0	1.008533E+3	1.338564E+3	1.019600E+0	1.364800E+0	9.910000E+37	9.904200E+0	1.000586E+40	9.719498E+40	1.019600E+0	9.910000E+37	1.000000E-2	1.000000E+1	1.000000E+2	1.000000E+1	1.000000E+2	1.000000E+1	0.000000E+0	7.700000E+1
2.470390E+1	1.000000E+1	9.983580E+0	9.819900E+0	1.016668E+3	1.348452E+3	1.001000E+0	1.349800E+0	9.910000E+37	9.819900E+0	1.009175E+40	9.900100E+40	1.001000E+0	9.910000E+37	1.000000E-2	1.000000E+1	1.000000E+2	1.000000E+1	1.000000E+2	1.000000E+1	0.000000E+0	7.800000E+1
2.502543E+1	1.000000E+1	9.988940E+0	9.830300E+0	1.016138E+3	1.377318E+3	9.946000E-1	1.369880E+0	9.910000E+37	9.830300E+0	1.008108E+40	9.963805E+40	9.946000E-1	9.910000E+37	1.000000E-2	1.000000E+1	1.000000E+2	1.000000E+1	1.000000E+2	1.000000E+1	0.000000E+0	7.900000E+1
2.534682E+1	1.000000E+1	9.994980E+0	9.735600E+0	1.026642E+3	1.342219E+3	9.979000E-1	1.339400E+0	9.910000E+37	9.735600E+0	1.017914E+40	9.930855E+40	9.979000E-1	9.910000E+37	1.000000E-2	1.000000E+1	1.000000E+2	1.000000E+1	1.000000E+2	1.000000E+1	0.000000E+0	8.000000E+1
2.566822E+1	1.000000E+1	9.991060E+0	9.839600E+0	1.015393E+3	1.348931E+3	9.967000E-1	1.344480E+0	9.910000E+37	9.839600E+0	1.007155E+40	9.942811E+40	9.967000E-1	9.910000E+37	1.000000E-2	1.000000E+1	1.000000E+2	1.000000E+1	1.000000E+2	1.000000E+1	0.000000E+0	8.100000E+1
2.598970E+1	1.000000E+1	9.990680E+0	9.687500E+0	1.031296E+3	1.331015E+3	9.966000E-1	1.326490E+0	9.910000E+37	9.687500E+0	1.022968E+40	9.943809E+40	9.966000E-1	9.910000E+37	1.000000E-2	1.000000E+1	1.000000E+2	1.000000E+1	1.000000E+2	1.000000E+1	0.000000E+0	8.200000E+1
2.631110E+1	1.000000E+1	9.989200E+0	9.919300E+0	1.007047E+3	1.331150E+3	9.971000E-1	1.327290E+0	9.910000E+37	9.919300E+0	9.990624E+39	9.938823E+40	9.971000E-1	9.910000E+37	1.000000E-2	1.000000E+1	1.000000E+2	1.000000E+1	1.000000E+2	1.000000E+1	0.000000E+0	8.300000E+1
2.663249E+1	1.000000E+1	9.986810E+0	9.901800E+0	1.008585E+3	1.332646E+3	9.946000E-1	1.325450E+0	9.910000E+37	9.901800E+0	1.000828E+40	9.963805E+40	9.946000E-1	9.910000E+37	1.000000E-2	1.000000E+1	1.000000E+2	1.000000E+1	1.000000E+2	1.000000E+1	0.000000E+0	8.400000E+1
2.695403E+1	1.000000E+1	9.989070E+0	9.890800E+0	1.009935E+3	1.327386E+3	9.954000E-1	1.321280E+0	9.910000E+37	9.890800E+0	1.001941E+40	9.955797E+40	9.954000E-1	9.910000E+37	1.000000E-2	1.000000E+1	1.000000E+2	1.000000E+1	1.000000E+2	1.000000E+1	0.000000E+0	8.500000E+1
2.727544E+1	1.000000E+1	9.989360E+0	9.899200E+0	1.009108E+3	1.328898E+3	9.935000E-1	1.320260E+0	9.910000E+37	9.899200E+0	1.001091E+40	9.974836E+40	9.935000E-1	9.910000E+37	1.000000E-2	1.000000E+1	1.000000E+2	1.000000E+1	1.000000E+2	1.000000E+1	0.000000E+0	8.600000E+1
2.759686E+1	1.000000E+1	9.989740E+0	9.883400E+0	1.010759E+3	1.334649E+3	9.983000E-1	1.332380E+0	9.910000E+37	9.883400E+0	1.002691E+40	9.926876E+40	9.983000E-1	9.910000E+37	1.000000E-2	1.000000E+1	1.000000E+2	1.000000E+1	1.000000E+2	1.000000E+1	0.000000E+0	8.700000E+1
2.791836E+1	1.000000E+1	9.988840E+0	9.871000E+0	1.011938E+3	1.337667E+3	9.945000E-1	1.330310E+0	9.910000E+37	9.871000E+0	1.003951E+40	9.964806E+40	9.945000E-1	9.910000E+37	1.000000E-2	1.000000E+1	1.000000E+2	1.000000E+1	1.000000E+2	1.000000E+1	0.000000E+0	8.800000E+1
2.823977E+1	1.000000E+1	9.989340E+0	9.866600E+0	1.012440E+3	1.336035E+3	9.968000E-1	1.331760E+0	9.910000E+37	9.866600E+0	1.004399E+40	9.941814E+40	9.968000E-1	9.910000E+37	1.000000E-2	1.000000E+1	1.000000E+2	1.000000E+1	1.000000E+2	1.000000E+1	0.000000E+0	8.900000E+1
2.856123E+1	1.000000E+1	9.990160E+0	9.856400E+0	1.013571E+3	1.338208E+3	9.956000E-1	1.332320E+0	9.910000E+37	9.856400E+0	1.005438E+40	9.953797E+40	9.956000E-1	9.910000E+37	1.000000E-2	1.000000E+1	1.000000E+2	1.000000E+1	1.000000E+2	1.000000E+1	0.000000E+0	9.000000E+1
2.888279E+1	1.200000E+1	9.998580E+0	9.887000E+0	1.011286E+3	1.337931E+3	9.939000E-1	1.329770E+0	9.910000E+37	9.887000E+0	1.002326E+40	9.970822E+40	9.939000E-1	9.910000E+37	1.000000E-2	1.000000E+1	1.000000E+2	1.000000E+1	1.000000E+2	1.000000E+1	0.000000E+0	9.100000E+1
2.920429E+1	1.400000E+1	9.999710E+0	9.905400E+0	1.009521E+3	1.337152E+3	9.951000E-1	1.330600E+0	9.910000E+37	9.905400E+0	1.000464E+40	9.958798E+40	9.951000E-1	9.910000E+37	1.000000E-2	1.000000E+1	1.000000E+2	1.000000E+1	1.000000E+2	1.000000E+1	0.000000E+0	9.200000E+1
2.952569E+1	1.600000E+1	1.000039E+1	9.965200E+0	1.003531E+3	1.332843E+3	9.984000E-1	1.330710E+0	9.910000E+37	9.965200E+0	9.944607E+39	9.925881E+40	9.984000E-1	9.910000E+37	1.000000E-2	1.000000E+1	1.000000E+2	1.000000E+1	1.000000E+2	1.000000E+1	0.000000E+0	9.300000E+1
2.984709E+1	1.800000E+1	9.999600E+0	9.978200E+0	1.002145E+3	1.338840E+3	9.964000E-1	1.334020E+0	9.910000E+37	9.978200E+0	9.931651E+39	9.945805E+40	9.964000E-1	9.910000E+37	1.000000E-2	1.000000E+1	1.000000E+2	1.000000E+1	1.000000E+2	1.000000E+1	0.000000E+0	9.400000E+1
3.016834E+1	2.000000E+1	9.999750E+0	9.948100E+0	1.005192E+3	1.339562E+3	9.949000E-1	1.332730E+0	9.910000E+37	9.948100E+0	9.961701E+39	9.960800E+40	9.949000E-1	9.910000E+37	1.000000E-2	1.000000E+1	1.000000E+2	1.000000E+1	1.000000E+2	1.000000E+1	0.000000E+0	9.500000E+1
3.048986E+1	2.000000E+1	9.999610E+0	9.985600E+0	1.001403E+3	1.329745E+3	9.948000E-1	1.322830E+0	9.910000E+37	9.985600E+0	9.924291E+39	9.961801E+40	9.948000E-1	9.910000E+37	1.000000E-2	1.000000E+1	1.000000E+2	1.000000E+1	1.000000E+2	1.000000E+1	0.000000E+0	9.600000E+1
3.081143E+1	2.000000E+1	9.999810E+0	1.014930E+1	9.852709E+2	1.333652E+3	9.943000E-1	1.326050E+0	9.910000E+37	1.014930E+1	9.764220E+39	9.966811E+40	9.943000E-1	9.910000E+37	1.000000E-2	1.000000E+1	1.000000E+2	1.000000E+1	1.000000E+2	1.000000E+1	0.000000E+0	9.700000E+1
3.113285E+1	2.000000E+1	1.199995E+1	1.336540E+1	8.978370E+2	1.323948E+3	9.938000E-1	1.315740E+0	9.910000E+37	1.336540E+1	7.414668E+39	9.971825E+40	9.938000E-1	9.910000E+37	1.000000E-2	1.000000E+1	1.000000E+2	1.200000E+1	1.000000E+2	1.000000E+1	0.000000E+0	9.800000E+1
3.145442E+1	2.000000E+1	1.199989E+1	1.332400E+1	9.006222E+2	1.328497E+3	9.938000E-1	1.320260E+0	9.910000E+37	1.332400E+1	7.437706E+39	9.971825E+40	9.938000E-1	9.910000E+37	1.000000E-2	1.000000E+1	1.000000E+2	1.400000E+1	1.000000E+2	1.000000E+1	0.000000E+0	9.900000E+1
3.177585E+1	2.000000E+1	1.399589E+1	1.767000E+1	7.920707E+2	1.354819E+3	9.960000E-1	1.349400E+0	9.910000E+37	1.767000E+1	5.608376E+39	9.949799E+40	9.960000E-1	9.910000E+37	1.000000E-2	1.000000E+1	1.000000E+2	1.400000E+1	1.000000E+2	1.000000E+1	0.000000E+0	1.000000E+2
3.209725E+1	2.000000E+1	1.399888E+1	1.700830E+1	8.230617E+2	1.337269E+3	9.960000E-1	1.331920E+0	9.910000E+37	1.700830E+1	5.826567E+39	9.949799E+40	9.960000E-1	9.910000E+37	1.000000E-2	1.000000E+1	1.000000E+2	2.000000E+1	1.000000E+2	1.000000E+1	0.000000E+0	1.010000E+2
3.241864E+1	2.000000E+1	1.482477E+1	2.031500E+1	7.297450E+2	1.292698E+3	9.915000E-1	1.281710E+0	9.910000E+37	2.031500E+1	4.878169E+39	9.994957E+40	9.915000E-1	9.910000E+37	1.000000E-2	1.000000E+1	1.000000E+2	2.000000E+1	1.000000E+2	1.000000E+1	0.000000E+0	1.020000E+2
3.274014E+1	2.000000E+1	1.481175E+1	2.033970E+1	7.282187E+2	1.359299E+3	9.990000E-1	1.357940E+0	9.910000E+37	2.033970E+1	4.872245E+39	9.919920E+40	9.990000E-1	9.910000E+37	1.000000E-2	1.000000E+1	1.000000E+2	2.000000E+1	1.000000E+2	1.000000E+1	0.000000E+0	1.030000E+2
3.306167E+1	2.000000E+1	1.472907E+1	2.032520E+1	7.246704E+2	1.285162E+3	9.887000E-1	1.270640E+0	9.910000E+37	2.032520E+1	4.875721E+39	1.002326E+41	9.887000E-1	9.910000E+37	1.000000E-2	1.000000E+1	1.000000E+2	2.000000E+1	1.000000E+2	1.000000E+1	0.000000E+0	1.040000E+2
3.338313E+1	2.000000E+1	1.471907E+1	2.031560E+1	7.245206E+2	1.311494E+3	9.927000E-1	1.301920E+0	9.910000E+37	2.031560E+1	4.878025E+39	9.982875E+40	9.927000E-1	9.910000E+37	1.000000E-2	1.000000E+1	1.000000E+2	2.000000E+1	1.000000E+2	1.000000E+1	0.000000E+0	1.050000E+2
3.370446E+1	1.800000E+1	1.415298E+1	1.827940E+1	7.742585E+2	1.294975E+3	9.890000E-1	1.280730E+0	9.910000E+37	1.827940E+1	5.421403E+39	1.002022E+41	9.890000E-1	9.910000E+37	1.000000E-2	1.000000E+1	1.000000E+2	2.000000E+1	1.000000E+2	1.000000E+1	0.000000E+0	1.060000E+2
3.402596E+1	1.600000E+1	1.345240E+1	1.629140E+1	8.257363E+2	1.296364E+3	9.901000E-1	1.283530E+0	9.910000E+37	1.629140E+1	6.082964E+39	1.000909E+41	9.901000E-1	9.910000E+37	1.000000E-2	1.000000E+1	1.000000E+2	2.000000E+1	1.000000E+2	1.000000E+1	0.000000E+0	1.070000E+2
3.434728E+1	1.400000E+1	1.222668E+1	1.419640E+1	8.612521E+2	1.250738E+3	9.888000E-1	1.236730E+0	9.910000E+37	1.419640E+1	6.980643E+39	1.002225E+41	9.888000E-1	9.910000E+37	1.000000E-2	1.000000E+1	1.000000E+2	2.000000E+1	1.000000E+2	1.000000E+1	0.000000E+0	1.080000E+2
3.466870E+1	1.200000E+1	1.112550E+1	1.212230E+1	9.177714E+2	1.270067E+3	9.882000E-1	1.255080E+0	9.910000E+37	1.212230E+1	8.175016E+39	1.002833E+41	9.882000E-1	9.910000E+37	1.000000E-2	1.000000E+1	1.000000E+2	2.000000E+1	1.000000E+2	1.000000E+1	0.000000E+0	1.090000E+2
3.499025E+1	1.000000E+1	9.902940E+0	1.009330E+1	9.811400E+2	1.251498E+3	9.915000E-1	1.240860E+0	9.910000E+37	1.009330E+1	9.818394E+39	9.994957E+40	9.915000E-1	9.910000E+37	1.000000E-2	1.000000E+1	1.000000E+2	2.000000E+1	1.000000E+2	1.000000E+1	0.000000E+0	1.100000E+2
3.531165E+1	8.000000E+0	8.429650E+0	8.077700E+0	1.043571E+3	1.252293E+3	9.900000E-1	1.239770E+0	9.910000E+37	8.077700E+0	1.226834E+40	1.001010E+41	9.900000E-1	9.910000E+37	1.000000E-2	1.000000E+1	1.000000E+2	2.000000E+1	1.000000E+2	1.000000E+1	0.000000E+0	1.110000E+2
3.563307E+1	6.000000E+0	6.674540E+0	6.026900E+0	1.107458E+3	1.256440E+3	9.883000E-1	1.241740E+0	9.910000E+37	6.026900E+0	1.644295E+40	1.002732E+41	9.883000E-1	9.910000E+37	1.000000E-2	1.000000E+1	1.000000E+2	2.000000E+1	1.000000E+2	1.000000E+1	0.000000E+0	1.120000E+2
3.595462E+1	6.000000E+0	6.680070E+0	6.027700E+0	1.108229E+3	1.272614E+3	9.910000E-1	1.261160E+0	9.910000E+37	6.027700E+0	1.644077E+40	1.000000E+41	9.910000E-1	9.910000E+37	1.000000E-2	1.000000E+1	1.000000E+2	2.000000E+1	1.000000E+2	1.000000E+1	0.000000E+0	1.130000E+2
3.627614E+1	6.000000E+0	6.714130E+0	6.023300E+0	1.114693E+3	1.314798E+3	9.934000E-1	1.306120E+0	9.910000E+37	6.023300E+0	1.645278E+40	9.975841E+40	9.934000E-1	9.910000E+37	1.000000E-2	1.000000E+1	1.000000E+2	2.000000E+1	1.000000E+2	1.000000E+1	0.000000E+0	1.140000E+2
3.659766E+1	6.000000E+0	6.692400E+0	6.028700E+0	1.110090E+3	1.366316E+3	9.987000E-1	1.364540E+0	9.910000E+37	6.028700E+0	1.643804E+40	9.922900E+40	9.987000E-1	9.910000E+37	1.000000E-2	1.000000E+1	1.000000E+2	2.000000E+1	1.000000E+2	1.000000E+1	0.000000E+0	1.150000E+2
3.691908E+1	6.000000E+0	6.709350E+0	6.020600E+0	1.114399E+3	1.260125E+3	9.886000E-1	1.245760E+0	9.910000E+37	6.020600E+0	1.646015E+40	1.002428E+41	9.886000E-1	9.910000E+37	1.000000E-2	1.000000E+1	1.000000E+2	2.000000E+1	1.000000E+2	1.000000E+1	0.000000E+0	1.160000E+2
3.724058E+1	6.000000E+0	6.709350E+0	6.021800E+0	1.114177E+3	1.259157E+3	9.872000E-1	1.243040E+0	9.910000E+37	6.021800E+0	1.645687E+40	1.003849E+41	9.872000E-1	9.910000E+37	1.000000E-2	1.000000E+1	1.000000E+2	2.000000E+1	1.000000E+2	1.000000E+1	0.000000E+0	1.170000E+2
3.756215E+1	6.000000E+0	6.709440E+0	6.019200E+0	1.114673E+3	1.257634E+3	9.897000E-1	1.244680E+0	9.910000E+37	6.019200E+0	1.646398E+40	1.001314E+41	9.897000E-1	9.910000E+37	1.000000E-2	1.000000E+1	1.000000E+2	2.000000E+1	1.000000E+2	1.000000E+1	0.000000E+0	1.180000E+2
3.788365E+1	6.000000E+0	6.666650E+0	6.031300E+0	1.105342E+3	1.433645E+3	9.960000E-1	1.427910E+0	9.910000E+37	6.031300E+0	1.643095E+40	9.949799E+40	9.960000E-1	9.910000E+37	1.000000E-2	1.000000E+1	1.000000E+2	2.000000E+1	1.000000E+2	1.000000E+1	0.000000E+0	1.190000E+2
3.820509E+1	6.000000E+0	6.716270E+0	6.019400E+0	1.115771E+3	1.303706E+3	9.903000E-1	1.291060E+0	9.910000E+37	6.019400E+0	1.646343E+40	1.000707E+41	9.903000E-1	9.910000E+37	1.000000E-2	1.000000E+1	1.000000E+2	2.000000E+1	1.000000E+2	1.000000E+1	0.000000E+0	1.200000E+2
3.852645E+1	6.000000E+0	6.736060E+0	6.018900E+0	1.119151E+3	1.264460E+3	9.893000E-1	1.250930E+0	9.910000E+37	6.018900E+0	1.646480E+40	1.001718E+41	9.893000E-1	9.910000E+37	1.000000E-2	1.000000E+1	1.000000E+2	2.000000E+1	1.000000E+2	1.000000E+1	0.000000E+0	1.210000E+2
3.884796E+1	6.000000E+0	6.705730E+0	6.025600E+0	1.112873E+3	1.400609E+3	1.001900E+0	1.403270E+0	9.910000E+37	6.025600E+0	1.644649E+40	9.891207E+40	1.001900E+0	9.910000E+37	1.000000E-2	1.000000E+1	1.000000E+2	2.000000E+1	1.000000E+2	1.000000E+1	0.000000E+0	1.220000E+2
3.916946E+1	6.000000E+0	6.691520E+0	6.027500E+0	1.110165E+3	1.298961E+3	9.917000E-1	1.288180E+0	9.910000E+37	6.027500E+0	1.644131E+40	9.992941E+40	9.917000E-1	9.910000E+37	1.000000E-2	1.000000E+1	1.000000E+2	2.000000E+1	1.000000E+2	1.000000E+1	0.000000E+0	1.230000E+2
3.949098E+1	6.000000E+0	6.739340E+0	6.019500E+0	1.119585E+3	1.256665E+3	9.888000E-1	1.242590E+0	9.910000E+37	6.019500E+0	1.646316E+40	1.002225E+41	9.888000E-1	9.910000E+37	1.000000E-2	1.000000E+1	1.000000E+2	2.000000E+1	1.000000E+2	1.000000E+1	0.000000E+0	1.240000E+2
3.981238E+1	8.000000E+0	8.343000E+0	8.069700E+0	1.033867E+3	1.257257E+3	9.887000E-1	1.243050E+0	9.910000E+37	8.069700E+0	1.228051E+40	1.002326E+41	9.887000E-1	9.910000E+37	1.000000E-2	1.000000E+1	1.000000E+2	2.000000E+1	1.000000E+2	1.000000E+1	0.000000E+0	1.250000E+2
4.013395E+1	1.000000E+1	9.813240E+0	1.007830E+1	9.736999E+2	1.247551E+3	9.901000E-1	1.235200E+0	9.910000E+37	1.007830E+1	9.833008E+39	1.000909E+41	9.901000E-1	9.910000E+37	1.000000E-2	1.000000E+1	1.000000E+2	2.000000E+1	1.000000E+2	1.000000E+1	0.000000E+0	1.260000E+2
4.045540E+1	1.000000E+1	9.825380E+0	1.007520E+1	9.752045E+2	1.249156E+3	9.897000E-1	1.236290E+0	9.910000E+37	1.007520E+1	9.836033E+39	1.001314E+41	9.897000E-1	9.910000E+37	1.000000E-2	1.000000E+1	1.000000E+2	2.000000E+1	1.000000E+2	1.000000E+1	0.000000E+0	1.270000E+2
4.077693E+1	1.000000E+1	9.842630E+0	1.008700E+1	9.757738E+2	1.304014E+3	9.890000E-1	1.289670E+0	9.910000E+37	1.008700E+1	9.824527E+39	1.002022E+41	9.890000E-1	9.910000E+37	1.000000E-2	1.000000E+1	1.000000E+2	2.000000E+1	1.000000E+2	1.000000E+1	0.000000E+0	1.280000E+2
4.109845E+1	1.000000E+1	9.924560E+0	1.008590E+1	9.840034E+2	1.258146E+3	9.894000E-1	1.244810E+0	9.910000E+37	1.008590E+1	9.825598E+39	1.001617E+41	9.894000E-1	9.910000E+37	1.000000E-2	1.000000E+1	1.000000E+2	2.000000E+1	1.000000E+2	1.000000E+1	0.000000E+0	1.290000E+2
4.141975E+1	1.000000E+1	9.718570E+0	1.008470E+1	9.636945E+2	1.238267E+3	9.925000E-1	1.228980E+0	9.910000E+37	1.008470E+1	9.826767E+39	9.984887E+40	9.925000E-1	9.910000E+37	1.000000E-2	1.000000E+1	1.000000E+2	2.000000E+1	1.000000E+2	1.000000E+1	0.000000E+0	1.300000E+2
4.174114E+1	1.000000E+1	9.718130E+0	1.008560E+1	9.635649E+2	1.241973E+3	9.904000E-1	1.230050E+0	9.910000E+37	1.008560E+1	9.825890E+39	1.000606E+41	9.904000E-1	9.910000E+37	1.000000E-2	1.000000E+1	1.000000E+2	2.000000E+1	1.000000E+2	1.000000E+1	0.000000E+0	1.310000E+2
4.206271E+1	1.000000E+1	9.755630E+0	1.008940E+1	9.669187E+2	1.244640E+3	9.897000E-1	1.231820E+0	9.910000E+37	1.008940E+1	9.822190E+39	1.001314E+41	9.897000E-1	9.910000E+37	1.000000E-2	1.000000E+1	1.000000E+2	2.000000E+1	1.000000E+2	1.000000E+1	0.000000E+0	1.320000E+2
