#Pulsos	T-tor_ no puedo porque tienen diferente	002b	002c	002d	002e	002f	002g	002h	002i	delta02b/11684	delta02c/8818.2	delta02d/10250	delta02e/10030	delta02f/10155	delta02g/9355.1	delta02h/8967.2	delta2i/9164.5	S5_delta02b	S5_delta02c	S5_delta02d	S5_delta02e	S5_delta02f	S5_delta02g	S5_delta02h	S5_delta02i	AA	T_02b	T_02i	T_02c	T_02f	T_02d	T_02e	AH	AI	AJ
1.0000	0.0000	11684	8818.2	10250	10030	10155	9355.1	8967.2	9164.6	-3.5104e-05	-2.0820e-06	0.0000	9.9311e-06	4.0390e-05	4.2382e-06	-4.0077e-06	1.4599e-05										2.3678	1.8898	1.9135	1.6669	1.4935	1.1840			
2.0000		10128	9412.5	9845.4	9352.0	9361.4	8707.2	8522.7	9441.6	-0.13314	0.067395	-0.039474	-0.067595	-0.078152	-0.069251	-0.049567	0.030241										2.5886	2.2766	2.3837	2.6039	2.9635	6.2875			
3.0000		10362	8937.5	9060.6	10118	10050	8272.7	8823.5	9454.3	-0.11314	0.013529	-0.11604	0.0087587	-0.010340	-0.11570	-0.016022	0.031618	-0.12404	0.017511	-0.079497	-0.032271	-0.064890	-0.079463	-0.037685	0.011305		2.8088	2.6633	3.1046	4.3240	5.6836	16.341			
4.0000		9322.0	9048.3	9155.5	9509.5	8964.2	8154.9	8254.1	9036.1	-0.20216	0.026098	-0.10678	-0.051895	-0.11726	-0.12829	-0.079518	-0.014006	-0.16879	0.012147	-0.084569	-0.030521	-0.086574	-0.10883	-0.062409	0.0044188		3.0291	3.0500	3.8247	6.0441	8.4038	26.395			
5.0000		9677.4	8646.6	8864.3	9522.2	8949.3	8568.6	8578.8	9243.8	-0.17174	-0.019465	-0.13519	-0.050633	-0.11873	-0.084075	-0.043314	0.0086559	-0.17974	-0.017444	-0.088099	-0.045915	-0.10418	-0.11928	-0.068798	-0.019505		3.2493	3.4368	4.5450	7.7642	11.124	36.448			
6.0000		9069.5	8581.7	9990.0	10118	9054.4	7981.4	7858.6	8849.1	-0.22377	-0.026824	-0.025363	0.0087587	-0.10838	-0.14684	-0.12362	-0.034414	-0.20573	-0.034381	-0.083905	-0.043007	-0.13210	-0.12408	-0.087760	-0.034763		3.4695	3.8236	5.2652	9.4843	13.844	46.503			
7.0000		9488.9	8107.8	9664.5	8580.0	8467.4	8218.6	8236.3	8345.4	-0.18787	-0.080559	-0.057120	-0.14457	-0.16618	-0.12149	-0.081512	-0.089377	-0.21863	-0.058821	-0.083347	-0.045415	-0.14738	-0.13492	-0.086035	-0.043931		3.6896	4.2115	5.9854	11.205	16.564	56.556			
8.0000		8843.2	8190.7	9275.5	10264	8632.2	8048.3	7973.3	8755.1	-0.24314	-0.071156	-0.095069	0.023300	-0.14996	-0.13969	-0.11083	-0.044672	-0.23235	-0.065358	-0.080291	-0.051655	-0.15865	-0.14955	-0.087476	-0.064346		3.9098	4.5983	6.7056	12.925	19.284	66.610			
9.0000		8568.6	7970.7	9184.0	9388.7	8188.5	7648.0	8331.5	8616.0	-0.26664	-0.096103	-0.10400	-0.063937	-0.19365	-0.18248	-0.070893	-0.059846	-0.24033	-0.077152	-0.092375	-0.063912	-0.16399	-0.14915	-0.074116	-0.080406		4.1300	4.9850	7.4258	14.645	22.004	76.663			
10.000		8875.7	8358.3	9021.0	9209.2	8377.1	7884.2	8514.2	8308.3	-0.24035	-0.052150	-0.11991	-0.081831	-0.17508	-0.15723	-0.050517	-0.093422	-0.25589	-0.069183	-0.097032	-0.053415	-0.15709	-0.16820	-0.076295	-0.084920		4.3505	5.3718	8.1460	16.365	24.724	86.717			
11.000		8603.4	8061.7	9370.7	9503.2	8783.0	8000.0	8457.6	8113.2	-0.26366	-0.085793	-0.085784	-0.052524	-0.13511	-0.14485	-0.056826	-0.11471	-0.25730	-0.068352	-0.10529	-0.076311	-0.15927	-0.18129	-0.071373	-0.10817		4.5707	5.7585	8.8664	18.085	27.444	96.770			
12.000		8580.0	8459.2	9425.9	9106.4	8818.2	7327.6	8138.6	8138.6	-0.26566	-0.040716	-0.080403	-0.092085	-0.13164	-0.21672	-0.092405	-0.11194	-0.26708	-0.060985	-0.11530	-0.083583	-0.16689	-0.17193	-0.082600	-0.10526		4.7908	6.1453	9.5866	19.805	30.164	106.82			
13.000		8760.9	8227.4	8852.1	9115.5	8521.4	7435.6	8194.0	7689.7	-0.25018	-0.066998	-0.13638	-0.091176	-0.16087	-0.20518	-0.086227	-0.16092	-0.28591	-0.075898	-0.11447	-0.082969	-0.16802	-0.17767	-0.10120	-0.11698		5.0109	6.5321	10.307	21.525	32.884	116.88			
14.000		7997.3	8295.6	8671.5	9024.0	7801.6	8086.0	7828.1	8749.3	-0.31553	-0.059266	-0.15400	-0.10030	-0.23175	-0.13566	-0.12703	-0.045308	-0.29665	-0.076689	-0.11963	-0.094012	-0.18093	-0.17812	-0.12146	-0.12231		5.2312	6.9188	11.027	23.246	35.604	126.93			
15.000		7775.2	7700.8	9063.1	9240.0	8319.4	7615.8	7680.3	7771.4	-0.33454	-0.12672	-0.11580	-0.078764	-0.18075	-0.18592	-0.14351	-0.15201	-0.30699	-0.084275	-0.12471	-0.098839	-0.19546	-0.16960	-0.13201	-0.12109		5.4513	7.3057	11.747	24.966	38.325	136.98			
16.000		7976.0	8026.8	9106.7	8949.4	8127.7	7978.8	7549.1	7868.8	-0.31736	-0.089745	-0.11154	-0.10774	-0.19963	-0.14712	-0.15814	-0.14139	-0.30521	-0.090217	-0.13197	-0.090982	-0.20887	-0.16723	-0.14465	-0.11467		5.6716	7.6924	12.468	26.686	41.045	147.04			
17.000		7976.3	8124.7	9165.1	8864.3	8080.6	7726.1	7665.8	8194.5	-0.31734	-0.078649	-0.10584	-0.11622	-0.20427	-0.17413	-0.14513	-0.10584	-0.29634	-0.10668	-0.13018	-0.10018	-0.19834	-0.17676	-0.15164	-0.13096		5.8918	8.0791	13.188	28.406	43.765	157.09			
18.000		8864.7	7965.4	8480.2	9509.5	7840.3	7546.6	7626.9	7984.0	-0.24130	-0.096706	-0.17266	-0.051895	-0.22794	-0.19332	-0.14947	-0.12881	-0.29129	-0.10008	-0.14072	-0.10526	-0.19078	-0.18755	-0.16497	-0.12205		6.1120	8.4660	13.908	30.127	46.485	167.15			
19.000		8515.6	7569.6	8763.2	8562.9	8336.1	7640.3	7515.1	8002.7	-0.27118	-0.14159	-0.14506	-0.14628	-0.17911	-0.18330	-0.16194	-0.12677	-0.29370	-0.10379	-0.14221	-0.098637	-0.18887	-0.20207	-0.17206	-0.11207		6.3322	8.8528	14.628	31.847	49.205	177.20			
20.000		8070.1	7992.0	8522.9	8985.0	8703.5	7111.1	7082.4	8179.8	-0.30930	-0.093690	-0.16850	-0.10419	-0.14294	-0.23987	-0.21019	-0.10744	-0.29223	-0.11035	-0.15329	-0.10384	-0.19263	-0.21593	-0.17637	-0.11787		6.5524	9.2396	15.348	33.567	51.925	187.25			
21.000		7835.5	7863.2	9030.1	9281.7	8224.7	7299.3	7231.3	8325.9	-0.32938	-0.10830	-0.11901	-0.074603	-0.19009	-0.21975	-0.19358	-0.091505	-0.29967	-0.12862	-0.15556	-0.12909	-0.19027		-0.18534	-0.12930		6.7725	9.6264	16.069	35.287	54.645	197.31			
22.000		8062.2	7835.5	8597.7	8603.4	7889.5	7078.0	7472.6	7928.9	-0.30998	-0.11144	-0.16120	-0.14223	-0.22309	-0.24341	-0.16667	-0.13482	-0.30909	-0.11021	-0.15850	-0.11856	-0.19107		-0.18890	-0.13109		6.9930	10.013	16.789	37.008	57.365	207.36			
23.000		8429.8	7159.5	8363.9	8243.1	7960.1	7186.2	7224.6	7460.2	-0.27852	-0.18810	-0.18401	-0.17816	-0.21614	-0.23185	-0.19433	-0.18597	-0.31647	-0.10800	-0.15671	-0.11772	-0.20545		-0.18419	-0.14551		7.2133	10.400	17.509	38.728	60.086	217.41			
24.000		7965.5	8381.6	8612.1	9091.2	8295.6		7355.4	7920.8	-0.31825	-0.049509	-0.15980	-0.093601	-0.18310		-0.17974	-0.13570	-0.31919	-0.10723	-0.15897	-0.12429	-0.20639		-0.18490	-0.15964		7.4335	10.787	18.229	40.448	62.806	227.47			
25.000		7638.7	8089.2	8614.9	9027.0	7973.3		7293.7	7518.8	-0.34623	-0.082671	-0.15952	-0.099997	-0.21484		-0.18663	-0.17957	-0.31434	-0.097193	-0.16088	-0.12316			-0.19418	-0.17394		7.6537	11.174	18.949	42.168	65.526	237.52			
26.000		7676.9	7897.1	8913.9	8952.2	8177.1		7199.5	7678.6	-0.34295	-0.10445	-0.13035	-0.10745	-0.19477		-0.19713	-0.16214	-0.32656	-0.075303	-0.16137	-0.11764			-0.19750	-0.17760		7.8739	11.561	19.670	43.888	68.246	247.58			
27.000		8345.4	8278.2	8500.0	8659.9			7056.6	7273.6	-0.28574	-0.061233	-0.17073	-0.13660			-0.21306	-0.20633	-0.32684	-0.087461	-0.16281	-0.13047			-0.20401	-0.18259		8.0940	11.947	20.390	45.409	70.966	257.63			
28.000		7715.8	8124.7	8338.9	8519.9			7075.5	7292.7	-0.33963	-0.078649	-0.18645	-0.15056			-0.21096	-0.20425	-0.32272	-0.097199	-0.16422	-0.13314			-0.20978	-0.18362		8.3142	12.335	21.110	46.729	73.686	267.68			
29.000		7949.5	7845.5	8538.5	8447.9			7063.7	7692.3	-0.31963	-0.11030	-0.16698	-0.15774			-0.21228	-0.16064	-0.32352	-0.11043	-0.18200	-0.12826				-0.18541		8.5344	12.721	21.830	48.050	76.406	277.74			
30.000		7878.9	7659.8	8542.6	8893.2			7035.2	7471.5	-0.32566	-0.13136	-0.16657	-0.11334			-0.21545	-0.18474	-0.33754	-0.12740	-0.17364	-0.13597				-0.17937		8.7546	13.108	22.550	49.370	79.126	287.79			
31.000		7630.4	7313.7	8002.7	9196.9			7118.8	7596.4	-0.34694	-0.17061	-0.21925	-0.083059			-0.20613	-0.17110	-0.34305	-0.13550	-0.16941	-0.14330				-0.17756		8.9748	13.495	23.271	50.691	81.847	297.84			
32.000		7526.3	7530.2	8928.4	8273.5				7550.3	-0.35584	-0.14607	-0.12894	-0.17513				-0.17614	-0.35503	-0.14208	-0.16591	-0.13748				-0.19023		9.1950	13.882	23.991	52.012	84.567	307.90			
33.000		7394.1	7767.4	8555.6	8152.2				7375.9	-0.36716	-0.11916	-0.16531	-0.18722				-0.19516	-0.36216	-0.14584	-0.16307	-0.14518				-0.18734		9.4152	14.269	24.711	53.333	87.287	317.95			
34.000		7249.4	7555.6	8718.0	8739.8				7111.6	-0.37955	-0.14319	-0.14946	-0.12864				-0.22400	-0.36723	-0.13788	-0.15331	-0.16677				-0.19855		9.6354	14.655	25.431	54.653	90.007	328.00			
35.000		7462.7	7493.8	8687.9	8507.1				7604.1	-0.36129	-0.15019	-0.15240	-0.15183				-0.17027	-0.36825	-0.14225	-0.16343	-0.14788				-0.20380		9.8556	15.042	26.151	55.974	92.727	338.06			
36.000		7334.2	7665.0	8502.8	8113.8				7082.5	-0.37229	-0.13078	-0.17045	-0.19104				-0.22718	-0.36269	-0.15191	-0.16539	-0.12683				-0.21072		10.076	15.429	26.871	57.295	95.447	348.11			
37.000		7466.3	7337.4	8410.1	9220.9				7309.8	-0.36098	-0.16792	-0.17950	-0.080672				-0.20238	-0.36110	-0.15177	-0.16654	-0.14537				-0.21321		10.296	15.816	27.592	58.615	98.167	358.17			
38.000		7719.1	7341.5	8454.8	9208.0				7058.8	-0.33935	-0.16746	-0.17514	-0.081959				-0.22976	-0.36200	-0.15103	-0.17834	-0.14884				-0.21996		10.516	16.203	28.312	59.936	100.89	368.22			
39.000		7342.3	7561.7	8659.0	7809.9				6997.7	-0.37159	-0.14249	-0.15522	-0.22135				-0.23644	-0.36216	-0.15751	-0.18282	-0.13706						10.736	16.590	29.032	61.257	103.61	378.27			
40.000		7409.9	7526.3	8083.1	8333.3				7294.4	-0.36581	-0.14650	-0.21140	-0.16916				-0.20406	-0.35882		-0.18611	-0.15180						10.956	16.976	29.752	62.578	106.33	388.33			
41.000		7325.2	7379.3	8273.5	8704.3					-0.37306	-0.16317	-0.19283	-0.13217					-0.36955		-0.19287	-0.18340						11.177	17.330	30.472	63.898	109.05	398.38			
42.000		7661.5		8241.8	8481.6					-0.34427		-0.19593	-0.15438					-0.36822		-0.20515	-0.17190						11.397	17.345	30.943	65.219	111.77	408.43			
43.000		7092.2		8108.1	7623.4					-0.39300		-0.20897	-0.23994					-0.37120		-0.19470	-0.16596						11.617	17.361	31.130	66.540	114.49	418.49			
44.000		7419.8		8029.5	8386.6					-0.36496		-0.21664	-0.16385					-0.36978		-0.20019	-0.17369						11.837	17.376	31.284	67.860	117.21	428.54			
45.000		7235.6		8618.9	8631.1					-0.38073		-0.15913	-0.13947					-0.38066		-0.19930	-0.17707						12.057	17.391	31.438	69.181	119.93	438.60			
46.000		7408.4		7992.0	8316.7					-0.36593		-0.22029	-0.17082					-0.38504		-0.19609	-0.15934						12.278	17.406	31.591		122.65	448.65			
47.000		7025.8		8287.3	8312.2					-0.39869		-0.19148	-0.17127					-0.38944		-0.19912	-0.15390						12.498	17.422	31.746		125.37	458.70			
48.000		6836.4		8272.7	8512.8					-0.41490		-0.19290	-0.15126					-0.39668		-0.21381	-0.17924						12.718	17.437	31.900		128.09	468.76			
49.000		7163.1		7874.0	8659.0					-0.38693		-0.23180	-0.13669					-0.40869		-0.21139	-0.17413						12.938	17.452	32.054		130.81	478.81			
50.000		6812.2		7866.1	7360.3					-0.41696		-0.23257	-0.26617					-0.41136		-0.22382	-0.18052						13.158	17.468	32.208		133.53	488.86			
51.000		6706.9		8115.9	8573.1					-0.42597		-0.20820	-0.14526					-0.41056		-0.22909	-0.18518						13.379	17.483	32.361		136.25	498.92			
52.000		6869.9		7650.5	7992.0					-0.41203		-0.25361	-0.20319					-0.41129		-0.21844	-0.20195						13.599	17.498	32.515		138.97	508.97			
53.000		6882.8		8002.7	8279.0					-0.41092		-0.21925	-0.17458					-0.40299		-0.21022	-0.19278						13.819	17.513	32.669		141.69	519.03			
54.000		7120.9		8419.7	7817.7					-0.39054		-0.17856	-0.22057					-0.39606		-0.21107							14.040	17.529	32.823		144.41	529.08			
55.000		7296.8		8287.3	7820.3					-0.37548		-0.19148	-0.22031					-0.39675		-0.20373							14.260	17.544	32.977		147.13	539.13			
56.000		7111.6		8072.6						-0.39134		-0.21243						-0.39300		-0.20081							14.480	17.560	33.131		149.85	540.45			
57.000		6829.5		8026.7						-0.41548		-0.21690						-0.39224		-0.21982							14.700	17.575	33.285		152.57	541.77			
58.000		7102.1		8152.2						-0.39215		-0.20467								-0.22485							14.920	17.591	33.439		155.29	543.09			
59.000		7165.1		7445.5						-0.38676		-0.27361								-0.23770							15.141	17.607	33.593		158.01	544.41			
60.000		7419.4		8029.5						-0.36500		-0.21664								-0.24413							15.361	17.622	33.747		160.73	545.74			
61.000				7413.8								-0.27670								-0.25011							15.581	17.638	33.901		163.45	547.06			
62.000				7697.4								-0.24903								-0.24379							15.801	17.654	34.055		166.17	548.38			
63.000				7845.5								-0.23458								-0.24773							16.021	17.669	34.209		168.89	549.70			
64.000				7769.4								-0.24201								-0.24136							16.242	17.684	34.363		171.61	551.02			
65.000				7827.7								-0.23632								-0.24742							16.429	17.700	34.517		174.33	552.34			
66.000				7740.4								-0.24484								-0.24641							16.583	17.714	35.837		177.05	553.66			
67.000				7386.7								-0.27935								-0.25137							16.736	17.730	37.158		179.77	554.98			
68.000				7897.4								-0.22953								-0.25686							16.890	17.745	38.479		182.49	556.30			
69.000				7515.1								-0.26682								-0.25133							17.044	17.761	39.799		185.21	557.62			
70.000				7546.4								-0.26377								-0.24828							17.198	17.776	41.119		187.93	558.94			
71.000				8024.1								-0.21716								-0.25818							17.352	17.791	42.440		190.65	560.26			
72.000				7542.7								-0.26413								-0.24216							17.506	17.807	43.761		193.37	561.58			
73.000				7390.1								-0.27901								-0.24106							17.660	17.822	45.081		196.09	562.90			
74.000				8336.1								-0.18672								-0.24559							17.815	17.837	46.402		198.81	564.23			
75.000				7602.5								-0.25829								-0.25172							17.969	17.852	47.722		201.53	565.55			
76.000				7792.2								-0.23978								-0.24862							19.289	17.868	49.043		204.25	566.87			
77.000				7228.4								-0.29479								-0.25927							20.610	17.883	50.364		206.97	568.19			
78.000				7549.1								-0.26350								-0.25625							21.931	17.898	51.684		209.69	569.51			
79.000				7790.2								-0.23998								-0.26031							23.252	17.913			212.41	570.83			
80.000				7757.1								-0.24321								-0.25215							24.573	17.929			215.13	572.15			
81.000				7584.4								-0.26006								-0.24241							25.894	17.944			217.85	573.47			
82.000				7646.3								-0.25402								-0.24793							27.215	17.959			220.57	574.79			
83.000				8048.4								-0.21479								-0.24034							28.536	17.975			223.29	576.11			
84.000				7507.5								-0.26756								-0.23735							29.857	17.990			226.01	577.43			
85.000				8145.9								-0.20527								-0.24431							31.178	18.005			228.73	578.76			
86.000				7737.8								-0.24509								-0.25430							32.500	18.020			231.46	580.08			
87.000				7289.5								-0.28883								-0.24869							33.821	18.036			234.18	581.40			
88.000				7536.3								-0.26475								-0.26197							35.141	18.051			236.90	582.72			
89.000				7794.8								-0.23953								-0.26635							36.463	18.066			239.62	584.04			
90.000				7465.3								-0.27167								-0.26426							37.784	18.082			242.34	585.36			
91.000				7513.8								-0.26695								-0.25936							39.104	18.097			245.06	586.68			
92.000				7396.6								-0.27839								-0.26696							40.425	18.112			247.78	588.00			
93.000				7787.6								-0.24024								-0.27003							41.746	18.128			250.50	589.32			
94.000				7404.9								-0.27757								-0.27149							43.067	18.143			253.22	590.64			
95.000				7308.1								-0.28702								-0.26615							44.388	18.158			255.94	591.96			
96.000				7439.2								-0.27422								-0.27484							45.709	18.174			258.66	593.28			
97.000				7670.1								-0.25170								-0.27100							47.030	18.189			261.38	594.60			
98.000				7342.3								-0.28368								-0.25945							48.351	18.204			264.10	595.92			
99.000				7601.5								-0.25839								-0.26078							49.672	18.219			266.82	597.25			
100.00				7900.0								-0.22927								-0.26388							50.993	18.234			269.54	598.57			
101.00				7371.0								-0.28088								-0.25638							52.314	18.249			272.26	599.89			
102.00				7511.3								-0.26719								-0.26585							53.635	18.265			274.98	601.21			
103.00				7726.8								-0.24617								-0.26894							54.956	18.280			277.70	602.53			
104.00				7116.1								-0.30575								-0.27020							56.277	18.295			280.42	603.85			
105.00				7741.6								-0.24472								-0.27008							57.598	18.311			283.14	605.17			
106.00				7306.6								-0.28716								-0.28037							58.919	18.326			285.86	606.49			
107.00				7517.5								-0.26659								-0.27875							60.240	18.341			288.58	607.81			
108.00				7199.0								-0.29765								-0.29887							61.561	18.356			291.30	609.13			
109.00				7199.5								-0.29761								-0.30277							62.882	18.371			294.02	610.45			
110.00				6710.5								-0.34532								-0.30980							64.203	18.387			296.74	611.77			
111.00				7106.4								-0.30669								-0.30975							65.524	18.402			299.46	613.10			
112.00				7157.5								-0.30171								-0.30406							66.845	18.417			302.18	614.42			
113.00				7201.4								-0.29742								-0.28919							68.166	18.432			304.90	615.74			
114.00				7491.2								-0.26915								-0.28172							69.487	18.448			307.62	617.06			
115.00				7472.6								-0.27096								-0.29424							70.808	18.463			310.35	618.38			
116.00				7488.8								-0.26939								-0.29072							72.129	18.478			313.07	619.70			
117.00				6516.3								-0.36427								-0.30650							73.450	18.493			315.79	621.02			
118.00				7381.8								-0.27983								-0.31318							74.771	18.509			318.51	622.34			
119.00				6682.2								-0.34808								-0.32082							76.092	18.524			321.23	623.66			
120.00				7130.6								-0.30433								-0.31129							77.413	18.540			323.95	624.98			
121.00				7097.2								-0.30759								-0.31937							78.734	18.555			326.67	626.30			
122.00				7004.7								-0.31662								-0.30530							80.055	18.570			329.39	627.62			
123.00				6967.5								-0.32024								-0.30577							81.376	18.586			332.11	628.94			
124.00				7403.5								-0.27771								-0.31265							82.697	18.601			334.83	630.26			
125.00				7106.6								-0.30667								-0.31868							84.018	18.616			337.55	631.58			
126.00				6744.4								-0.34201								-0.31545							85.339	18.631			340.27	632.90			
127.00				6695.7								-0.34676								-0.32204							86.659	18.647			342.99	634.22			
128.00				7132.7								-0.30413								-0.32623							87.980	18.662			345.71	635.54			
129.00				7065.9								-0.31065								-0.32106							89.301	18.677			348.43	636.86			
130.00				6892.0								-0.32761															90.622	18.693			351.15	638.19			
131.00				7009.4								-0.31616															91.944	18.708			353.87	639.51			
132.00																											93.265	18.723			355.89	640.83			
133.00																											94.585	18.738			357.21	642.15			
134.00																											95.906	18.754			358.53	643.47			
135.00																											97.227	18.769			359.85	644.79			
136.00																											98.548	18.784			361.17	646.11			
137.00																											99.870	18.799			362.49	647.43			
138.00																											101.19	18.814			363.82	648.75			
139.00																											102.51	18.829			365.14	650.07			
140.00																											103.83	18.845			366.46	651.39			
141.00																											105.15	18.860			367.78	652.71			
142.00																											106.47	18.875			369.10	654.03			
143.00																											107.80	18.891			370.42	655.35			
144.00																											109.12	18.906			371.74	656.67			
145.00																											110.44	18.921			373.06	657.99			
146.00																											111.76	18.937			374.38	659.31			
147.00																											113.08	18.952			375.70	660.63			
148.00																											114.40	18.967			377.02	661.95			
149.00																											115.72	18.983			378.34	663.27			
150.00																											117.04				379.67	664.59			
151.00																											118.36				380.99	665.92			
152.00																											119.68				382.31	667.24			
153.00																											121.00				383.63	668.56			
154.00																											122.33				384.95	669.88			
155.00																											123.65				386.27	671.20			
156.00																											124.97				387.59	672.52			
157.00																											126.29				388.91	673.84			
158.00																											127.61				390.23	675.16			
159.00																											128.93				391.55	676.48			
160.00																											130.25				392.87	677.80			
161.00																											131.57				394.19	679.12			
162.00																											132.89				395.51	680.44			
163.00																											134.21				396.84	681.76			
164.00																											135.54				398.16	683.08			
165.00																											136.86				399.48	684.40			
166.00																											138.18				400.80	685.72			
167.00																											139.50				402.12	687.04			
168.00																											140.82				403.44	688.36			
169.00																											142.14				404.76	689.68			
170.00																											143.46				406.08	691.00			
171.00																											144.78				407.40	692.33			
172.00																											146.10				408.72	693.65			
173.00																											147.42				410.04	694.97			
174.00																											148.74				411.36	696.29			
175.00																											150.07				412.68	697.61			
176.00																											151.39				414.01	698.93			
177.00																											152.71				415.33	700.25			
178.00																											154.03				416.65	701.57			
179.00																											155.35				417.97	702.89			
180.00																											156.67				419.29	704.21			
181.00																											157.99				420.61	705.53			
182.00																											159.31				421.93	706.85			
183.00																											160.63				423.25	708.17			
184.00																											161.95				424.57	709.49			
185.00																											163.27				425.89	710.81			
186.00																											164.60				427.21	712.13			
187.00																											165.92				428.53	713.45			
188.00																											167.24				429.85	714.77			
189.00																											168.56				431.17	716.09			
190.00																											169.88				432.50	717.42			
191.00																											171.20				433.82	718.74			
192.00																											172.52				435.14	720.06			
193.00																											173.84				436.46	721.38			
194.00																											175.17				437.78	722.70			
195.00																											176.49				439.10	724.02			
196.00																											177.81				440.42	725.34			
197.00																											179.13				441.74	726.66			
198.00																											180.45				443.06	727.98			
199.00																											181.77				444.38	729.30			
200.00																											183.09				445.70	730.62			
																											184.41				447.02	731.94			
																											185.73				448.34	733.26			
																											187.06				449.67	734.58			
																											188.38				450.99	735.90			
																											189.70				452.31	737.22			
																											191.02				453.63	738.54			
																											192.34				454.95	739.86			
																											193.66				456.27	741.18			
																											194.98				457.59	742.51			
																											196.30				458.91	743.83			
																											197.62				460.23	745.15			
																											198.94				461.55	746.47			
																											200.26				462.87	747.79			
																											201.58				464.19	749.11			
																											202.91				465.51	750.43			
																											204.23				466.84	751.75			
																											205.55				468.16	753.07			
																											206.87				469.48	754.39			
																											208.19				470.80	755.71			
																											209.51				472.12	757.03			
																											210.83				473.44	758.35			
																											212.15				474.76	759.67			
																											213.47				476.08	760.99			
																											214.79				477.40	762.31			
																											216.12				478.72	763.63			
																											217.44				480.04	764.95			
																											218.76				481.36	766.27			
																											220.08				482.68	767.59			
																											221.40				484.01	768.91			
																											222.72				485.33	770.23			
																											224.04				486.65	771.56			
																															487.97	772.88			
																															489.29	774.20			
																															490.61	775.52			
																															491.93	776.84			
																															493.25	778.16			
																															494.57	779.48			
																															495.89	780.80			
																															497.21	782.12			
																															498.54	783.44			
																															499.86	784.76			
																															501.18	786.08			
																															502.50	787.40			
																															503.82	788.73			
																															505.14	790.05			
																															506.46	791.37			
																															507.78	792.69			
																															509.10	794.01			
																															510.42	795.33			
																															511.74	796.65			
																															513.06	797.97			
																															514.38	799.29			
																															515.70	800.61			
																															517.02	801.93			
																															518.34	803.25			
																															519.66	804.57			
																															520.99	805.89			
																															522.31	807.22			
																															523.63	808.54			
																															524.95	809.86			
																															526.27	811.18			
																															527.59	812.50			
																															528.91	813.82			
																															530.23	815.14			
																															531.55	816.46			
																															532.87	817.78			
																															534.19	819.10			
																															535.51	820.42			
																															536.83	821.74			
																															538.15	823.06			
																															539.47	824.39			
																															540.79	825.71			
																															542.11	827.03			
																															543.44	828.35			
																															544.76	829.67			
																															546.08	830.99			
																															547.40	832.31			
																															548.72	833.63			
																															550.04	834.95			
																															551.36	836.27			
																															552.68	837.59			
																															554.00	838.91			
																															555.32	840.23			
																															556.64	841.55			
																															557.96	842.88			
																															559.29	844.20			
																															560.61	845.52			
																															561.93	846.84			
																															563.25	848.16			
																															564.57	849.48			
																															565.89	850.80			
																															567.21	852.12			
																															568.53	853.44			
																															569.85	854.76			
																															571.17	856.08			
																															572.49	857.40			
																															573.82	858.72			
																															575.14	860.04			
																															576.46	861.37			
																															577.78	862.69			
																															579.10	864.01			
																															580.42	865.33			
																															581.74	866.65			
																															583.06	867.97			
																															584.38	869.29			
																															585.70	870.61			
																															587.03	871.93			
																															588.35	873.25			
																															589.67	874.57			
																															590.99	875.89			
																															592.31	877.21			
																															593.63	878.54			
																															594.95	879.86			
																															596.27	881.18			
																															597.59	882.50			
																															598.91	883.82			
																															600.23	885.14			
																															601.55	886.46			
																															602.88	887.78			
																															604.20	889.10			
																															605.52	890.42			
																															606.84	891.74			
																															608.16	893.06			
																															609.48	894.38			
																															610.80	895.70			
																															612.12	897.03			
																															613.44	898.35			
																															614.76	899.67			
																															616.09	900.99			
																															617.41	902.31			
																															618.73	903.63			
																															620.05	904.95			
																															621.37	906.27			
																															622.69	907.59			
																															624.01	908.91			
																															625.33	910.23			
																															626.65	911.55			
																															627.97	912.87			
																															629.30	914.19			
																															630.62	915.51			
																															631.94	916.84			
																															633.26	918.16			
																															634.58	919.48			
																															635.90	920.80			
																															637.22	922.12			
																															638.54	923.44			
																															639.86	924.76			
																															641.18	926.08			
																															642.51	927.40			
																															643.83	928.72			
																															645.15	930.04			
																															646.47	931.36			
																															647.79	932.68			
																															649.11	934.00			
																															650.43	935.33			
																															651.75	936.65			
																															653.07	937.97			
																															654.39	939.29			
																															655.72	940.61			
																															657.04	941.93			
																															658.36	943.25			
																															659.68	944.57			
																															661.00	945.89			
																															662.32	947.21			
																															663.64	948.53			
																															664.96	949.85			
																															666.28	951.17			
																															667.60	952.49			
																															668.92	953.82			
																															670.25	955.14			
																															671.57	956.46			
																															672.89	957.78			
																															674.21	959.10			
																															675.53	960.42			
																															676.85	961.74			
																															678.17	963.06			
																															679.49	964.38			
																															680.81	965.70			
																															682.13	967.02			
																															683.46	968.34			
																															684.78	969.66			
																															686.10	970.98			
																															687.42	972.31			
																															688.74	973.63			
																															690.06	974.95			
																															691.38	976.27			
																															692.70	977.59			
																															694.02	978.91			
																															695.35	980.23			
																															696.67	981.55			
																															697.99	982.87			
																															699.31	984.19			
																															700.63	985.51			
																															701.95	986.83			
																															703.27	988.15			
																															704.59	989.47			
																															705.91	990.80			
																															707.23	992.12			
																															708.56	993.44			
																															709.88	994.76			
																															711.20	996.08			
																															712.52	997.40			
																															713.84	998.72			
																															715.16	1000.0			
																															716.48	1001.4			
																															717.80	1002.7			
																															719.12	1004.0			
																															720.45	1005.3			
																															721.77	1006.6			
																															723.09	1008.0			
																															724.41	1009.3			
																															725.73	1010.6			
																															727.05	1011.9			
																															728.37	1013.2			
																															729.69	1014.6			
																															731.01	1015.9			
																															732.33	1017.2			
																															733.66	1018.5			
																															734.98	1019.9			
																															736.30	1021.2			
																															737.62	1022.5			
																															738.94	1023.8			
																															740.26	1025.1			
																															741.58	1026.5			
																															742.90	1027.8			
																															744.22	1029.1			
																															745.54	1030.4			
																															746.87	1031.7			
																															748.19	1033.1			
																															749.51	1034.4			
																															750.83	1035.7			
																															752.15	1037.0			
																															753.47	1038.3			
																															754.79	1039.7			
																															756.11	1041.0			
																															757.43	1042.3			
																															758.76	1043.6			
																															760.08	1044.9			
																															761.40	1046.3			
																															762.72	1047.6			
																															764.04	1048.9			
																															765.36	1050.2			
																															766.68	1051.6			
																															768.00	1052.9			
																															769.32	1054.2			
																															770.65	1055.5			
																															771.97	1056.8			
																															773.29	1058.2			
																															774.61	1059.5			
																															775.93	1060.8			
																															777.25	1062.1			
																															778.57	1063.4			
																															779.89	1064.8			
																															781.21	1066.1			
																															782.54	1067.4			
																															783.86	1068.7			
																															785.18	1070.0			
																															786.50	1071.4			
																															787.82	1072.7			
																															789.14	1074.0			
																															790.46	1075.3			
																															791.78	1076.6			
																															793.10	1078.0			
																															794.43	1079.3			
																															795.75	1080.6			
																															797.07	1081.9			
																															798.39	1083.2			
																															799.71	1084.6			
																															801.03	1085.9			
																															802.35	1087.2			
																															803.67	1088.5			
																															804.99	1089.9			
																															806.32	1091.2			
																															807.64	1092.5			
																															808.96	1093.8			
																															810.28	1095.1			
																															811.60	1096.5			
																															812.92	1097.8			
																															814.24	1099.1			
																															815.56	1100.4			
																															816.88	1101.7			
																															818.21	1103.1			
																															819.53	1104.4			
																															820.85	1105.7			
																															822.17	1107.0			
																															823.49	1108.3			
																															824.81	1109.7			
																															826.13	1111.0			
																															827.45	1112.3			
																															828.77	1113.6			
																															830.10	1114.9			
																															831.42	1116.3			
																															832.74	1117.6			
																															834.06	1118.9			
																															835.38	1120.2			
																															836.70	1121.6			
																															838.02	1122.9			
																															839.34	1124.2			
																															840.66	1125.5			
																															841.99	1126.8			
																															843.31	1128.2			
																															844.63	1129.5			
																															845.95	1130.8			
																															847.27	1132.1			
																															848.59	1133.4			
																															849.91	1134.8			
																															851.23	1136.1			
																															852.55	1137.4			
																															853.87	1138.7			
																															855.20	1140.0			
																															856.52	1141.4			
																															857.84	1142.7			
																															859.16	1144.0			
																															860.48	1145.3			
																															861.80	1146.6			
																															863.12	1148.0			
																															864.44	1149.3			
																															865.76	1150.6			
																															867.09	1151.9			
																															868.41	1153.2			
																															869.73	1154.6			
																															871.05	1155.9			
																															872.37	1157.2			
																															873.69	1158.5			
																															875.01	1159.9			
																															876.33	1161.2			
																															877.66	1162.5			
																															878.98	1163.8			
																															880.30	1165.1			
																															881.62	1166.5			
																															882.94	1167.8			
																															884.26	1169.1			
																															885.58	1170.4			
																															886.90	1171.7			
																															888.23	1173.1			
																															889.55	1174.4			
																															890.87	1175.7			
																															892.19	1177.0			
																															893.51	1178.3			
																															894.83	1179.7			
																															896.15	1181.0			
																															897.47	1182.3			
																															898.80	1183.6			
																															900.12	1184.9			
																															901.44	1186.3			
																															902.76	1187.6			
																															904.08	1188.9			
																															905.40	1190.2			
																															906.72	1191.6			
																															908.04	1192.9			
																															909.37	1194.2			
																															910.69	1195.5			
																															912.01	1196.8			
																															913.33	1198.2			
																															914.65	1199.5			
																															915.97	1200.8			
																															917.29	1202.1			
																															918.61	1203.4			
																															919.94	1204.8			
																															921.26	1206.1			
																															922.58	1207.4			
																															923.90	1208.7			
																															925.22	1210.0			
																															926.54	1211.4			
																															927.86	1212.7			
																															929.18	1214.0			
																															930.51	1215.3			
																															931.83	1216.6			
																															933.15	1218.0			
																															934.47	1219.3			
																															935.79	1220.6			
																															937.11	1221.9			
																															938.43	1223.2			
																															939.75	1224.6			
																															941.08	1225.9			
																															942.40	1227.2			
																															943.72	1228.5			
																															945.04	1229.9			
																															946.36	1231.2			
																															947.68	1232.5			
																															949.00	1233.8			
																															950.32	1235.1			
																															951.64	1236.5			
																															952.97	1237.8			
																															954.29	1239.1			
																															955.61	1240.4			
																															956.93	1241.7			
																															958.25	1243.1			
																															959.57	1244.4			
																															960.89	1245.7			
																															962.21	1247.0			
																															963.54	1248.3			
																															964.86	1249.7			
																															966.18	1251.0			
																															967.50	1252.3			
																															968.82	1253.6			
																															970.14	1254.9			
																															971.46	1256.3			
																															972.78	1257.6			
																															974.10	1258.9			
																															975.43	1260.2			
																															976.75	1261.6			
																															978.07	1262.9			
																															979.39	1264.2			
																															980.71	1265.5			
																															982.03	1266.8			
																															983.35	1268.2			
																															984.67	1269.5			
																															986.00	1270.8			
																															987.32	1272.1			
																															988.64	1273.4			
																															989.96	1274.8			
																															991.28	1276.1			
																															992.60	1277.4			
																															993.92	1278.7			
																															995.24	1280.0			
																															996.57	1281.4			
																															997.89	1282.7			
																															999.21	1284.0			
																															1000.5	1285.3			
																															1001.9	1286.6			
																															1003.2	1288.0			
																															1004.5	1289.3			
																															1005.8	1290.6			
																															1007.1	1291.9			
																															1008.5	1293.3			
																															1009.8	1294.6			
																															1011.1	1295.9			
																															1012.4	1297.2			
																															1013.7	1298.5			
																															1015.1	1299.9			
																															1016.4	1301.2			
																															1017.7	1302.5			
																															1019.0	1303.8			
																															1020.3	1305.1			
																															1021.7	1306.5			
																															1023.0				
																															1024.3				
																															1025.6				
																															1027.0				
																															1028.3				
																															1029.6				
																															1030.9				
																															1032.2				
																															1033.6				
																															1034.9				
																															1036.2				
																															1037.5				
																															1038.8				
																															1040.2				
																															1041.5				
																															1042.8				
																															1044.1				
																															1045.5				
																															1046.8				
																															1048.1				
																															1049.4				
																															1050.7				
																															1052.1				
																															1053.4				
																															1054.7				
																															1056.0				
																															1057.3				
																															1058.7				
																															1060.0				
																															1061.3				
																															1062.6				
																															1064.0				
																															1065.3				
																															1066.6				
																															1067.9				
																															1069.2				
																															1070.6				
																															1071.9				
																															1073.2				
																															1074.5				
																															1075.8				
																															1077.2				
																															1078.5				
																															1079.8				
																															1081.1				
																															1082.4				
																															1083.8				
																															1085.1				
																															1086.4				
																															1087.7				
																															1089.1				
																															1090.4				
																															1091.7				
																															1093.0				
																															1094.3				
																															1095.7				
																															1097.0				
																															1098.3				
																															1099.6				
																															1100.9				
																															1102.3				
																															1103.6				
																															1104.9				
																															1106.2				
																															1107.6				
																															1108.9				
																															1110.2				
																															1111.5				
																															1112.8				
																															1114.2				
																															1115.5				
																															1116.8				
																															1118.1				
																															1119.4				
																															1120.8				
																															1122.1				
																															1123.4				
																															1124.7				
																															1126.1				
																															1127.4				
																															1128.7				
																															1130.0				
																															1131.3				
																															1132.7				
																															1134.0				
																															1135.3				
																															1136.6				
																															1137.9				
																															1139.3				
																															1140.6				
																															1141.9				
																															1143.2				
																															1144.5				
																															1145.9				
																															1147.2				
																															1148.5				
																															1149.8				
																															1151.2				
																															1152.5				
																															1153.8				
																															1155.1				
																															1156.4				
																															1157.8				
																															1159.1				
																															1160.4				
																															1161.7				
																															1163.0				
																															1164.4				
																															1165.7				
																															1167.0				
																															1168.3				
																															1169.7				
																															1171.0				
																															1172.3				
																															1173.6				
																															1174.9				
																															1176.3				
																															1177.6				
																															1178.9				
																															1180.2				
																															1181.5				
																															1182.9				
																															1184.2				
																															1185.5				
																															1186.8				
																															1188.1				
																															1189.5				
																															1190.8				
																															1192.1				
																															1193.4				
																															1194.8				
																															1196.1				
																															1197.4				
																															1198.7				
																															1200.0				
																															1201.4				
																															1202.7				
																															1204.0				
																															1205.3				
																															1206.6				
																															1208.0				
																															1209.3				
																															1210.6				
																															1211.9				
																															1213.3				
																															1214.6				
																															1215.9				
																															1217.2				
																															1218.5				
																															1219.9				
																															1221.2				
																															1222.5				
																															1223.8				
																															1225.1				
																															1226.5				
																															1227.8				
																															1229.1				
																															1230.4				
																															1231.7				
																															1233.1				
																															1234.4				
																															1235.7				
																															1237.0				
																															1238.3				
																															1239.7				
																															1241.0				
																															1242.3				
																															1243.6				
																															1245.0				
																															1246.3				
																															1247.6				
																															1248.9				
																															1250.2				
																															1251.6				
																															1252.9				
																															1254.2				
																															1255.5				
																															1256.8				
																															1258.2				
																															1259.5				
																															1260.8				
																															1262.1				
																															1263.4				
																															1264.8				
																															1266.1				
																															1267.4				
																															1268.7				
																															1270.1				
																															1271.4				
																															1272.7				
																															1274.0				
																															1275.3				
																															1276.7				
																															1278.0				
																															1279.3				
																															1280.6				
																															1281.9				
																															1283.3				
																															1284.6				
																															1285.9				
																															1287.2				
																															1288.5				
																															1289.9				
																															1291.2				
																															1292.5				
																															1293.8				
																															1295.2				
																															1296.5				
																															1297.8				
																															1299.1				
																															1300.4				
																															1301.8				
																															1303.1				
																															1304.4				
																															1305.7				
																															1307.0				
																															1308.4				
																															1309.7				
																															1311.0				
																															1312.3				
																															1313.6				
																															1315.0				
																															1316.3				
																															1317.6				
																															1318.9				
																															1320.3				
																															1321.6				
																															1322.9				
																															1324.2				
																															1325.5				
																															1326.9				
																															1328.2				
																															1329.5				
																															1330.8				
																															1332.1				
																															1333.5				
																															1334.8				
																															1336.1				
																															1337.4				
																															1338.7				
																															1340.1				
																															1341.4				
																															1342.7				
																															1344.0				
																															1345.4				
																															1346.7				
																															1348.0				
																															1349.3				
																															1350.6				
																															1352.0				
																															1353.3				
																															1354.6				
																															1355.9				
																															1357.2				
																															1358.6				
																															1359.9				
																															1361.2				
																															1362.5				
																															1363.9				
																															1365.2				
																															1366.5				
																															1367.8				
																															1369.1				
																															1370.5				
																															1371.8				
																															1373.1				
																															1374.4				
																															1375.7				
																															1377.1				
																															1378.4				
																															1379.7				
																															1381.0				
																															1382.3				
																															1383.7				
																															1385.0				
																															1386.3				
																															1387.6				
																															1389.0				
																															1390.3				
																															1391.6				
																															1392.9				
																															1394.2				
																															1395.6				
																															1396.9				
																															1398.2				
																															1399.5				
																															1400.8				
																															1402.2				
																															1403.5				
																															1404.8				
																															1406.1				
																															1407.5				
																															1408.8				
																															1410.1				
																															1411.4				
																															1412.7				
																															1414.1				
																															1415.4				
																															1416.7				
																															1418.0				
																															1419.3				
																															1420.7				
																															1422.0				
																															1423.3				
																															1424.6				
																															1426.0				
																															1427.3				
																															1428.6				
																															1429.9				
																															1431.2				
																															1432.6				
																															1433.9				
																															1435.2				
																															1436.5				
																															1437.8				
																															1439.2				
																															1440.5				
																															1441.8				
																															1443.1				
																															1444.4				
																															1445.8				
																															1447.1				
																															1448.4				
																															1449.7				
																															1451.1				
																															1452.4				
																															1453.7				
																															1455.0				
																															1456.3				
																															1457.7				
																															1459.0				
																															1460.3				
																															1461.6				
																															1462.9				
																															1464.3				
																															1465.6				
																															1466.9				
																															1468.2				
																															1469.5				
																															1470.9				
																															1472.2				
																															1473.5				
																															1474.8				
																															1476.2				
																															1477.5				
																															1478.8				
																															1480.1				
																															1481.4				
																															1482.8				
																															1484.1				
																															1485.4				
																															1486.7				
																															1488.0				
																															1489.4				
																															1490.7				
																															1492.0				
																															1493.3				
																															1494.6				
																															1496.0				
																															1497.3				
																															1498.6				
																															1499.9				
																															1501.2				
																															1502.6				
																															1503.9				
																															1505.2				
																															1506.5				
																															1507.9				
																															1509.2				
																															1510.5				
																															1511.8				
																															1513.1				
																															1514.5				
																															1515.8				
																															1517.1				
																															1518.4				
																															1519.7				
																															1521.1				
																															1522.4				
																															1523.7				
																															1525.0				
																															1526.3				
																															1527.7				
																															1529.0				
																															1530.3				
																															1531.6				
																															1533.0				
																															1534.3				
																															1535.6				
																															1536.9				
																															1538.2				
																															1539.6				
																															1540.9				
																															1542.2				
																															1543.5				
																															1544.8				
																															1546.2				
																															1547.5				
																															1548.8				
																															1550.1				
																															1551.4				
																															1552.8				
																															1554.1				
																															1555.4				
																															1556.7				
																															1558.0				
																															1559.4				
																															1560.7				
																															1562.0				
																															1563.3				
																															1564.7				
																															1566.0				
																															1567.3				
																															1568.6				
																															1569.9				
																															1571.3				
																															1572.6				
																															1573.9				
																															1575.2				
																															1576.5				
																															1577.9				
																															1579.2				
																															1580.5				
																															1581.8				
																															1583.1				
																															1584.5				
																															1585.8				
																															1587.1				
																															1588.4				
																															1589.8				
																															1591.1				
																															1592.4				
																															1593.7				
																															1595.0				
																															1596.4				
																															1597.7				
																															1599.0				
																															1600.3				
																															1601.6				
																															1603.0				
																															1604.3				
																															1605.6				
																															1606.9				
																															1608.2				
																															1609.6				
																															1610.9				
																															1612.2				
																															1613.5				
																															1614.9				
																															1616.2				
																															1617.5				
																															1618.8				
																															1620.1				
																															1621.5				
																															1622.8				
																															1624.1				
																															1625.4				
																															1626.7				
																															1628.1				
																															1629.4				
																															1630.7				
																															1632.0				
																															1633.3				
																															1634.7				
																															1636.0				
																															1637.3				
																															1638.6				
																															1640.0				
																															1641.3				
																															1642.6				
																															1643.9				
																															1645.2				
																															1646.6				
																															1647.9				
																															1649.2				
																															1650.5				
																															1651.8				
																															1653.2				
																															1654.5				
																															1655.8				
																															1657.1				
																															1658.5				
																															1659.8				
																															1661.1				
																															1662.4				
																															1663.7				
																															1665.1				
																															1666.4				
																															1667.7				
																															1669.0				
																															1670.3				
																															1671.7				
																															1673.0				
																															1674.3				
																															1675.6				
																															1677.0				
																															1678.3				
																															1679.6				
																															1680.9				
																															1682.2				
																															1683.6				
																															1684.9				
																															1686.2				
																															1687.5				
																															1688.8				
																															1690.2				
																															1691.5				
																															1692.8				
																															1694.1				
																															1695.4				
																															1696.8				
																															1698.1				
																															1699.4				
																															1700.7				
																															1702.1				
																															1703.4				
																															1704.7				
																															1706.0				
																															1707.3				
																															1708.7				
																															1710.0				
																															1711.3				
																															1712.6				
																															1713.9				
																															1715.3				
																															1716.6				
																															1717.9				
																															1719.2				
																															1720.6				
																															1721.9				
																															1723.2				
																															1724.5				
																															1725.8				
																															1727.2				
																															1728.5				
																															1729.8				
																															1731.1				
																															1732.4				
																															1733.8				
																															1735.1				
																															1736.4				
																															1737.7				
																															1739.0				
																															1740.4				
																															1741.7				
																															1743.0				
																															1744.3				
																															1745.7				
																															1747.0				
																															1748.3				
																															1749.6				
																															1750.9				
																															1752.3				
																															1753.6				
																															1754.9				
																															1756.2				
																															1757.5				
																															1758.9				
																															1760.2				
																															1761.5				
																															1762.8				
																															1764.2				
																															1765.5				
																															1766.8				
																															1768.1				
																															1769.4				
																															1770.8				
																															1772.1				
																															1773.4				
																															1774.7				
																															1776.0				
																															1777.4				
																															1778.7				
																															1780.0				
																															1781.3				
																															1782.6				
																															1784.0				
																															1785.3				
																															1786.6				
																															1787.9				
																															1789.3				
																															1790.6				
																															1791.9				
																															1793.2				
																															1794.5				
																															1795.9				
																															1797.2				
																															1798.5				
																															1799.8				
																															1801.1				
																															1802.5				
																															1803.8				
																															1805.1				
																															1806.4				
																															1807.8				
																															1809.1				
																															1810.4				
																															1811.7				
																															1813.0				
																															1814.4				
																															1815.7				
																															1817.0				
																															1818.3				
																															1819.6				
																															1821.0				
																															1822.3				
																															1823.6				
																															1824.9				
																															1826.2				
																															1827.6				
																															1828.9				
																															1830.2				
																															1831.5				
																															1832.9				
																															1834.2				
																															1835.5				
																															1836.8				
																															1838.1				
																															1839.5				
																															1840.8				
																															1842.1				
																															1843.4				
																															1844.7				
																															1846.1				
																															1847.4				
																															1848.7				
																															1850.0				
																															1851.4				
																															1852.7				
																															1854.0				
																															1855.3				
																															1856.6				
																															1858.0				
																															1859.3				
																															1860.6				
																															1861.9				
																															1863.2				
																															1864.6				
																															1865.9				
																															1867.2				
																															1868.5				
																															1869.9				
																															1871.2				
																															1872.5				
																															1873.8				
																															1875.1				
																															1876.5				
																															1877.8				
																															1879.1				
																															1880.4				
																															1881.7				
																															1883.1				
																															1884.4				
																															1885.7				
																															1887.0				
																															1888.3				
																															1889.7				
																															1891.0				
																															1892.3				
																															1893.6				
																															1895.0				
																															1896.3				
																															1897.6				
																															1898.9				
																															1900.2				
																															1901.6				
																															1902.9				
																															1904.2				
																															1905.5				
																															1906.8				
																															1908.2				
																															1909.5				
																															1910.8				
																															1912.1				
																															1913.5				
																															1914.8				
																															1916.1				
																															1917.4				
																															1918.7				
																															1920.1				
																															1921.4				
																															1922.7				
																															1924.0				
																															1925.3				
																															1926.7				
																															1928.0				
																															1929.3				
																															1930.6				
																															1932.0				
																															1933.3				
																															1934.6				
																															1935.9				
																															1937.2				
																															1938.6				
																															1939.9				
																															1941.2				
																															1942.5				
																															1943.8				
																															1945.2				
																															1946.5				
																															1947.8				
																															1949.1				
																															1950.4				
																															1951.8				
																															1953.1				
																															1954.4				
																															1955.7				
																															1957.1				
																															1958.4				
																															1959.7				
																															1961.0				
																															1962.3				
																															1963.7				
																															1965.0				
																															1966.3				
																															1967.6				
																															1968.9				
																															1970.3				
																															1971.6				
																															1972.9				
																															1974.2				
																															1975.6				
																															1976.9				
																															1978.2				
																															1979.5				
																															1980.8				
																															1982.2				
																															1983.5				
																															1984.8				
																															1986.1				
																															1987.4				
																															1988.8				
																															1990.1				
																															1991.4				
																															1992.7				
																															1994.1				
																															1995.4				
																															1996.7				
																															1998.0				
																															1999.3				
																															2000.7				
																															2002.0				
																															2003.3				
																															2004.6				
																															2005.9				
																															2007.3				
																															2008.6				
																															2009.9				
																															2011.2				
																															2012.5				
																															2013.9				
																															2015.2				
																															2016.5				
																															2017.8				
																															2019.2				
																															2020.5				
																															2021.8				
																															2023.1				
																															2024.4				
																															2025.8				
																															2027.1				
																															2028.4				
																															2029.7				
																															2031.0				
																															2032.4				
																															2033.7				
																															2035.0				
																															2036.3				
																															2037.7				
																															2039.0				
																															2040.3				
																															2041.6				
																															2042.9				
																															2044.3				
																															2045.6				
																															2046.9				
																															2048.2				
																															2049.5				
																															2050.9				
																															2052.2				
																															2053.5				
																															2054.8				
																															2056.1				
																															2057.5				
																															2058.8				
																															2060.1				
																															2061.4				
																															2062.8				
																															2064.1				
																															2065.4				
																															2066.7				
																															2068.0				
																															2069.4				
																															2070.7				
																															2072.0				
																															2073.3				
																															2074.6				
																															2076.0				
																															2077.3				
																															2078.6				
																															2079.9				
																															2081.2				
																															2082.6				
																															2083.9				
																															2085.2				
																															2086.5				
																															2087.9				
																															2089.2				
																															2090.5				
																															2091.8				
																															2093.1				
																															2094.5				
																															2095.8				
																															2097.1				
																															2098.4				
																															2099.7				
																															2101.1				
																															2102.4				
																															2103.7				
																															2105.0				
																															2106.4				
																															2107.7				
																															2109.0				
																															2110.3				
																															2111.6				
																															2113.0				
																															2114.3				
																															2115.6				
																															2116.9				
																															2118.2				
																															2119.6				
																															2120.9				
																															2122.2				
																															2123.5				
																															2124.9				
																															2126.2				
																															2127.5				
																															2128.8				
																															2130.1				
																															2131.5				
																															2132.8				
																															2134.1				
																															2135.4				
																															2136.7				
																															2138.1				
																															2139.4				
																															2140.7				
																															2142.0				
																															2143.4				
																															2144.7				
																															2146.0				
																															2147.3				
																															2148.6				
																															2150.0				
																															2151.3				
																															2152.6				
																															2153.9				
																															2155.2				
																															2156.6				
																															2157.9				
																															2159.2				
																															2160.5				
																															2161.8				
																															2163.2				
																															2164.5				
																															2165.8				
																															2167.1				
																															2168.5				
																															2169.8				
																															2171.1				
																															2172.4				
																															2173.7				
																															2175.1				
																															2176.4				
																															2177.7				
																															2179.0				
																															2180.3				
																															2181.7				
																															2183.0				
																															2184.3				
																															2185.6				
																															2187.0				
																															2188.3				
																															2189.6				
																															2190.9				
																															2192.2				
																															2193.6				
																															2194.9				
																															2196.2				
																															2197.5				
																															2198.8				
																															2200.2				
																															2201.5				
																															2202.8				
																															2204.1				
																															2205.4				
																															2206.8				
																															2208.1				
																															2209.4				
																															2210.7				
																															2212.1				
																															2213.4				
																															2214.7				
																															2216.0				
																															2217.3				
																															2218.7				
																															2220.0				
																															2221.3				
																															2222.6				
																															2223.9				
																															2225.3				
																															2226.6				
																															2227.9				
																															2229.2				
																															2230.6				
																															2231.9				
																															2233.2				
																															2234.5				
																															2235.8				
																															2237.2				
																															2238.5				
																															2239.8				
																															2241.1				
																															2242.4				
																															2243.8				
																															2245.1				
																															2246.4				
																															2247.7				
																															2249.1				
																															2250.4				
																															2251.7				
																															2253.0				
																															2254.3				
																															2255.7				
