Tiempo (s),Setpoint (K),Temperatura (K),dT/dt (K/min),Potencia_LS (%),Z_40Hz (Ohm),Fase_40Hz,Z_50kHz (Ohm),Fase_50kHz,V_Arduino (V),Vac (mV),Vdc (mV),P,I,D
22.051261E+0,290.536204E+0,290.910000E+0,-298.140196E-3,10.000000E+0,1.812642E+0,4.000198E+0,1.854080E+0,-17.750980E+0,2.650000E+0,200.000000E+0,50.000000E+0,40.000000E+0,3.000000E+0,1.000000E+0
67.444858E+0,290.536204E+0,290.910000E+0,-222.129236E-3,13.000000E+0,1.812282E+0,4.137414E+0,1.852580E+0,-17.766260E+0,2.650000E+0,200.000000E+0,50.000000E+0,40.000000E+0,3.000000E+0,1.000000E+0
112.298423E+0,290.157924E+0,290.910000E+0,-121.873177E-3,13.000000E+0,1.808792E+0,4.088246E+0,1.851078E+0,-17.768400E+0,2.650000E+0,200.000000E+0,50.000000E+0,40.000000E+0,3.000000E+0,1.000000E+0
545.403195E+0,290.008661E+0,291.130000E+0,-48.757697E-3,6.000000E+0,1.801046E+0,4.169512E+0,1.843972E+0,-17.953560E+0,2.650000E+0,200.000000E+0,50.000000E+0,40.000000E+0,3.000000E+0,1.000000E+0
590.306764E+0,290.008661E+0,291.020000E+0,0.000000E+0,5.000000E+0,1.802690E+0,4.204276E+0,1.844008E+0,-18.035180E+0,1.840000E+0,200.000000E+0,50.000000E+0,40.000000E+0,3.000000E+0,1.000000E+0
635.221333E+0,288.886072E+0,291.130000E+0,-96.929972E-3,5.000000E+0,1.795608E+0,4.216042E+0,1.843670E+0,-18.082260E+0,1.360000E+0,200.000000E+0,50.000000E+0,40.000000E+0,3.000000E+0,1.000000E+0
680.071898E+0,287.763207E+0,291.020000E+0,-145.448402E-3,0.000000E+0,1.799918E+0,4.171614E+0,1.843490E+0,-18.113300E+0,1.300000E+0,200.000000E+0,50.000000E+0,40.000000E+0,3.000000E+0,1.000000E+0
724.955465E+0,286.641943E+0,291.020000E+0,-145.448402E-3,0.000000E+0,1.800150E+0,4.226220E+0,1.844064E+0,-18.119520E+0,1.000000E+0,200.000000E+0,50.000000E+0,40.000000E+0,3.000000E+0,1.000000E+0
769.829031E+0,285.519854E+0,290.800000E+0,-48.518431E-3,0.000000E+0,1.799892E+0,4.197424E+0,1.845052E+0,-18.127680E+0,700.000000E-3,200.000000E+0,50.000000E+0,40.000000E+0,3.000000E+0,1.000000E+0
814.723599E+0,284.398015E+0,290.570000E+0,-24.516869E-3,0.000000E+0,1.802980E+0,4.149212E+0,1.847468E+0,-18.113680E+0,700.000000E-3,200.000000E+0,50.000000E+0,40.000000E+0,3.000000E+0,1.000000E+0
859.605166E+0,283.275651E+0,290.350000E+0,-73.538043E-3,0.000000E+0,1.805770E+0,4.196012E+0,1.851560E+0,-18.106700E+0,700.000000E-3,200.000000E+0,50.000000E+0,40.000000E+0,3.000000E+0,1.000000E+0
904.516736E+0,282.153612E+0,290.130000E+0,-173.796336E-3,0.000000E+0,1.814202E+0,4.238386E+0,1.857418E+0,-18.093400E+0,700.000000E-3,200.000000E+0,50.000000E+0,40.000000E+0,3.000000E+0,1.000000E+0
949.375301E+0,281.030822E+0,289.910000E+0,-249.528826E-3,0.000000E+0,1.820122E+0,4.120264E+0,1.865996E+0,-18.057020E+0,700.000000E-3,200.000000E+0,50.000000E+0,40.000000E+0,3.000000E+0,1.000000E+0
994.358874E+0,279.909358E+0,289.570000E+0,-298.510689E-3,0.000000E+0,1.828172E+0,4.169914E+0,1.876954E+0,-18.019660E+0,700.000000E-3,200.000000E+0,50.000000E+0,40.000000E+0,3.000000E+0,1.000000E+0
1.039241E+3,278.784769E+0,289.240000E+0,-296.280543E-3,0.000000E+0,1.843882E+0,4.117104E+0,1.891492E+0,-17.976620E+0,700.000000E-3,200.000000E+0,50.000000E+0,40.000000E+0,3.000000E+0,1.000000E+0
1.084136E+3,277.662705E+0,288.670000E+0,-320.694290E-3,0.000000E+0,1.858730E+0,4.122980E+0,1.909888E+0,-17.959420E+0,700.000000E-3,200.000000E+0,50.000000E+0,40.000000E+0,3.000000E+0,1.000000E+0
1.129020E+3,276.540341E+0,288.010000E+0,-371.801919E-3,0.000000E+0,1.882186E+0,4.014012E+0,1.934116E+0,-17.900200E+0,700.000000E-3,200.000000E+0,50.000000E+0,40.000000E+0,3.000000E+0,1.000000E+0
1.173906E+3,275.418251E+0,287.240000E+0,-474.270256E-3,0.000000E+0,1.910132E+0,4.041524E+0,1.963594E+0,-17.872060E+0,700.000000E-3,200.000000E+0,50.000000E+0,40.000000E+0,3.000000E+0,1.000000E+0
1.218795E+3,274.296087E+0,286.150000E+0,-623.615962E-3,0.000000E+0,1.940528E+0,4.029828E+0,1.997724E+0,-17.863540E+0,700.000000E-3,200.000000E+0,50.000000E+0,40.000000E+0,3.000000E+0,1.000000E+0
1.263683E+3,273.173873E+0,284.950000E+0,-793.096775E-3,0.000000E+0,1.978892E+0,3.848536E+0,2.034666E+0,-17.153840E+0,700.000000E-3,200.000000E+0,50.000000E+0,40.000000E+0,3.000000E+0,1.000000E+0
1.308574E+3,272.051659E+0,283.350000E+0,-1.006969E+0,0.000000E+0,2.019294E+0,3.710204E+0,2.075098E+0,-17.124280E+0,700.000000E-3,200.000000E+0,50.000000E+0,40.000000E+0,3.000000E+0,1.000000E+0
1.353465E+3,270.929395E+0,281.520000E+0,-1.243112E+0,0.000000E+0,2.059810E+0,3.624978E+0,2.120674E+0,-17.241960E+0,700.000000E-3,200.000000E+0,50.000000E+0,40.000000E+0,3.000000E+0,1.000000E+0
1.398347E+3,269.807105E+0,279.410000E+0,-1.548274E+0,0.000000E+0,2.106790E+0,3.694146E+0,2.169390E+0,-17.690000E+0,700.000000E-3,200.000000E+0,50.000000E+0,40.000000E+0,3.000000E+0,1.000000E+0
1.443237E+3,268.685066E+0,277.240000E+0,-1.897977E+0,0.000000E+0,2.155900E+0,3.800154E+0,2.220882E+0,-18.276620E+0,700.000000E-3,200.000000E+0,50.000000E+0,40.000000E+0,3.000000E+0,1.000000E+0
1.488126E+3,267.562827E+0,274.460000E+0,-2.265593E+0,0.000000E+0,2.206020E+0,3.836068E+0,2.275478E+0,-18.396220E+0,700.000000E-3,200.000000E+0,50.000000E+0,40.000000E+0,3.000000E+0,1.000000E+0
1.533009E+3,266.440588E+0,271.420000E+0,-2.595376E+0,0.000000E+0,2.263814E+0,3.660418E+0,2.331310E+0,-18.058860E+0,700.000000E-3,200.000000E+0,50.000000E+0,40.000000E+0,3.000000E+0,1.000000E+0
1.577904E+3,265.318524E+0,268.440000E+0,-2.934010E+0,12.000000E+0,2.318692E+0,3.592452E+0,2.388196E+0,-18.201540E+0,700.000000E-3,200.000000E+0,50.000000E+0,40.000000E+0,3.000000E+0,1.000000E+0
1.622774E+3,264.196134E+0,264.840000E+0,-3.352858E+0,48.000000E+0,2.373002E+0,3.553116E+0,2.444560E+0,-18.456020E+0,1.420000E+0,200.000000E+0,50.000000E+0,40.000000E+0,3.000000E+0,1.000000E+0
1.667644E+3,263.074395E+0,261.680000E+0,-3.740406E+0,91.000000E+0,2.422900E+0,3.480038E+0,2.496382E+0,-18.709620E+0,2.650000E+0,200.000000E+0,50.000000E+0,40.000000E+0,3.000000E+0,1.000000E+0
1.712524E+3,261.952631E+0,259.620000E+0,-4.103748E+0,100.000000E+0,2.470700E+0,3.574516E+0,2.540418E+0,-18.950840E+0,2.650000E+0,200.000000E+0,50.000000E+0,40.000000E+0,3.000000E+0,1.000000E+0
1.757423E+3,260.830642E+0,259.250000E+0,-4.313704E+0,96.000000E+0,2.505496E+0,3.543594E+0,2.572734E+0,-19.159420E+0,4.005000E+0,200.000000E+0,50.000000E+0,40.000000E+0,3.000000E+0,1.000000E+0
1.802304E+3,259.708178E+0,259.620000E+0,-4.135850E+0,91.000000E+0,2.534152E+0,3.592532E+0,2.599846E+0,-19.343820E+0,4.280000E+0,200.000000E+0,50.000000E+0,40.000000E+0,3.000000E+0,1.000000E+0
1.847191E+3,258.586139E+0,259.520000E+0,-3.211136E+0,96.000000E+0,2.555446E+0,3.534792E+0,2.625990E+0,-19.530140E+0,3.785000E+0,200.000000E+0,50.000000E+0,40.000000E+0,3.000000E+0,1.000000E+0
1.892086E+3,257.463974E+0,258.780000E+0,-1.704564E+0,98.000000E+0,2.581424E+0,3.593862E+0,2.651024E+0,-19.737700E+0,3.785000E+0,200.000000E+0,50.000000E+0,40.000000E+0,3.000000E+0,1.000000E+0
1.936997E+3,256.341585E+0,257.750000E+0,-481.179505E-3,100.000000E+0,2.602962E+0,3.523860E+0,2.677042E+0,-19.904580E+0,4.170000E+0,200.000000E+0,50.000000E+0,40.000000E+0,3.000000E+0,1.000000E+0
1.981850E+3,255.218821E+0,256.840000E+0,-126.964654E-3,100.000000E+0,2.627288E+0,3.605180E+0,2.700418E+0,-20.075660E+0,4.390000E+0,200.000000E+0,50.000000E+0,40.000000E+0,3.000000E+0,1.000000E+0
2.026747E+3,254.097482E+0,255.910000E+0,-521.147071E-3,100.000000E+0,2.646454E+0,3.611082E+0,2.721768E+0,-20.225200E+0,4.500000E+0,200.000000E+0,50.000000E+0,40.000000E+0,3.000000E+0,1.000000E+0
2.071625E+3,252.975068E+0,255.010000E+0,-1.013546E+0,100.000000E+0,2.665740E+0,3.581554E+0,2.739544E+0,-20.372480E+0,4.500000E+0,200.000000E+0,50.000000E+0,40.000000E+0,3.000000E+0,1.000000E+0
2.116513E+3,251.853103E+0,254.090000E+0,-1.236454E+0,100.000000E+0,2.678040E+0,3.601456E+0,2.755804E+0,-20.495980E+0,4.500000E+0,200.000000E+0,50.000000E+0,40.000000E+0,3.000000E+0,1.000000E+0
2.161410E+3,250.730914E+0,253.100000E+0,-1.249956E+0,100.000000E+0,2.692414E+0,3.641684E+0,2.768842E+0,-20.666060E+0,4.500000E+0,200.000000E+0,50.000000E+0,40.000000E+0,3.000000E+0,1.000000E+0
2.206291E+3,249.608500E+0,252.020000E+0,-1.223211E+0,100.000000E+0,2.703952E+0,3.632994E+0,2.780186E+0,-20.762520E+0,4.500000E+0,200.000000E+0,50.000000E+0,40.000000E+0,3.000000E+0,1.000000E+0
2.251179E+3,248.486461E+0,251.030000E+0,-1.238648E+0,100.000000E+0,2.708528E+0,3.588152E+0,2.786356E+0,-20.815740E+0,4.500000E+0,200.000000E+0,50.000000E+0,40.000000E+0,3.000000E+0,1.000000E+0
2.296063E+3,247.364272E+0,249.710000E+0,-1.292100E+0,100.000000E+0,2.716838E+0,3.627802E+0,2.791158E+0,-21.026640E+0,4.500000E+0,200.000000E+0,50.000000E+0,40.000000E+0,3.000000E+0,1.000000E+0
2.340963E+3,246.242158E+0,248.830000E+0,-1.347785E+0,94.000000E+0,2.716766E+0,3.684754E+0,2.791978E+0,-21.145200E+0,4.500000E+0,200.000000E+0,50.000000E+0,40.000000E+0,3.000000E+0,1.000000E+0
2.385838E+3,245.119668E+0,247.860000E+0,-1.436956E+0,91.000000E+0,2.716102E+0,3.716882E+0,2.789336E+0,-21.133380E+0,4.170000E+0,200.000000E+0,50.000000E+0,40.000000E+0,3.000000E+0,1.000000E+0
2.430724E+3,243.997779E+0,246.820000E+0,-1.465884E+0,88.000000E+0,2.711146E+0,3.681678E+0,2.782028E+0,-21.077360E+0,3.675000E+0,200.000000E+0,50.000000E+0,40.000000E+0,3.000000E+0,1.000000E+0
2.475628E+3,242.875640E+0,245.700000E+0,-1.416841E+0,82.000000E+0,2.700884E+0,3.661312E+0,2.771286E+0,-21.002680E+0,2.650000E+0,200.000000E+0,50.000000E+0,40.000000E+0,3.000000E+0,1.000000E+0
2.520496E+3,241.753051E+0,244.750000E+0,-1.350060E+0,77.000000E+0,2.686766E+0,3.833264E+0,2.757644E+0,-20.918220E+0,2.650000E+0,200.000000E+0,50.000000E+0,40.000000E+0,3.000000E+0,1.000000E+0
2.565392E+3,240.631337E+0,243.730000E+0,-1.341123E+0,69.000000E+0,2.679390E+0,3.675188E+0,2.746610E+0,-20.846860E+0,2.650000E+0,200.000000E+0,50.000000E+0,40.000000E+0,3.000000E+0,1.000000E+0
2.610272E+3,239.508947E+0,242.630000E+0,-1.390150E+0,68.000000E+0,2.671248E+0,3.728002E+0,2.738962E+0,-20.799880E+0,2.650000E+0,200.000000E+0,50.000000E+0,40.000000E+0,3.000000E+0,1.000000E+0
2.655195E+3,238.386933E+0,241.450000E+0,-1.381223E+0,65.000000E+0,2.665964E+0,3.734660E+0,2.733274E+0,-20.774800E+0,2.650000E+0,200.000000E+0,50.000000E+0,40.000000E+0,3.000000E+0,1.000000E+0
2.700069E+3,237.263869E+0,240.280000E+0,-1.372382E+0,63.000000E+0,2.661882E+0,3.688494E+0,2.736832E+0,-21.654140E+0,2.650000E+0,200.000000E+0,50.000000E+0,40.000000E+0,3.000000E+0,1.000000E+0
2.744983E+3,236.142005E+0,239.110000E+0,-1.418991E+0,58.000000E+0,2.655490E+0,3.924144E+0,2.734066E+0,-21.768380E+0,2.650000E+0,200.000000E+0,50.000000E+0,40.000000E+0,3.000000E+0,1.000000E+0
2.789839E+3,235.019166E+0,238.050000E+0,-1.503465E+0,55.000000E+0,2.651278E+0,4.042978E+0,2.731244E+0,-21.658920E+0,2.650000E+0,200.000000E+0,50.000000E+0,40.000000E+0,3.000000E+0,1.000000E+0
2.834732E+3,233.897777E+0,236.890000E+0,-1.552406E+0,53.000000E+0,2.653348E+0,3.981008E+0,2.730050E+0,-21.613900E+0,2.650000E+0,200.000000E+0,50.000000E+0,40.000000E+0,3.000000E+0,1.000000E+0
2.879630E+3,232.775437E+0,235.670000E+0,-1.541459E+0,50.000000E+0,2.652656E+0,3.988024E+0,2.728834E+0,-21.573200E+0,2.650000E+0,200.000000E+0,50.000000E+0,40.000000E+0,3.000000E+0,1.000000E+0
2.924596E+3,231.652998E+0,234.540000E+0,-1.512769E+0,48.000000E+0,2.652214E+0,3.886846E+0,2.728546E+0,-21.495680E+0,2.650000E+0,200.000000E+0,50.000000E+0,40.000000E+0,3.000000E+0,1.000000E+0
2.969479E+3,230.528834E+0,233.440000E+0,-1.521661E+0,47.000000E+0,2.651438E+0,3.968100E+0,2.729456E+0,-21.467180E+0,2.650000E+0,200.000000E+0,50.000000E+0,40.000000E+0,3.000000E+0,1.000000E+0
3.014375E+3,229.406770E+0,232.240000E+0,-1.547843E+0,42.000000E+0,2.654486E+0,3.917988E+0,2.730222E+0,-21.438520E+0,2.650000E+0,200.000000E+0,50.000000E+0,40.000000E+0,3.000000E+0,1.000000E+0
3.059256E+3,228.284355E+0,231.140000E+0,-1.549518E+0,42.000000E+0,2.657988E+0,3.935618E+0,2.731772E+0,-21.433080E+0,2.650000E+0,200.000000E+0,50.000000E+0,40.000000E+0,3.000000E+0,1.000000E+0
3.104150E+3,227.162341E+0,229.970000E+0,-1.531768E+0,40.000000E+0,2.657438E+0,3.901538E+0,2.733712E+0,-21.431000E+0,2.650000E+0,200.000000E+0,50.000000E+0,40.000000E+0,3.000000E+0,1.000000E+0
3.149043E+3,226.040002E+0,228.800000E+0,-1.521136E+0,33.000000E+0,2.663974E+0,3.835260E+0,2.735182E+0,-21.398760E+0,2.650000E+0,200.000000E+0,50.000000E+0,40.000000E+0,3.000000E+0,1.000000E+0
3.193939E+3,224.917663E+0,227.880000E+0,-1.530462E+0,29.000000E+0,2.654746E+0,3.997044E+0,2.737572E+0,-21.363400E+0,2.650000E+0,200.000000E+0,50.000000E+0,40.000000E+0,3.000000E+0,1.000000E+0
3.238824E+3,223.795274E+0,226.950000E+0,-1.539326E+0,28.000000E+0,2.661022E+0,3.984594E+0,2.742030E+0,-21.363060E+0,2.650000E+0,200.000000E+0,50.000000E+0,40.000000E+0,3.000000E+0,1.000000E+0
3.283717E+3,222.673134E+0,225.660000E+0,-1.492482E+0,28.000000E+0,2.668966E+0,3.728692E+0,2.746902E+0,-21.364300E+0,2.650000E+0,200.000000E+0,50.000000E+0,40.000000E+0,3.000000E+0,1.000000E+0
3.328604E+3,221.550820E+0,224.380000E+0,-1.398881E+0,26.000000E+0,2.672140E+0,3.999948E+0,2.752308E+0,-21.378960E+0,2.650000E+0,200.000000E+0,50.000000E+0,40.000000E+0,3.000000E+0,1.000000E+0
3.373497E+3,220.428631E+0,223.260000E+0,-1.372201E+0,24.000000E+0,2.680100E+0,3.826926E+0,2.757038E+0,-21.402540E+0,2.650000E+0,200.000000E+0,50.000000E+0,40.000000E+0,3.000000E+0,1.000000E+0
3.418380E+3,219.306317E+0,222.150000E+0,-1.479176E+0,23.000000E+0,2.681716E+0,3.857052E+0,2.762074E+0,-21.434040E+0,2.650000E+0,200.000000E+0,50.000000E+0,40.000000E+0,3.000000E+0,1.000000E+0
3.463271E+3,218.184253E+0,221.040000E+0,-1.601702E+0,20.000000E+0,2.689034E+0,3.675632E+0,2.768230E+0,-21.491460E+0,2.650000E+0,200.000000E+0,50.000000E+0,40.000000E+0,3.000000E+0,1.000000E+0
3.508185E+3,217.061964E+0,219.870000E+0,-1.603946E+0,18.000000E+0,2.695536E+0,3.868340E+0,2.773950E+0,-21.500740E+0,2.650000E+0,200.000000E+0,50.000000E+0,40.000000E+0,3.000000E+0,1.000000E+0
3.553088E+3,215.939124E+0,218.780000E+0,-1.526011E+0,16.000000E+0,2.701432E+0,3.789244E+0,2.779970E+0,-21.534980E+0,2.650000E+0,200.000000E+0,50.000000E+0,40.000000E+0,3.000000E+0,1.000000E+0
3.597967E+3,214.816535E+0,217.640000E+0,-1.499137E+0,15.000000E+0,2.705460E+0,3.794038E+0,2.786364E+0,-21.583180E+0,2.650000E+0,200.000000E+0,50.000000E+0,40.000000E+0,3.000000E+0,1.000000E+0
3.642855E+3,213.694571E+0,216.500000E+0,-1.505585E+0,14.000000E+0,2.711348E+0,3.806954E+0,2.792976E+0,-21.631940E+0,2.650000E+0,200.000000E+0,50.000000E+0,40.000000E+0,3.000000E+0,1.000000E+0
3.687748E+3,212.572357E+0,215.440000E+0,-1.507769E+0,11.000000E+0,2.717672E+0,3.831158E+0,2.799912E+0,-21.683500E+0,2.650000E+0,200.000000E+0,50.000000E+0,40.000000E+0,3.000000E+0,1.000000E+0
3.732671E+3,211.450043E+0,214.390000E+0,-1.507984E+0,9.000000E+0,2.723312E+0,3.833750E+0,2.807132E+0,-21.729220E+0,2.650000E+0,200.000000E+0,50.000000E+0,40.000000E+0,3.000000E+0,1.000000E+0
3.777523E+3,210.326953E+0,213.270000E+0,-1.494820E+0,8.000000E+0,2.729778E+0,3.786702E+0,2.814824E+0,-21.785260E+0,2.650000E+0,200.000000E+0,50.000000E+0,40.000000E+0,3.000000E+0,1.000000E+0
3.822415E+3,209.205664E+0,212.170000E+0,-1.467910E+0,5.000000E+0,2.738258E+0,3.809234E+0,2.822300E+0,-21.866140E+0,1.720000E+0,200.000000E+0,50.000000E+0,40.000000E+0,3.000000E+0,1.000000E+0
3.867299E+3,208.083375E+0,211.090000E+0,-1.443360E+0,4.000000E+0,2.744216E+0,3.876482E+0,2.831062E+0,-21.941500E+0,1.480000E+0,200.000000E+0,50.000000E+0,40.000000E+0,3.000000E+0,1.000000E+0
3.912186E+3,206.961261E+0,210.000000E+0,-1.448024E+0,2.000000E+0,2.753654E+0,3.841660E+0,2.841190E+0,-22.036760E+0,1.240000E+0,200.000000E+0,50.000000E+0,40.000000E+0,3.000000E+0,1.000000E+0
3.957070E+3,205.839097E+0,208.930000E+0,-1.463828E+0,1.000000E+0,2.763230E+0,3.818774E+0,2.855700E+0,-22.151760E+0,1.060000E+0,200.000000E+0,50.000000E+0,40.000000E+0,3.000000E+0,1.000000E+0
4.001964E+3,204.716982E+0,207.850000E+0,-1.463849E+0,0.000000E+0,2.779496E+0,3.828158E+0,2.875060E+0,-22.323760E+0,880.000000E-3,200.000000E+0,50.000000E+0,40.000000E+0,3.000000E+0,1.000000E+0
4.046852E+3,203.594643E+0,206.730000E+0,-1.450328E+0,0.000000E+0,2.799060E+0,3.828562E+0,2.900396E+0,-22.615940E+0,760.000000E-3,200.000000E+0,50.000000E+0,40.000000E+0,3.000000E+0,1.000000E+0
4.091829E+3,202.472429E+0,205.620000E+0,-1.443634E+0,0.000000E+0,2.821994E+0,3.852290E+0,2.927502E+0,-22.836480E+0,700.000000E-3,200.000000E+0,50.000000E+0,40.000000E+0,3.000000E+0,1.000000E+0
4.136710E+3,201.348015E+0,204.460000E+0,-1.450257E+0,0.000000E+0,2.848406E+0,3.850004E+0,2.959646E+0,-23.189440E+0,700.000000E-3,200.000000E+0,50.000000E+0,40.000000E+0,3.000000E+0,1.000000E+0
4.181609E+3,200.226001E+0,203.230000E+0,-1.465333E+0,0.000000E+0,2.877396E+0,3.839900E+0,2.996248E+0,-23.637260E+0,700.000000E-3,200.000000E+0,50.000000E+0,40.000000E+0,3.000000E+0,1.000000E+0
4.226506E+3,199.103511E+0,201.910000E+0,-1.491621E+0,0.000000E+0,2.909810E+0,3.880060E+0,3.038040E+0,-24.185680E+0,700.000000E-3,200.000000E+0,50.000000E+0,40.000000E+0,3.000000E+0,1.000000E+0
4.271384E+3,197.981097E+0,200.460000E+0,-1.533957E+0,3.000000E+0,2.943298E+0,3.927378E+0,3.082286E+0,-24.794880E+0,700.000000E-3,200.000000E+0,50.000000E+0,40.000000E+0,3.000000E+0,1.000000E+0
4.316278E+3,196.859133E+0,198.980000E+0,-1.605611E+0,8.000000E+0,2.981458E+0,3.966044E+0,3.130976E+0,-25.475600E+0,880.000000E-3,200.000000E+0,50.000000E+0,40.000000E+0,3.000000E+0,1.000000E+0
4.361165E+3,195.736794E+0,197.330000E+0,-1.717462E+0,21.000000E+0,3.020654E+0,4.051708E+0,3.183560E+0,-26.330740E+0,1.360000E+0,200.000000E+0,50.000000E+0,40.000000E+0,3.000000E+0,1.000000E+0
4.406068E+3,194.614605E+0,195.700000E+0,-1.837814E+0,32.000000E+0,3.058264E+0,4.039684E+0,3.236118E+0,-27.195400E+0,2.650000E+0,200.000000E+0,50.000000E+0,40.000000E+0,3.000000E+0,1.000000E+0
4.450958E+3,193.492040E+0,194.340000E+0,-1.967112E+0,39.000000E+0,3.094346E+0,4.160108E+0,3.283960E+0,-27.934740E+0,2.650000E+0,200.000000E+0,50.000000E+0,40.000000E+0,3.000000E+0,1.000000E+0
4.495937E+3,192.369801E+0,193.340000E+0,-2.080607E+0,39.000000E+0,3.127622E+0,4.103802E+0,3.327970E+0,-28.601940E+0,2.650000E+0,200.000000E+0,50.000000E+0,40.000000E+0,3.000000E+0,1.000000E+0
4.540836E+3,191.245312E+0,192.640000E+0,-2.093826E+0,38.000000E+0,3.155630E+0,4.180544E+0,3.368654E+0,-29.275600E+0,2.650000E+0,200.000000E+0,50.000000E+0,40.000000E+0,3.000000E+0,1.000000E+0
4.585729E+3,190.122848E+0,191.830000E+0,-1.921783E+0,40.000000E+0,3.179890E+0,4.151502E+0,3.408434E+0,-29.969560E+0,2.650000E+0,200.000000E+0,50.000000E+0,40.000000E+0,3.000000E+0,1.000000E+0
4.630618E+3,189.000509E+0,190.850000E+0,-1.569481E+0,42.000000E+0,3.206132E+0,4.202836E+0,3.445664E+0,-30.619200E+0,2.650000E+0,200.000000E+0,50.000000E+0,40.000000E+0,3.000000E+0,1.000000E+0
4.675510E+3,187.878294E+0,189.820000E+0,-1.239830E+0,44.000000E+0,3.229228E+0,4.224816E+0,3.483120E+0,-31.258220E+0,2.650000E+0,200.000000E+0,50.000000E+0,40.000000E+0,3.000000E+0,1.000000E+0
4.720421E+3,186.755980E+0,188.760000E+0,-1.113365E+0,45.000000E+0,3.251874E+0,4.291224E+0,3.521112E+0,-31.966380E+0,2.650000E+0,200.000000E+0,50.000000E+0,40.000000E+0,3.000000E+0,1.000000E+0
4.765291E+3,185.633216E+0,187.700000E+0,-1.182831E+0,45.000000E+0,3.272374E+0,4.369892E+0,3.557162E+0,-32.576900E+0,2.650000E+0,200.000000E+0,50.000000E+0,40.000000E+0,3.000000E+0,1.000000E+0
4.810193E+3,184.511477E+0,186.650000E+0,-1.311961E+0,49.000000E+0,3.292016E+0,4.353898E+0,3.591144E+0,-33.191200E+0,2.650000E+0,200.000000E+0,50.000000E+0,40.000000E+0,3.000000E+0,1.000000E+0
4.855069E+3,183.388913E+0,185.510000E+0,-1.385483E+0,47.000000E+0,3.309642E+0,4.336992E+0,3.625888E+0,-33.815520E+0,2.650000E+0,200.000000E+0,50.000000E+0,40.000000E+0,3.000000E+0,1.000000E+0
4.899957E+3,182.267023E+0,184.430000E+0,-1.407806E+0,49.000000E+0,3.329408E+0,4.369978E+0,3.658044E+0,-34.410500E+0,2.650000E+0,200.000000E+0,50.000000E+0,40.000000E+0,3.000000E+0,1.000000E+0
4.944849E+3,181.144809E+0,183.310000E+0,-1.430213E+0,51.000000E+0,3.347210E+0,4.423314E+0,3.691836E+0,-35.034840E+0,2.650000E+0,200.000000E+0,50.000000E+0,40.000000E+0,3.000000E+0,1.000000E+0
4.989735E+3,180.022520E+0,182.190000E+0,-1.452578E+0,50.000000E+0,3.362122E+0,4.462638E+0,3.726294E+0,-35.676280E+0,2.650000E+0,200.000000E+0,50.000000E+0,40.000000E+0,3.000000E+0,1.000000E+0
5.034671E+3,178.900356E+0,181.150000E+0,-1.472585E+0,50.000000E+0,3.378120E+0,4.424894E+0,3.762514E+0,-36.370680E+0,2.650000E+0,200.000000E+0,50.000000E+0,40.000000E+0,3.000000E+0,1.000000E+0
5.079545E+3,177.776967E+0,179.970000E+0,-1.483724E+0,53.000000E+0,3.395820E+0,4.467690E+0,3.796772E+0,-37.038600E+0,2.650000E+0,200.000000E+0,50.000000E+0,40.000000E+0,3.000000E+0,1.000000E+0
5.124419E+3,176.655127E+0,178.890000E+0,-1.470045E+0,50.000000E+0,3.410024E+0,4.523288E+0,3.832188E+0,-37.734700E+0,2.650000E+0,200.000000E+0,50.000000E+0,40.000000E+0,3.000000E+0,1.000000E+0
5.169312E+3,175.533263E+0,177.830000E+0,-1.474340E+0,54.000000E+0,3.424226E+0,4.568018E+0,3.867178E+0,-38.410080E+0,2.650000E+0,200.000000E+0,50.000000E+0,40.000000E+0,3.000000E+0,1.000000E+0
5.214212E+3,174.410949E+0,176.630000E+0,-1.478964E+0,52.000000E+0,3.438378E+0,4.708792E+0,3.911382E+0,-39.431820E+0,2.650000E+0,200.000000E+0,50.000000E+0,40.000000E+0,3.000000E+0,1.000000E+0
5.259192E+3,173.288435E+0,175.540000E+0,-1.474803E+0,51.000000E+0,3.455452E+0,4.627922E+0,3.958886E+0,-40.413240E+0,2.650000E+0,200.000000E+0,50.000000E+0,40.000000E+0,3.000000E+0,1.000000E+0
5.304118E+3,172.163946E+0,174.470000E+0,-1.483800E+0,53.000000E+0,3.465302E+0,4.757692E+0,4.005282E+0,-41.354520E+0,2.650000E+0,200.000000E+0,50.000000E+0,40.000000E+0,3.000000E+0,1.000000E+0
5.349019E+3,171.040781E+0,173.270000E+0,-1.489736E+0,50.000000E+0,3.479350E+0,4.837248E+0,4.044238E+0,-42.125020E+0,2.650000E+0,200.000000E+0,50.000000E+0,40.000000E+0,3.000000E+0,1.000000E+0
5.393907E+3,169.918267E+0,172.210000E+0,-1.493448E+0,51.000000E+0,3.490684E+0,4.885714E+0,4.092848E+0,-43.064720E+0,2.650000E+0,200.000000E+0,50.000000E+0,40.000000E+0,3.000000E+0,1.000000E+0
5.438757E+3,168.796078E+0,171.040000E+0,-1.495484E+0,52.000000E+0,3.499792E+0,4.990972E+0,4.156586E+0,-44.438000E+0,2.650000E+0,200.000000E+0,50.000000E+0,40.000000E+0,3.000000E+0,1.000000E+0
5.483646E+3,167.674814E+0,169.870000E+0,-1.489324E+0,51.000000E+0,3.509966E+0,5.090698E+0,4.198746E+0,-45.186980E+0,2.650000E+0,200.000000E+0,50.000000E+0,40.000000E+0,3.000000E+0,1.000000E+0
5.528527E+3,166.552600E+0,168.860000E+0,-1.505824E+0,50.000000E+0,3.522728E+0,5.194984E+0,4.242820E+0,-45.961460E+0,2.650000E+0,200.000000E+0,50.000000E+0,40.000000E+0,3.000000E+0,1.000000E+0
5.573417E+3,165.430560E+0,167.770000E+0,-1.521921E+0,50.000000E+0,3.532386E+0,5.154856E+0,4.284652E+0,-46.657280E+0,2.650000E+0,200.000000E+0,50.000000E+0,40.000000E+0,3.000000E+0,1.000000E+0
5.618309E+3,164.308321E+0,166.550000E+0,-1.504198E+0,51.000000E+0,3.543912E+0,5.127134E+0,4.323930E+0,-47.303080E+0,2.650000E+0,200.000000E+0,50.000000E+0,40.000000E+0,3.000000E+0,1.000000E+0
5.663190E+3,163.186007E+0,165.400000E+0,-1.475053E+0,49.000000E+0,3.561442E+0,5.143334E+0,4.368840E+0,-48.056100E+0,2.650000E+0,200.000000E+0,50.000000E+0,40.000000E+0,3.000000E+0,1.000000E+0
5.708074E+3,162.063993E+0,164.430000E+0,-1.468120E+0,48.000000E+0,3.563878E+0,5.249554E+0,4.415146E+0,-48.801000E+0,2.650000E+0,200.000000E+0,50.000000E+0,40.000000E+0,3.000000E+0,1.000000E+0
5.752970E+3,160.941879E+0,163.290000E+0,-1.510433E+0,49.000000E+0,3.578380E+0,5.260244E+0,4.463364E+0,-49.588940E+0,2.650000E+0,200.000000E+0,50.000000E+0,40.000000E+0,3.000000E+0,1.000000E+0
5.797863E+3,159.819489E+0,162.090000E+0,-1.514920E+0,50.000000E+0,3.588760E+0,5.315328E+0,4.501442E+0,-50.205340E+0,2.650000E+0,200.000000E+0,50.000000E+0,40.000000E+0,3.000000E+0,1.000000E+0
5.842754E+3,158.697175E+0,160.910000E+0,-1.470379E+0,49.000000E+0,3.598918E+0,5.272634E+0,4.546812E+0,-50.934080E+0,2.650000E+0,200.000000E+0,50.000000E+0,40.000000E+0,3.000000E+0,1.000000E+0
5.887653E+3,157.574886E+0,159.850000E+0,-1.463608E+0,45.000000E+0,3.609264E+0,5.319572E+0,4.592526E+0,-51.641160E+0,2.650000E+0,200.000000E+0,50.000000E+0,40.000000E+0,3.000000E+0,1.000000E+0
5.932539E+3,156.452422E+0,158.810000E+0,-1.521425E+0,48.000000E+0,3.617180E+0,5.264364E+0,4.646976E+0,-52.483800E+0,2.650000E+0,200.000000E+0,50.000000E+0,40.000000E+0,3.000000E+0,1.000000E+0
5.977428E+3,155.330258E+0,157.580000E+0,-1.550329E+0,46.000000E+0,3.629572E+0,5.345808E+0,4.705826E+0,-53.356840E+0,2.650000E+0,200.000000E+0,50.000000E+0,40.000000E+0,3.000000E+0,1.000000E+0
6.022321E+3,154.208044E+0,156.490000E+0,-1.496885E+0,44.000000E+0,3.634366E+0,5.400618E+0,4.764266E+0,-54.217800E+0,2.650000E+0,200.000000E+0,50.000000E+0,40.000000E+0,3.000000E+0,1.000000E+0
6.067206E+3,153.085704E+0,155.400000E+0,-1.472433E+0,43.000000E+0,3.640822E+0,5.289048E+0,4.820918E+0,-55.025180E+0,2.650000E+0,200.000000E+0,50.000000E+0,40.000000E+0,3.000000E+0,1.000000E+0
6.112090E+3,151.963590E+0,154.250000E+0,-1.490298E+0,45.000000E+0,3.660386E+0,5.498726E+0,4.884080E+0,-55.914960E+0,2.650000E+0,200.000000E+0,50.000000E+0,40.000000E+0,3.000000E+0,1.000000E+0
6.156981E+3,150.841501E+0,153.120000E+0,-1.508156E+0,41.000000E+0,3.661202E+0,5.534890E+0,4.949052E+0,-56.806140E+0,2.650000E+0,200.000000E+0,50.000000E+0,40.000000E+0,3.000000E+0,1.000000E+0
6.201880E+3,149.719212E+0,152.030000E+0,-1.501512E+0,41.000000E+0,3.668498E+0,5.432046E+0,5.014292E+0,-57.664360E+0,2.650000E+0,200.000000E+0,50.000000E+0,40.000000E+0,3.000000E+0,1.000000E+0
6.246761E+3,148.596748E+0,150.920000E+0,-1.492641E+0,44.000000E+0,3.677550E+0,5.733862E+0,5.080718E+0,-58.537460E+0,2.650000E+0,200.000000E+0,50.000000E+0,40.000000E+0,3.000000E+0,1.000000E+0
6.291657E+3,147.474708E+0,149.710000E+0,-1.501486E+0,41.000000E+0,3.687054E+0,5.818022E+0,5.152098E+0,-59.446060E+0,2.650000E+0,200.000000E+0,50.000000E+0,40.000000E+0,3.000000E+0,1.000000E+0
6.336547E+3,146.352319E+0,148.620000E+0,-1.492508E+0,38.000000E+0,3.699160E+0,5.674498E+0,5.223826E+0,-60.325800E+0,2.650000E+0,200.000000E+0,50.000000E+0,40.000000E+0,3.000000E+0,1.000000E+0
6.381427E+3,145.230055E+0,147.560000E+0,-1.501408E+0,41.000000E+0,3.700180E+0,5.779958E+0,5.310778E+0,-61.377220E+0,2.650000E+0,200.000000E+0,50.000000E+0,40.000000E+0,3.000000E+0,1.000000E+0
6.426330E+3,144.108066E+0,146.310000E+0,-1.519250E+0,39.000000E+0,3.709702E+0,5.992532E+0,5.384836E+0,-62.232000E+0,2.650000E+0,200.000000E+0,50.000000E+0,40.000000E+0,3.000000E+0,1.000000E+0
6.471204E+3,142.985502E+0,145.300000E+0,-1.508165E+0,36.000000E+0,3.721742E+0,5.682036E+0,5.467482E+0,-63.172820E+0,2.650000E+0,200.000000E+0,50.000000E+0,40.000000E+0,3.000000E+0,1.000000E+0
6.516109E+3,141.863637E+0,144.160000E+0,-1.505909E+0,37.000000E+0,3.729774E+0,5.861214E+0,5.553184E+0,-64.097660E+0,2.650000E+0,200.000000E+0,50.000000E+0,40.000000E+0,3.000000E+0,1.000000E+0
6.561025E+3,140.741023E+0,142.990000E+0,-1.497049E+0,36.000000E+0,3.737470E+0,6.068912E+0,5.643500E+0,-65.055340E+0,2.650000E+0,200.000000E+0,50.000000E+0,40.000000E+0,3.000000E+0,1.000000E+0
6.605880E+3,139.618109E+0,141.850000E+0,-1.497001E+0,34.000000E+0,3.753798E+0,5.984028E+0,5.731040E+0,-65.962600E+0,2.650000E+0,200.000000E+0,50.000000E+0,40.000000E+0,3.000000E+0,1.000000E+0
6.650766E+3,138.496745E+0,140.780000E+0,-1.496778E+0,34.000000E+0,3.748178E+0,6.019600E+0,6.108544E+0,-69.272100E+0,2.650000E+0,200.000000E+0,50.000000E+0,40.000000E+0,3.000000E+0,1.000000E+0
6.695694E+3,137.374581E+0,139.630000E+0,-1.507951E+0,35.000000E+0,3.755336E+0,6.770342E+0,6.299454E+0,-70.855980E+0,2.650000E+0,200.000000E+0,50.000000E+0,40.000000E+0,3.000000E+0,1.000000E+0
6.740555E+3,136.251391E+0,138.500000E+0,-1.521525E+0,29.000000E+0,3.775138E+0,6.841654E+0,6.424704E+0,-71.862200E+0,2.650000E+0,200.000000E+0,50.000000E+0,40.000000E+0,3.000000E+0,1.000000E+0
6.785453E+3,135.129877E+0,137.400000E+0,-1.501524E+0,32.000000E+0,3.763124E+0,6.752636E+0,6.647362E+0,-73.755840E+0,2.650000E+0,200.000000E+0,50.000000E+0,40.000000E+0,3.000000E+0,1.000000E+0
6.830331E+3,134.007413E+0,136.210000E+0,-1.494744E+0,30.000000E+0,3.773918E+0,6.775494E+0,6.773040E+0,-74.674020E+0,2.650000E+0,200.000000E+0,50.000000E+0,40.000000E+0,3.000000E+0,1.000000E+0
6.875227E+3,132.885474E+0,135.150000E+0,-1.499102E+0,28.000000E+0,3.771954E+0,6.904526E+0,6.908880E+0,-75.606840E+0,2.650000E+0,200.000000E+0,50.000000E+0,40.000000E+0,3.000000E+0,1.000000E+0
6.920117E+3,131.763060E+0,134.010000E+0,-1.514905E+0,29.000000E+0,3.790792E+0,7.258918E+0,7.043144E+0,-76.536200E+0,2.650000E+0,200.000000E+0,50.000000E+0,40.000000E+0,3.000000E+0,1.000000E+0
6.965038E+3,130.640821E+0,132.880000E+0,-1.508301E+0,26.000000E+0,3.796116E+0,7.128250E+0,7.201370E+0,-77.513000E+0,2.650000E+0,200.000000E+0,50.000000E+0,40.000000E+0,3.000000E+0,1.000000E+0
7.009894E+3,129.517781E+0,131.810000E+0,-1.501469E+0,25.000000E+0,3.808970E+0,7.314492E+0,7.336932E+0,-78.377220E+0,2.650000E+0,200.000000E+0,50.000000E+0,40.000000E+0,3.000000E+0,1.000000E+0
7.054779E+3,128.396392E+0,130.690000E+0,-1.496817E+0,25.000000E+0,3.825826E+0,7.319762E+0,7.492994E+0,-79.328340E+0,2.650000E+0,200.000000E+0,50.000000E+0,40.000000E+0,3.000000E+0,1.000000E+0
7.099671E+3,127.274278E+0,129.550000E+0,-1.485661E+0,22.000000E+0,3.826872E+0,7.183508E+0,7.661248E+0,-80.313080E+0,2.650000E+0,200.000000E+0,50.000000E+0,40.000000E+0,3.000000E+0,1.000000E+0
7.144559E+3,126.151964E+0,128.410000E+0,-1.483684E+0,22.000000E+0,3.836774E+0,7.479924E+0,7.826476E+0,-81.252960E+0,2.650000E+0,200.000000E+0,50.000000E+0,40.000000E+0,3.000000E+0,1.000000E+0
7.189457E+3,125.029775E+0,127.250000E+0,-1.481647E+0,20.000000E+0,3.842930E+0,7.431110E+0,7.998026E+0,-82.184340E+0,2.650000E+0,200.000000E+0,50.000000E+0,40.000000E+0,3.000000E+0,1.000000E+0
7.234355E+3,123.907310E+0,126.140000E+0,-1.499452E+0,19.000000E+0,3.856114E+0,7.510244E+0,8.176354E+0,-83.119940E+0,2.650000E+0,200.000000E+0,50.000000E+0,40.000000E+0,3.000000E+0,1.000000E+0
7.279242E+3,122.784871E+0,125.040000E+0,-1.523705E+0,17.000000E+0,3.856020E+0,7.587276E+0,8.366434E+0,-84.058740E+0,2.650000E+0,200.000000E+0,50.000000E+0,40.000000E+0,3.000000E+0,1.000000E+0
7.324119E+3,121.662682E+0,123.940000E+0,-1.525826E+0,16.000000E+0,3.865032E+0,7.749092E+0,8.552104E+0,-84.955480E+0,2.650000E+0,200.000000E+0,50.000000E+0,40.000000E+0,3.000000E+0,1.000000E+0
7.369050E+3,120.540768E+0,122.790000E+0,-1.510205E+0,14.000000E+0,3.876324E+0,7.755796E+0,8.750186E+0,-85.870060E+0,2.650000E+0,200.000000E+0,50.000000E+0,40.000000E+0,3.000000E+0,1.000000E+0
7.413897E+3,119.417479E+0,121.680000E+0,-1.488050E+0,12.000000E+0,3.879024E+0,7.863596E+0,8.955444E+0,-86.803520E+0,2.650000E+0,200.000000E+0,50.000000E+0,40.000000E+0,3.000000E+0,1.000000E+0
7.458791E+3,118.296314E+0,120.560000E+0,-1.483528E+0,10.000000E+0,3.895528E+0,7.929000E+0,9.160262E+0,-87.851060E+0,2.650000E+0,200.000000E+0,50.000000E+0,40.000000E+0,3.000000E+0,1.000000E+0
7.503681E+3,117.173975E+0,119.470000E+0,-1.494705E+0,7.000000E+0,3.902760E+0,7.995832E+0,9.381798E+0,-88.794060E+0,2.650000E+0,200.000000E+0,50.000000E+0,40.000000E+0,3.000000E+0,1.000000E+0
7.548210E+3,116.051711E+0,118.360000E+0,-1.501522E+0,5.000000E+0,3.921102E+0,8.065008E+0,9.596938E+0,-89.663500E+0,1.720000E+0,200.000000E+0,50.000000E+0,40.000000E+0,3.000000E+0,1.000000E+0
7.592775E+3,114.938497E+0,117.290000E+0,-1.492746E+0,3.000000E+0,3.920648E+0,8.109920E+0,9.826936E+0,-90.566800E+0,1.420000E+0,200.000000E+0,50.000000E+0,40.000000E+0,3.000000E+0,1.000000E+0
7.637286E+3,113.824359E+0,116.200000E+0,-1.481347E+0,1.000000E+0,3.932348E+0,8.381312E+0,10.063920E+0,-91.414960E+0,1.180000E+0,200.000000E+0,50.000000E+0,40.000000E+0,3.000000E+0,1.000000E+0
7.681825E+3,112.711595E+0,115.150000E+0,-1.473727E+0,0.000000E+0,3.932418E+0,8.252208E+0,10.297100E+0,-92.269940E+0,940.000000E-3,200.000000E+0,50.000000E+0,40.000000E+0,3.000000E+0,1.000000E+0
7.726337E+3,111.598106E+0,114.110000E+0,-1.466414E+0,0.000000E+0,3.941016E+0,8.612358E+0,10.545100E+0,-93.150180E+0,760.000000E-3,200.000000E+0,50.000000E+0,40.000000E+0,3.000000E+0,1.000000E+0
7.770871E+3,110.485318E+0,113.090000E+0,-1.454977E+0,0.000000E+0,3.928198E+0,8.585134E+0,10.802400E+0,-94.044360E+0,700.000000E-3,200.000000E+0,50.000000E+0,40.000000E+0,3.000000E+0,1.000000E+0
7.815411E+3,109.371954E+0,112.130000E+0,-1.435000E+0,0.000000E+0,3.941882E+0,8.538142E+0,11.051640E+0,-94.862920E+0,700.000000E-3,200.000000E+0,50.000000E+0,40.000000E+0,3.000000E+0,1.000000E+0
7.859944E+3,108.258465E+0,111.210000E+0,-1.412704E+0,0.000000E+0,3.941332E+0,8.791846E+0,11.320200E+0,-95.756080E+0,700.000000E-3,200.000000E+0,50.000000E+0,40.000000E+0,3.000000E+0,1.000000E+0
7.904473E+3,107.145152E+0,110.290000E+0,-1.376649E+0,0.000000E+0,3.950126E+0,8.874424E+0,11.633540E+0,-96.650480E+0,700.000000E-3,200.000000E+0,50.000000E+0,40.000000E+0,3.000000E+0,1.000000E+0
7.949011E+3,106.031913E+0,109.400000E+0,-1.329385E+0,0.000000E+0,3.962268E+0,8.677644E+0,11.924460E+0,-97.443640E+0,700.000000E-3,200.000000E+0,50.000000E+0,40.000000E+0,3.000000E+0,1.000000E+0
7.993542E+3,104.918474E+0,108.540000E+0,-1.279899E+0,0.000000E+0,3.985738E+0,9.045332E+0,12.211600E+0,-98.278760E+0,700.000000E-3,200.000000E+0,50.000000E+0,40.000000E+0,3.000000E+0,1.000000E+0
8.038072E+3,103.805186E+0,107.660000E+0,-1.241760E+0,0.000000E+0,3.989850E+0,8.979054E+0,12.507300E+0,-99.008840E+0,700.000000E-3,200.000000E+0,50.000000E+0,40.000000E+0,3.000000E+0,1.000000E+0
8.082595E+3,102.691947E+0,106.830000E+0,-1.212583E+0,0.000000E+0,3.978782E+0,9.080568E+0,12.817560E+0,-99.895620E+0,700.000000E-3,200.000000E+0,50.000000E+0,40.000000E+0,3.000000E+0,1.000000E+0
8.127119E+3,101.578858E+0,105.980000E+0,-1.190132E+0,0.000000E+0,3.967030E+0,9.422394E+0,13.129660E+0,-100.648200E+0,700.000000E-3,200.000000E+0,50.000000E+0,40.000000E+0,3.000000E+0,1.000000E+0
8.171635E+3,100.465770E+0,105.190000E+0,-1.167737E+0,0.000000E+0,3.951644E+0,9.281528E+0,13.471020E+0,-101.444400E+0,700.000000E-3,200.000000E+0,50.000000E+0,40.000000E+0,3.000000E+0,1.000000E+0
8.216174E+3,99.352856E+0,104.350000E+0,-1.152112E+0,0.000000E+0,3.978240E+0,9.612682E+0,13.814640E+0,-102.178800E+0,700.000000E-3,200.000000E+0,50.000000E+0,40.000000E+0,3.000000E+0,1.000000E+0
8.260697E+3,98.239392E+0,103.600000E+0,-1.129742E+0,0.000000E+0,3.966194E+0,9.862358E+0,14.141280E+0,-102.898800E+0,700.000000E-3,200.000000E+0,50.000000E+0,40.000000E+0,3.000000E+0,1.000000E+0
8.305242E+3,97.126304E+0,102.840000E+0,-1.111767E+0,0.000000E+0,3.978848E+0,10.006524E+0,14.482620E+0,-103.584000E+0,700.000000E-3,200.000000E+0,50.000000E+0,40.000000E+0,3.000000E+0,1.000000E+0
8.349774E+3,96.012690E+0,102.080000E+0,-1.091493E+0,0.000000E+0,3.970554E+0,10.136146E+0,14.850380E+0,-104.286000E+0,700.000000E-3,200.000000E+0,50.000000E+0,40.000000E+0,3.000000E+0,1.000000E+0
8.394309E+3,94.899401E+0,101.360000E+0,-1.062186E+0,0.000000E+0,3.990262E+0,10.020258E+0,15.221280E+0,-104.940600E+0,700.000000E-3,200.000000E+0,50.000000E+0,40.000000E+0,3.000000E+0,1.000000E+0
8.438831E+3,93.786013E+0,100.610000E+0,-1.037402E+0,0.000000E+0,3.985680E+0,10.237340E+0,15.559740E+0,-105.558000E+0,700.000000E-3,200.000000E+0,50.000000E+0,40.000000E+0,3.000000E+0,1.000000E+0
8.483357E+3,92.672974E+0,99.900000E+0,-1.012681E+0,0.000000E+0,3.985824E+0,10.118980E+0,15.946280E+0,-106.240000E+0,700.000000E-3,200.000000E+0,50.000000E+0,40.000000E+0,3.000000E+0,1.000000E+0
8.527886E+3,91.559810E+0,99.230000E+0,-1.003740E+0,0.000000E+0,3.985886E+0,10.737100E+0,16.416020E+0,-107.097800E+0,700.000000E-3,200.000000E+0,50.000000E+0,40.000000E+0,3.000000E+0,1.000000E+0
8.572420E+3,90.446597E+0,98.530000E+0,-990.371727E-3,0.000000E+0,4.003402E+0,10.499120E+0,16.905220E+0,-107.924600E+0,700.000000E-3,200.000000E+0,50.000000E+0,40.000000E+0,3.000000E+0,1.000000E+0
8.616964E+3,90.000000E+0,97.840000E+0,-967.958504E-3,0.000000E+0,3.983348E+0,10.539300E+0,17.405600E+0,-108.787200E+0,700.000000E-3,200.000000E+0,50.000000E+0,40.000000E+0,3.000000E+0,1.000000E+0
8.661519E+3,90.000000E+0,97.160000E+0,-945.480273E-3,0.000000E+0,4.004966E+0,10.872180E+0,17.953440E+0,-109.677400E+0,700.000000E-3,200.000000E+0,50.000000E+0,40.000000E+0,3.000000E+0,1.000000E+0
8.706038E+3,90.000000E+0,96.480000E+0,-929.653286E-3,0.000000E+0,3.996990E+0,11.188440E+0,18.522880E+0,-110.575200E+0,700.000000E-3,200.000000E+0,50.000000E+0,40.000000E+0,3.000000E+0,1.000000E+0
8.750568E+3,90.000000E+0,95.800000E+0,-927.255535E-3,0.000000E+0,4.006102E+0,11.568340E+0,19.141420E+0,-111.550400E+0,700.000000E-3,200.000000E+0,50.000000E+0,40.000000E+0,3.000000E+0,1.000000E+0
8.795120E+3,90.000000E+0,95.110000E+0,-924.972219E-3,0.000000E+0,3.994764E+0,11.177220E+0,19.870140E+0,-112.652000E+0,700.000000E-3,200.000000E+0,50.000000E+0,40.000000E+0,3.000000E+0,1.000000E+0
8.839632E+3,90.000000E+0,94.400000E+0,-918.339433E-3,0.000000E+0,3.997230E+0,11.895740E+0,20.486860E+0,-113.525200E+0,700.000000E-3,200.000000E+0,50.000000E+0,40.000000E+0,3.000000E+0,1.000000E+0
8.884159E+3,90.000000E+0,93.680000E+0,-918.398123E-3,0.000000E+0,3.992852E+0,11.858100E+0,20.933100E+0,-114.294800E+0,700.000000E-3,200.000000E+0,50.000000E+0,40.000000E+0,3.000000E+0,1.000000E+0
8.928696E+3,90.000000E+0,92.940000E+0,-927.414707E-3,0.000000E+0,3.986578E+0,11.747780E+0,21.332280E+0,-114.863000E+0,700.000000E-3,200.000000E+0,50.000000E+0,40.000000E+0,3.000000E+0,1.000000E+0
8.973229E+3,90.000000E+0,92.210000E+0,-943.169013E-3,0.000000E+0,4.032212E+0,11.716240E+0,21.687220E+0,-115.506400E+0,700.000000E-3,200.000000E+0,50.000000E+0,40.000000E+0,3.000000E+0,1.000000E+0
9.017751E+3,90.000000E+0,91.490000E+0,-963.441344E-3,0.000000E+0,4.045816E+0,11.562560E+0,21.973780E+0,-115.894800E+0,2.650000E+0,200.000000E+0,50.000000E+0,40.000000E+0,3.000000E+0,1.000000E+0
9.062285E+3,90.000000E+0,90.790000E+0,-979.138123E-3,0.000000E+0,4.052610E+0,12.179420E+0,22.243160E+0,-116.235400E+0,2.650000E+0,200.000000E+0,50.000000E+0,40.000000E+0,3.000000E+0,1.000000E+0
9.106827E+3,90.000000E+0,90.120000E+0,-983.572012E-3,10.000000E+0,4.033818E+0,11.943940E+0,22.458940E+0,-116.510400E+0,2.650000E+0,200.000000E+0,50.000000E+0,40.000000E+0,3.000000E+0,1.000000E+0
9.151363E+3,90.000000E+0,89.520000E+0,-974.618363E-3,13.000000E+0,4.054774E+0,11.940300E+0,22.513820E+0,-116.590000E+0,2.650000E+0,200.000000E+0,50.000000E+0,40.000000E+0,3.000000E+0,1.000000E+0
9.195902E+3,90.000000E+0,89.530000E+0,-952.143416E-3,9.000000E+0,4.069024E+0,12.153620E+0,22.439740E+0,-116.525400E+0,2.650000E+0,200.000000E+0,50.000000E+0,40.000000E+0,3.000000E+0,1.000000E+0
9.240427E+3,90.000000E+0,89.910000E+0,-911.645355E-3,9.000000E+0,4.056196E+0,12.388420E+0,22.370900E+0,-116.459800E+0,2.650000E+0,200.000000E+0,50.000000E+0,40.000000E+0,3.000000E+0,1.000000E+0
9.284955E+3,90.000000E+0,89.980000E+0,-725.217717E-3,10.000000E+0,4.063986E+0,12.322980E+0,22.373500E+0,-116.467000E+0,2.650000E+0,200.000000E+0,50.000000E+0,40.000000E+0,3.000000E+0,1.000000E+0
9.329986E+3,90.000000E+0,90.010000E+0,-330.037184E-3,10.000000E+0,4.053212E+0,11.939780E+0,22.333820E+0,-116.425800E+0,2.650000E+0,200.000000E+0,50.000000E+0,40.000000E+0,3.000000E+0,1.000000E+0
9.374480E+3,90.000000E+0,90.070000E+0,56.169175E-3,10.000000E+0,4.050390E+0,11.658780E+0,22.361620E+0,-116.458000E+0,2.650000E+0,200.000000E+0,50.000000E+0,40.000000E+0,3.000000E+0,1.000000E+0
9.807845E+3,91.222364E+0,90.110000E+0,210.973286E-3,10.000000E+0,4.052392E+0,11.992720E+0,22.284180E+0,-116.400400E+0,2.650000E+0,200.000000E+0,50.000000E+0,40.000000E+0,3.000000E+0,1.000000E+0
9.852381E+3,91.222364E+0,90.120000E+0,143.501011E-3,6.000000E+0,4.052982E+0,11.954780E+0,22.074740E+0,-116.143400E+0,2.650000E+0,200.000000E+0,50.000000E+0,40.000000E+0,3.000000E+0,1.000000E+0
9.896919E+3,92.335752E+0,91.460000E+0,42.210034E-3,2.000000E+0,4.057634E+0,11.757660E+0,21.745980E+0,-115.744800E+0,1.660000E+0,200.000000E+0,50.000000E+0,40.000000E+0,3.000000E+0,1.000000E+0
9.941444E+3,93.449216E+0,91.980000E+0,19.764581E-3,17.000000E+0,4.051770E+0,11.807440E+0,21.638460E+0,-115.610800E+0,1.180000E+0,200.000000E+0,50.000000E+0,40.000000E+0,3.000000E+0,1.000000E+0
9.986006E+3,94.562330E+0,92.170000E+0,302.776925E-3,8.000000E+0,4.052912E+0,11.781440E+0,21.260280E+0,-115.121000E+0,1.840000E+0,200.000000E+0,50.000000E+0,40.000000E+0,3.000000E+0,1.000000E+0
10.030540E+3,95.676393E+0,93.760000E+0,720.686021E-3,11.000000E+0,4.053206E+0,11.672300E+0,20.785500E+0,-114.502400E+0,2.650000E+0,200.000000E+0,50.000000E+0,40.000000E+0,3.000000E+0,1.000000E+0
10.075055E+3,96.789732E+0,94.900000E+0,880.194435E-3,13.000000E+0,4.053142E+0,11.487980E+0,20.439400E+0,-114.043400E+0,1.840000E+0,200.000000E+0,50.000000E+0,40.000000E+0,3.000000E+0,1.000000E+0
10.119616E+3,97.902621E+0,95.950000E+0,976.644577E-3,14.000000E+0,4.060022E+0,11.239860E+0,20.083220E+0,-113.524400E+0,2.650000E+0,200.000000E+0,50.000000E+0,40.000000E+0,3.000000E+0,1.000000E+0
10.164129E+3,99.016634E+0,97.130000E+0,1.172108E+0,14.000000E+0,4.053886E+0,11.240960E+0,19.725020E+0,-113.016400E+0,2.650000E+0,200.000000E+0,50.000000E+0,40.000000E+0,3.000000E+0,1.000000E+0
10.208662E+3,100.129473E+0,98.290000E+0,1.504428E+0,17.000000E+0,4.054742E+0,11.129980E+0,19.325120E+0,-112.401200E+0,2.650000E+0,200.000000E+0,50.000000E+0,40.000000E+0,3.000000E+0,1.000000E+0
10.253220E+3,101.242787E+0,99.350000E+0,1.605566E+0,16.000000E+0,4.045856E+0,11.039600E+0,18.991540E+0,-111.886000E+0,2.650000E+0,200.000000E+0,50.000000E+0,40.000000E+0,3.000000E+0,1.000000E+0
10.297745E+3,102.356750E+0,100.580000E+0,1.517992E+0,2.000000E+0,4.049348E+0,11.070180E+0,18.627760E+0,-111.316200E+0,2.650000E+0,200.000000E+0,50.000000E+0,40.000000E+0,3.000000E+0,1.000000E+0
10.342293E+3,103.469864E+0,101.890000E+0,1.524644E+0,6.000000E+0,4.044074E+0,11.197260E+0,18.344640E+0,-110.841200E+0,1.780000E+0,200.000000E+0,50.000000E+0,40.000000E+0,3.000000E+0,1.000000E+0
10.386827E+3,104.583553E+0,102.820000E+0,1.538064E+0,5.000000E+0,4.048020E+0,10.765980E+0,18.036220E+0,-110.325000E+0,1.180000E+0,200.000000E+0,50.000000E+0,40.000000E+0,3.000000E+0,1.000000E+0
10.431347E+3,105.696917E+0,104.020000E+0,1.582818E+0,6.000000E+0,4.049162E+0,10.490500E+0,17.707680E+0,-109.780400E+0,1.360000E+0,200.000000E+0,50.000000E+0,40.000000E+0,3.000000E+0,1.000000E+0
10.475896E+3,106.809905E+0,105.090000E+0,1.587358E+0,8.000000E+0,4.039370E+0,10.669520E+0,17.389540E+0,-109.231000E+0,1.360000E+0,200.000000E+0,50.000000E+0,40.000000E+0,3.000000E+0,1.000000E+0
10.520416E+3,107.923644E+0,106.200000E+0,1.551592E+0,7.000000E+0,4.047602E+0,10.808600E+0,17.123320E+0,-108.775400E+0,1.540000E+0,200.000000E+0,50.000000E+0,40.000000E+0,3.000000E+0,1.000000E+0
10.564943E+3,109.036633E+0,107.340000E+0,1.490984E+0,11.000000E+0,4.032544E+0,10.651880E+0,16.825220E+0,-108.241000E+0,1.600000E+0,200.000000E+0,50.000000E+0,40.000000E+0,3.000000E+0,1.000000E+0
10.609482E+3,110.149821E+0,108.370000E+0,1.477585E+0,8.000000E+0,4.041864E+0,10.437220E+0,16.460000E+0,-107.539800E+0,1.780000E+0,200.000000E+0,50.000000E+0,40.000000E+0,3.000000E+0,1.000000E+0
10.654026E+3,111.263285E+0,109.610000E+0,1.504575E+0,14.000000E+0,4.037512E+0,10.235400E+0,16.193260E+0,-107.032400E+0,1.840000E+0,200.000000E+0,50.000000E+0,40.000000E+0,3.000000E+0,1.000000E+0
10.698565E+3,112.376899E+0,110.620000E+0,1.482137E+0,11.000000E+0,4.037096E+0,10.273420E+0,15.872920E+0,-106.379400E+0,2.650000E+0,200.000000E+0,50.000000E+0,40.000000E+0,3.000000E+0,1.000000E+0
10.743087E+3,113.490362E+0,111.820000E+0,1.502266E+0,16.000000E+0,4.023324E+0,9.957586E+0,15.620700E+0,-105.876400E+0,2.650000E+0,200.000000E+0,50.000000E+0,40.000000E+0,3.000000E+0,1.000000E+0
10.787651E+3,114.603426E+0,112.860000E+0,1.502061E+0,14.000000E+0,4.042912E+0,10.135286E+0,15.340280E+0,-105.296200E+0,2.650000E+0,200.000000E+0,50.000000E+0,40.000000E+0,3.000000E+0,1.000000E+0
10.832161E+3,115.717515E+0,114.040000E+0,1.511071E+0,18.000000E+0,4.018680E+0,10.008402E+0,15.142380E+0,-104.855600E+0,2.650000E+0,200.000000E+0,50.000000E+0,40.000000E+0,3.000000E+0,1.000000E+0
10.876697E+3,116.830253E+0,115.080000E+0,1.504319E+0,16.000000E+0,4.035562E+0,9.886408E+0,14.806800E+0,-104.131400E+0,2.650000E+0,200.000000E+0,50.000000E+0,40.000000E+0,3.000000E+0,1.000000E+0
10.921230E+3,117.943667E+0,116.290000E+0,1.497640E+0,21.000000E+0,4.027926E+0,9.718742E+0,14.593680E+0,-103.675000E+0,2.650000E+0,200.000000E+0,50.000000E+0,40.000000E+0,3.000000E+0,1.000000E+0
10.965764E+3,119.056981E+0,117.290000E+0,1.499970E+0,18.000000E+0,4.021556E+0,10.065760E+0,14.290400E+0,-102.958000E+0,2.650000E+0,200.000000E+0,50.000000E+0,40.000000E+0,3.000000E+0,1.000000E+0
11.010291E+3,120.170344E+0,118.530000E+0,1.502311E+0,26.000000E+0,4.030096E+0,9.829570E+0,14.091760E+0,-102.492600E+0,2.650000E+0,200.000000E+0,50.000000E+0,40.000000E+0,3.000000E+0,1.000000E+0
11.054829E+3,121.283508E+0,119.540000E+0,1.500099E+0,21.000000E+0,4.012382E+0,9.574252E+0,13.836340E+0,-101.895200E+0,2.650000E+0,200.000000E+0,50.000000E+0,40.000000E+0,3.000000E+0,1.000000E+0
11.099363E+3,122.396972E+0,120.720000E+0,1.504506E+0,26.000000E+0,4.016768E+0,9.596908E+0,13.554180E+0,-101.223000E+0,2.650000E+0,200.000000E+0,50.000000E+0,40.000000E+0,3.000000E+0,1.000000E+0
11.143890E+3,123.510310E+0,121.780000E+0,1.504529E+0,27.000000E+0,4.018544E+0,9.641824E+0,13.306080E+0,-100.577200E+0,2.650000E+0,200.000000E+0,50.000000E+0,40.000000E+0,3.000000E+0,1.000000E+0
11.188420E+3,124.623499E+0,122.890000E+0,1.500010E+0,28.000000E+0,4.013464E+0,9.574328E+0,13.021620E+0,-99.879740E+0,2.650000E+0,200.000000E+0,50.000000E+0,40.000000E+0,3.000000E+0,1.000000E+0
11.232955E+3,125.736738E+0,124.050000E+0,1.500010E+0,31.000000E+0,3.989508E+0,9.308712E+0,12.809560E+0,-99.299420E+0,2.650000E+0,200.000000E+0,50.000000E+0,40.000000E+0,3.000000E+0,1.000000E+0
11.277486E+3,126.850126E+0,125.060000E+0,1.482090E+0,27.000000E+0,3.985154E+0,9.245074E+0,12.609280E+0,-98.773300E+0,2.650000E+0,200.000000E+0,50.000000E+0,40.000000E+0,3.000000E+0,1.000000E+0
11.322026E+3,127.963390E+0,126.310000E+0,1.500093E+0,36.000000E+0,4.004308E+0,9.325546E+0,12.397660E+0,-98.180760E+0,2.650000E+0,200.000000E+0,50.000000E+0,40.000000E+0,3.000000E+0,1.000000E+0
11.366591E+3,129.076879E+0,127.310000E+0,1.484346E+0,32.000000E+0,4.004040E+0,9.200218E+0,12.174700E+0,-97.459800E+0,2.650000E+0,200.000000E+0,50.000000E+0,40.000000E+0,3.000000E+0,1.000000E+0
11.411086E+3,130.191018E+0,128.520000E+0,1.504484E+0,37.000000E+0,3.983622E+0,9.000914E+0,11.912720E+0,-96.758640E+0,2.650000E+0,200.000000E+0,50.000000E+0,40.000000E+0,3.000000E+0,1.000000E+0
11.455620E+3,131.303381E+0,129.580000E+0,1.499766E+0,36.000000E+0,3.984384E+0,9.001646E+0,11.735600E+0,-96.241980E+0,2.650000E+0,200.000000E+0,50.000000E+0,40.000000E+0,3.000000E+0,1.000000E+0
11.500193E+3,132.416745E+0,130.720000E+0,1.508781E+0,39.000000E+0,3.981672E+0,8.960580E+0,11.509900E+0,-95.558460E+0,2.650000E+0,200.000000E+0,50.000000E+0,40.000000E+0,3.000000E+0,1.000000E+0
11.544698E+3,133.531059E+0,131.850000E+0,1.511261E+0,39.000000E+0,3.974604E+0,8.937582E+0,11.280320E+0,-94.835820E+0,2.650000E+0,200.000000E+0,50.000000E+0,40.000000E+0,3.000000E+0,1.000000E+0
11.589226E+3,134.643697E+0,132.970000E+0,1.500028E+0,42.000000E+0,3.974446E+0,8.816884E+0,11.084660E+0,-94.210500E+0,2.650000E+0,200.000000E+0,50.000000E+0,40.000000E+0,3.000000E+0,1.000000E+0
11.633784E+3,135.756886E+0,134.110000E+0,1.513399E+0,45.000000E+0,3.967952E+0,8.806654E+0,10.889120E+0,-93.557380E+0,2.650000E+0,200.000000E+0,50.000000E+0,40.000000E+0,3.000000E+0,1.000000E+0
11.678318E+3,136.870850E+0,135.150000E+0,1.508883E+0,42.000000E+0,3.959866E+0,8.673276E+0,10.692960E+0,-92.891480E+0,2.650000E+0,200.000000E+0,50.000000E+0,40.000000E+0,3.000000E+0,1.000000E+0
11.722811E+3,137.984188E+0,136.370000E+0,1.522470E+0,47.000000E+0,3.957078E+0,8.605214E+0,10.522200E+0,-92.297700E+0,2.650000E+0,200.000000E+0,50.000000E+0,40.000000E+0,3.000000E+0,1.000000E+0
11.767346E+3,139.096502E+0,137.440000E+0,1.502186E+0,48.000000E+0,3.954880E+0,8.549142E+0,10.358480E+0,-91.690220E+0,2.650000E+0,200.000000E+0,50.000000E+0,40.000000E+0,3.000000E+0,1.000000E+0
11.811883E+3,140.209891E+0,138.500000E+0,1.504472E+0,47.000000E+0,3.952274E+0,8.498752E+0,10.182660E+0,-91.039300E+0,2.650000E+0,200.000000E+0,50.000000E+0,40.000000E+0,3.000000E+0,1.000000E+0
11.856409E+3,141.323304E+0,139.730000E+0,1.511542E+0,51.000000E+0,3.942580E+0,8.406918E+0,10.005052E+0,-90.375940E+0,2.650000E+0,200.000000E+0,50.000000E+0,40.000000E+0,3.000000E+0,1.000000E+0
11.900974E+3,142.436468E+0,140.780000E+0,1.500425E+0,52.000000E+0,3.939062E+0,8.329298E+0,9.823654E+0,-89.680640E+0,2.650000E+0,200.000000E+0,50.000000E+0,40.000000E+0,3.000000E+0,1.000000E+0
11.945491E+3,143.550582E+0,141.810000E+0,1.506951E+0,51.000000E+0,3.936166E+0,8.325622E+0,9.667242E+0,-89.056400E+0,2.650000E+0,200.000000E+0,50.000000E+0,40.000000E+0,3.000000E+0,1.000000E+0
11.990025E+3,144.663520E+0,143.030000E+0,1.504342E+0,55.000000E+0,3.936324E+0,8.326120E+0,9.491074E+0,-88.349480E+0,2.650000E+0,200.000000E+0,50.000000E+0,40.000000E+0,3.000000E+0,1.000000E+0
12.034551E+3,145.776859E+0,144.120000E+0,1.493063E+0,57.000000E+0,3.926914E+0,8.242738E+0,9.330986E+0,-87.672460E+0,2.650000E+0,200.000000E+0,50.000000E+0,40.000000E+0,3.000000E+0,1.000000E+0
12.079110E+3,146.890023E+0,145.190000E+0,1.484149E+0,57.000000E+0,3.919002E+0,8.204086E+0,9.162136E+0,-86.932660E+0,2.650000E+0,200.000000E+0,50.000000E+0,40.000000E+0,3.000000E+0,1.000000E+0
12.123619E+3,148.003986E+0,146.420000E+0,1.491064E+0,61.000000E+0,3.913668E+0,8.097668E+0,9.051698E+0,-86.265120E+0,2.650000E+0,200.000000E+0,50.000000E+0,40.000000E+0,3.000000E+0,1.000000E+0
12.168152E+3,149.116725E+0,147.440000E+0,1.509008E+0,63.000000E+0,3.909436E+0,8.156122E+0,8.874200E+0,-85.440640E+0,2.650000E+0,200.000000E+0,50.000000E+0,40.000000E+0,3.000000E+0,1.000000E+0
12.213044E+3,150.230039E+0,148.510000E+0,1.520139E+0,59.000000E+0,3.906404E+0,8.054592E+0,8.755640E+0,-84.891940E+0,2.650000E+0,200.000000E+0,50.000000E+0,40.000000E+0,3.000000E+0,1.000000E+0
12.257928E+3,151.352328E+0,149.740000E+0,1.506767E+0,65.000000E+0,3.897834E+0,7.989066E+0,8.609196E+0,-84.165540E+0,2.650000E+0,200.000000E+0,50.000000E+0,40.000000E+0,3.000000E+0,1.000000E+0
12.302827E+3,152.474442E+0,150.810000E+0,1.489273E+0,69.000000E+0,3.893474E+0,7.930498E+0,8.486442E+0,-83.561940E+0,2.650000E+0,200.000000E+0,50.000000E+0,40.000000E+0,3.000000E+0,1.000000E+0
12.347705E+3,153.596906E+0,151.840000E+0,1.485200E+0,68.000000E+0,3.886790E+0,7.858228E+0,8.340698E+0,-82.821620E+0,2.650000E+0,200.000000E+0,50.000000E+0,40.000000E+0,3.000000E+0,1.000000E+0
12.392603E+3,154.718870E+0,153.040000E+0,1.492167E+0,72.000000E+0,3.886036E+0,7.788774E+0,8.212070E+0,-82.171520E+0,2.650000E+0,200.000000E+0,50.000000E+0,40.000000E+0,3.000000E+0,1.000000E+0
12.437514E+3,155.841310E+0,154.130000E+0,1.492556E+0,70.000000E+0,3.878624E+0,7.828314E+0,8.081700E+0,-81.479980E+0,2.650000E+0,200.000000E+0,50.000000E+0,40.000000E+0,3.000000E+0,1.000000E+0
12.482396E+3,156.964099E+0,155.280000E+0,1.476962E+0,77.000000E+0,3.873032E+0,7.715172E+0,7.925956E+0,-80.621600E+0,2.650000E+0,200.000000E+0,50.000000E+0,40.000000E+0,3.000000E+0,1.000000E+0
12.527296E+3,158.086138E+0,156.330000E+0,1.474587E+0,80.000000E+0,3.869122E+0,7.686620E+0,7.866290E+0,-80.265140E+0,2.650000E+0,200.000000E+0,50.000000E+0,40.000000E+0,3.000000E+0,1.000000E+0
12.572175E+3,159.208627E+0,157.420000E+0,1.505686E+0,78.000000E+0,3.862290E+0,7.601190E+0,7.669820E+0,-79.180340E+0,2.650000E+0,200.000000E+0,50.000000E+0,40.000000E+0,3.000000E+0,1.000000E+0
12.617061E+3,160.330616E+0,158.650000E+0,1.498976E+0,81.000000E+0,3.853212E+0,7.594916E+0,7.543806E+0,-78.477540E+0,2.650000E+0,200.000000E+0,50.000000E+0,40.000000E+0,3.000000E+0,1.000000E+0
12.661952E+3,161.452756E+0,159.810000E+0,1.465731E+0,89.000000E+0,3.849408E+0,7.537232E+0,7.473752E+0,-78.063360E+0,2.650000E+0,200.000000E+0,50.000000E+0,40.000000E+0,3.000000E+0,1.000000E+0
12.706850E+3,162.575045E+0,160.770000E+0,1.483711E+0,91.000000E+0,3.840826E+0,7.471884E+0,7.307698E+0,-77.141360E+0,2.650000E+0,200.000000E+0,50.000000E+0,40.000000E+0,3.000000E+0,1.000000E+0
12.751743E+3,163.697484E+0,161.920000E+0,1.526059E+0,95.000000E+0,3.836040E+0,7.341082E+0,7.139480E+0,-76.134600E+0,2.650000E+0,200.000000E+0,50.000000E+0,40.000000E+0,3.000000E+0,1.000000E+0
12.796636E+3,164.819823E+0,163.080000E+0,1.521552E+0,97.000000E+0,3.829648E+0,7.229166E+0,7.031458E+0,-75.460560E+0,3.730000E+0,200.000000E+0,50.000000E+0,40.000000E+0,3.000000E+0,1.000000E+0
12.841533E+3,165.942137E+0,164.160000E+0,1.474627E+0,98.000000E+0,3.824470E+0,7.227186E+0,6.909130E+0,-74.645740E+0,4.060000E+0,200.000000E+0,50.000000E+0,40.000000E+0,3.000000E+0,1.000000E+0
12.886432E+3,167.064577E+0,165.260000E+0,1.456753E+0,100.000000E+0,3.821276E+0,7.030972E+0,6.790712E+0,-73.845720E+0,4.225000E+0,200.000000E+0,50.000000E+0,40.000000E+0,3.000000E+0,1.000000E+0
12.931319E+3,168.187041E+0,166.280000E+0,1.483477E+0,100.000000E+0,3.809958E+0,7.047726E+0,6.612364E+0,-72.586020E+0,4.390000E+0,200.000000E+0,50.000000E+0,40.000000E+0,3.000000E+0,1.000000E+0
12.976206E+3,169.309205E+0,167.360000E+0,1.499042E+0,100.000000E+0,3.802412E+0,6.955582E+0,6.483256E+0,-71.629540E+0,4.500000E+0,200.000000E+0,50.000000E+0,40.000000E+0,3.000000E+0,1.000000E+0
13.021107E+3,170.431394E+0,168.450000E+0,1.456724E+0,100.000000E+0,3.788334E+0,6.834684E+0,6.316178E+0,-70.307760E+0,4.500000E+0,200.000000E+0,50.000000E+0,40.000000E+0,3.000000E+0,1.000000E+0
13.065997E+3,171.553908E+0,169.550000E+0,1.425624E+0,100.000000E+0,3.773472E+0,6.783956E+0,6.096202E+0,-68.494420E+0,4.500000E+0,200.000000E+0,50.000000E+0,40.000000E+0,3.000000E+0,1.000000E+0
13.110889E+3,172.676173E+0,170.710000E+0,1.423439E+0,100.000000E+0,3.753856E+0,6.667358E+0,5.887802E+0,-66.631060E+0,4.500000E+0,200.000000E+0,50.000000E+0,40.000000E+0,3.000000E+0,1.000000E+0
13.155783E+3,173.798462E+0,171.790000E+0,1.439000E+0,100.000000E+0,3.737792E+0,6.487662E+0,5.712552E+0,-64.975620E+0,4.500000E+0,200.000000E+0,50.000000E+0,40.000000E+0,3.000000E+0,1.000000E+0
13.200667E+3,174.920826E+0,172.930000E+0,1.474600E+0,100.000000E+0,3.723186E+0,6.318856E+0,5.542290E+0,-63.308600E+0,4.500000E+0,200.000000E+0,50.000000E+0,40.000000E+0,3.000000E+0,1.000000E+0
13.245554E+3,176.042915E+0,174.080000E+0,1.490203E+0,100.000000E+0,3.707686E+0,6.338992E+0,5.416308E+0,-62.013700E+0,4.500000E+0,200.000000E+0,50.000000E+0,40.000000E+0,3.000000E+0,1.000000E+0
13.290446E+3,177.165079E+0,175.160000E+0,1.496957E+0,100.000000E+0,3.687072E+0,6.324446E+0,5.274070E+0,-60.437620E+0,4.500000E+0,200.000000E+0,50.000000E+0,40.000000E+0,3.000000E+0,1.000000E+0
13.335327E+3,178.287393E+0,176.290000E+0,1.503708E+0,100.000000E+0,3.682640E+0,6.073692E+0,5.169346E+0,-59.234480E+0,4.500000E+0,200.000000E+0,50.000000E+0,40.000000E+0,3.000000E+0,1.000000E+0
13.380216E+3,179.409408E+0,177.380000E+0,1.501519E+0,100.000000E+0,3.662038E+0,6.046918E+0,5.060478E+0,-57.947100E+0,4.500000E+0,200.000000E+0,50.000000E+0,40.000000E+0,3.000000E+0,1.000000E+0
13.425101E+3,180.531647E+0,178.490000E+0,1.499319E+0,100.000000E+0,3.653406E+0,6.046934E+0,4.988426E+0,-57.048780E+0,4.500000E+0,200.000000E+0,50.000000E+0,40.000000E+0,3.000000E+0,1.000000E+0
13.469997E+3,181.653761E+0,179.550000E+0,1.483723E+0,100.000000E+0,3.639426E+0,5.964764E+0,4.893946E+0,-55.878700E+0,4.500000E+0,200.000000E+0,50.000000E+0,40.000000E+0,3.000000E+0,1.000000E+0
13.514879E+3,182.776175E+0,180.580000E+0,1.477068E+0,100.000000E+0,3.629750E+0,5.903962E+0,4.836014E+0,-55.109000E+0,4.500000E+0,200.000000E+0,50.000000E+0,40.000000E+0,3.000000E+0,1.000000E+0
13.559775E+3,183.898214E+0,181.570000E+0,1.468113E+0,100.000000E+0,3.620158E+0,5.829236E+0,4.763948E+0,-54.199060E+0,4.500000E+0,200.000000E+0,50.000000E+0,40.000000E+0,3.000000E+0,1.000000E+0
13.604672E+3,185.020604E+0,182.570000E+0,1.439109E+0,100.000000E+0,3.606246E+0,5.858812E+0,4.690654E+0,-53.155160E+0,4.500000E+0,200.000000E+0,50.000000E+0,40.000000E+0,3.000000E+0,1.000000E+0
13.649561E+3,186.143043E+0,183.520000E+0,1.398993E+0,100.000000E+0,3.595580E+0,5.792514E+0,4.636962E+0,-52.391680E+0,4.500000E+0,200.000000E+0,50.000000E+0,40.000000E+0,3.000000E+0,1.000000E+0
13.694438E+3,187.265257E+0,184.430000E+0,1.358836E+0,100.000000E+0,3.587016E+0,5.755410E+0,4.592092E+0,-51.750740E+0,4.500000E+0,200.000000E+0,50.000000E+0,40.000000E+0,3.000000E+0,1.000000E+0
13.739356E+3,188.387196E+0,185.340000E+0,1.327610E+0,100.000000E+0,3.576830E+0,5.675188E+0,4.545056E+0,-51.056360E+0,4.500000E+0,200.000000E+0,50.000000E+0,40.000000E+0,3.000000E+0,1.000000E+0
13.784230E+3,189.510135E+0,186.210000E+0,1.292017E+0,100.000000E+0,3.566736E+0,5.696738E+0,4.490810E+0,-50.252820E+0,4.500000E+0,200.000000E+0,50.000000E+0,40.000000E+0,3.000000E+0,1.000000E+0
13.829124E+3,190.632000E+0,187.030000E+0,1.254143E+0,100.000000E+0,3.561970E+0,5.488802E+0,4.449654E+0,-49.624300E+0,4.500000E+0,200.000000E+0,50.000000E+0,40.000000E+0,3.000000E+0,1.000000E+0
13.874018E+3,191.754339E+0,187.870000E+0,1.216249E+0,100.000000E+0,3.547214E+0,5.726608E+0,4.413070E+0,-49.097080E+0,4.500000E+0,200.000000E+0,50.000000E+0,40.000000E+0,3.000000E+0,1.000000E+0
13.918938E+3,192.876678E+0,188.650000E+0,1.178364E+0,100.000000E+0,3.537688E+0,5.562840E+0,4.380138E+0,-48.570400E+0,4.500000E+0,200.000000E+0,50.000000E+0,40.000000E+0,3.000000E+0,1.000000E+0
13.963807E+3,193.999692E+0,189.370000E+0,1.142760E+0,100.000000E+0,3.530838E+0,5.434290E+0,4.354434E+0,-48.152780E+0,4.500000E+0,200.000000E+0,50.000000E+0,40.000000E+0,3.000000E+0,1.000000E+0
14.008689E+3,195.121406E+0,190.060000E+0,1.107034E+0,100.000000E+0,3.529180E+0,5.587710E+0,4.324322E+0,-47.690200E+0,4.500000E+0,200.000000E+0,50.000000E+0,40.000000E+0,3.000000E+0,1.000000E+0
14.053551E+3,196.243470E+0,190.740000E+0,1.064625E+0,100.000000E+0,3.519634E+0,5.482902E+0,4.299764E+0,-47.258720E+0,4.500000E+0,200.000000E+0,50.000000E+0,40.000000E+0,3.000000E+0,1.000000E+0
14.098440E+3,197.365010E+0,191.360000E+0,1.009063E+0,100.000000E+0,3.520656E+0,5.374562E+0,4.273870E+0,-46.852740E+0,4.500000E+0,200.000000E+0,50.000000E+0,40.000000E+0,3.000000E+0,1.000000E+0
14.143325E+3,198.487249E+0,192.000000E+0,953.630747E-3,100.000000E+0,3.503622E+0,5.517352E+0,4.250476E+0,-46.516700E+0,4.500000E+0,200.000000E+0,50.000000E+0,40.000000E+0,3.000000E+0,1.000000E+0
14.188249E+3,199.609363E+0,192.640000E+0,909.204533E-3,100.000000E+0,3.503894E+0,5.568154E+0,4.220726E+0,-46.001540E+0,4.500000E+0,200.000000E+0,50.000000E+0,40.000000E+0,3.000000E+0,1.000000E+0
14.233112E+3,200.732452E+0,193.230000E+0,875.706830E-3,100.000000E+0,3.501178E+0,5.343832E+0,4.184840E+0,-45.410600E+0,4.500000E+0,200.000000E+0,50.000000E+0,40.000000E+0,3.000000E+0,1.000000E+0
14.277990E+3,201.854041E+0,193.870000E+0,855.446515E-3,100.000000E+0,3.490614E+0,5.217938E+0,4.159508E+0,-44.971340E+0,4.500000E+0,200.000000E+0,50.000000E+0,40.000000E+0,3.000000E+0,1.000000E+0
14.322908E+3,202.975981E+0,194.520000E+0,839.737927E-3,100.000000E+0,3.479742E+0,5.332522E+0,4.123888E+0,-44.410060E+0,4.500000E+0,200.000000E+0,50.000000E+0,40.000000E+0,3.000000E+0,1.000000E+0
14.367776E+3,204.098945E+0,195.170000E+0,833.155259E-3,100.000000E+0,3.462404E+0,5.250086E+0,4.088424E+0,-43.778820E+0,4.500000E+0,200.000000E+0,50.000000E+0,40.000000E+0,3.000000E+0,1.000000E+0
14.412640E+3,205.220634E+0,195.820000E+0,835.420619E-3,100.000000E+0,3.457626E+0,5.261316E+0,4.050970E+0,-43.132220E+0,4.500000E+0,200.000000E+0,50.000000E+0,40.000000E+0,3.000000E+0,1.000000E+0
14.457527E+3,206.342248E+0,196.540000E+0,851.016277E-3,100.000000E+0,3.443526E+0,5.212084E+0,4.006998E+0,-42.346820E+0,4.500000E+0,200.000000E+0,50.000000E+0,40.000000E+0,3.000000E+0,1.000000E+0
14.502420E+3,207.464412E+0,197.330000E+0,866.645764E-3,100.000000E+0,3.427158E+0,5.257554E+0,3.951152E+0,-41.372100E+0,4.500000E+0,200.000000E+0,50.000000E+0,40.000000E+0,3.000000E+0,1.000000E+0
14.547307E+3,208.586751E+0,198.240000E+0,884.616903E-3,100.000000E+0,3.406710E+0,4.996560E+0,3.889010E+0,-40.236060E+0,4.500000E+0,200.000000E+0,50.000000E+0,40.000000E+0,3.000000E+0,1.000000E+0
14.592196E+3,209.708916E+0,199.220000E+0,931.417209E-3,100.000000E+0,3.377140E+0,5.011012E+0,3.819226E+0,-39.018420E+0,4.500000E+0,200.000000E+0,50.000000E+0,40.000000E+0,3.000000E+0,1.000000E+0
14.637123E+3,210.831130E+0,200.330000E+0,1.020369E+0,100.000000E+0,3.350090E+0,4.954978E+0,3.742704E+0,-37.645640E+0,4.500000E+0,200.000000E+0,50.000000E+0,40.000000E+0,3.000000E+0,1.000000E+0
14.681990E+3,211.954319E+0,201.590000E+0,1.136132E+0,100.000000E+0,3.307418E+0,4.832470E+0,3.656498E+0,-36.090760E+0,4.500000E+0,200.000000E+0,50.000000E+0,40.000000E+0,3.000000E+0,1.000000E+0
14.726868E+3,213.075983E+0,203.110000E+0,1.265150E+0,100.000000E+0,3.261156E+0,4.826708E+0,3.565008E+0,-34.477620E+0,4.500000E+0,200.000000E+0,50.000000E+0,40.000000E+0,3.000000E+0,1.000000E+0
14.771773E+3,214.197947E+0,204.720000E+0,1.414321E+0,100.000000E+0,3.219658E+0,4.637242E+0,3.469132E+0,-32.821520E+0,4.500000E+0,200.000000E+0,50.000000E+0,40.000000E+0,3.000000E+0,1.000000E+0
14.816664E+3,215.320562E+0,206.600000E+0,1.612802E+0,100.000000E+0,3.160582E+0,4.653134E+0,3.374968E+0,-31.306080E+0,4.500000E+0,200.000000E+0,50.000000E+0,40.000000E+0,3.000000E+0,1.000000E+0
14.861562E+3,216.442851E+0,208.730000E+0,1.844642E+0,100.000000E+0,3.096094E+0,4.386230E+0,3.269706E+0,-29.138520E+0,4.500000E+0,200.000000E+0,50.000000E+0,40.000000E+0,3.000000E+0,1.000000E+0
14.906441E+3,217.565290E+0,211.090000E+0,2.094084E+0,100.000000E+0,3.032476E+0,4.225906E+0,3.175222E+0,-27.543820E+0,4.500000E+0,200.000000E+0,50.000000E+0,40.000000E+0,3.000000E+0,1.000000E+0
14.951327E+3,218.687254E+0,213.480000E+0,2.367756E+0,100.000000E+0,2.966946E+0,4.308360E+0,3.085348E+0,-26.248420E+0,4.500000E+0,200.000000E+0,50.000000E+0,40.000000E+0,3.000000E+0,1.000000E+0
14.996224E+3,219.809418E+0,216.350000E+0,2.670786E+0,72.000000E+0,2.908136E+0,4.258700E+0,2.999188E+0,-25.204000E+0,4.500000E+0,200.000000E+0,50.000000E+0,40.000000E+0,3.000000E+0,1.000000E+0
15.041109E+3,220.931833E+0,219.290000E+0,2.951787E+0,50.000000E+0,2.831856E+0,4.128564E+0,2.919108E+0,-24.357100E+0,2.650000E+0,200.000000E+0,50.000000E+0,40.000000E+0,3.000000E+0,1.000000E+0
15.086002E+3,222.053972E+0,221.400000E+0,3.230295E+0,51.000000E+0,2.766918E+0,4.031586E+0,2.849216E+0,-23.700260E+0,2.650000E+0,200.000000E+0,50.000000E+0,40.000000E+0,3.000000E+0,1.000000E+0
15.130884E+3,223.176286E+0,222.300000E+0,3.524274E+0,58.000000E+0,2.716564E+0,4.192946E+0,2.788576E+0,-23.175680E+0,2.650000E+0,200.000000E+0,50.000000E+0,40.000000E+0,3.000000E+0,1.000000E+0
15.175779E+3,224.298350E+0,223.030000E+0,3.590952E+0,53.000000E+0,2.668340E+0,4.197900E+0,2.736096E+0,-22.720420E+0,2.650000E+0,200.000000E+0,50.000000E+0,40.000000E+0,3.000000E+0,1.000000E+0
15.220644E+3,225.420714E+0,224.230000E+0,3.089804E+0,45.000000E+0,2.614800E+0,4.066674E+0,2.678962E+0,-22.135480E+0,2.650000E+0,200.000000E+0,50.000000E+0,40.000000E+0,3.000000E+0,1.000000E+0
15.265546E+3,226.542328E+0,225.660000E+0,2.158681E+0,42.000000E+0,2.573782E+0,4.090224E+0,2.635596E+0,-21.600000E+0,2.650000E+0,200.000000E+0,50.000000E+0,40.000000E+0,3.000000E+0,1.000000E+0
15.310429E+3,227.664893E+0,226.790000E+0,1.463726E+0,41.000000E+0,2.538934E+0,4.236110E+0,2.599912E+0,-21.430060E+0,2.650000E+0,200.000000E+0,50.000000E+0,40.000000E+0,3.000000E+0,1.000000E+0
15.355332E+3,228.786957E+0,227.790000E+0,1.379122E+0,41.000000E+0,2.509468E+0,4.005524E+0,2.566716E+0,-21.204420E+0,2.650000E+0,200.000000E+0,50.000000E+0,40.000000E+0,3.000000E+0,1.000000E+0
15.400196E+3,229.909546E+0,228.870000E+0,1.586251E+0,38.000000E+0,2.478388E+0,4.155668E+0,2.534824E+0,-20.983980E+0,2.650000E+0,200.000000E+0,50.000000E+0,40.000000E+0,3.000000E+0,1.000000E+0
15.445115E+3,231.031135E+0,229.970000E+0,1.630672E+0,37.000000E+0,2.450294E+0,4.062208E+0,2.504524E+0,-20.921920E+0,2.650000E+0,200.000000E+0,50.000000E+0,40.000000E+0,3.000000E+0,1.000000E+0
15.489965E+3,232.154124E+0,231.140000E+0,1.508132E+0,35.000000E+0,2.421716E+0,4.139762E+0,2.475108E+0,-20.783380E+0,2.650000E+0,200.000000E+0,50.000000E+0,40.000000E+0,3.000000E+0,1.000000E+0
15.534854E+3,233.275364E+0,232.240000E+0,1.423497E+0,33.000000E+0,2.391630E+0,3.983676E+0,2.447688E+0,-20.447700E+0,2.650000E+0,200.000000E+0,50.000000E+0,40.000000E+0,3.000000E+0,1.000000E+0
15.579744E+3,234.397578E+0,233.440000E+0,1.454778E+0,33.000000E+0,2.373128E+0,4.115948E+0,2.423826E+0,-20.331140E+0,2.650000E+0,200.000000E+0,50.000000E+0,40.000000E+0,3.000000E+0,1.000000E+0
15.624620E+3,235.519842E+0,234.470000E+0,1.497273E+0,32.000000E+0,2.351440E+0,4.103008E+0,2.401424E+0,-20.287160E+0,2.650000E+0,200.000000E+0,50.000000E+0,40.000000E+0,3.000000E+0,1.000000E+0
15.669516E+3,236.641731E+0,235.600000E+0,1.524027E+0,28.000000E+0,2.329724E+0,4.124308E+0,2.379266E+0,-20.139640E+0,2.650000E+0,200.000000E+0,50.000000E+0,40.000000E+0,3.000000E+0,1.000000E+0
15.714395E+3,237.764145E+0,236.820000E+0,1.515132E+0,29.000000E+0,2.309910E+0,4.112504E+0,2.357510E+0,-20.066640E+0,2.650000E+0,200.000000E+0,50.000000E+0,40.000000E+0,3.000000E+0,1.000000E+0
15.759299E+3,238.886110E+0,237.800000E+0,1.490433E+0,27.000000E+0,2.289230E+0,4.182368E+0,2.338856E+0,-20.036820E+0,2.650000E+0,200.000000E+0,50.000000E+0,40.000000E+0,3.000000E+0,1.000000E+0
15.804166E+3,240.008724E+0,238.950000E+0,1.501595E+0,26.000000E+0,2.270034E+0,4.211688E+0,2.320406E+0,-20.057240E+0,2.650000E+0,200.000000E+0,50.000000E+0,40.000000E+0,3.000000E+0,1.000000E+0
15.849048E+3,241.130388E+0,240.110000E+0,1.494818E+0,24.000000E+0,2.252702E+0,4.199638E+0,2.302996E+0,-20.102840E+0,2.650000E+0,200.000000E+0,50.000000E+0,40.000000E+0,3.000000E+0,1.000000E+0
15.893944E+3,242.252427E+0,241.200000E+0,1.488140E+0,25.000000E+0,2.236804E+0,4.242866E+0,2.285948E+0,-20.023140E+0,2.650000E+0,200.000000E+0,50.000000E+0,40.000000E+0,3.000000E+0,1.000000E+0
15.938825E+3,243.374841E+0,242.290000E+0,1.479384E+0,24.000000E+0,2.220942E+0,4.257320E+0,2.269868E+0,-19.911840E+0,2.650000E+0,200.000000E+0,50.000000E+0,40.000000E+0,3.000000E+0,1.000000E+0
15.983720E+3,244.496855E+0,243.400000E+0,1.490550E+0,23.000000E+0,2.208016E+0,4.223736E+0,2.255726E+0,-19.838320E+0,2.650000E+0,200.000000E+0,50.000000E+0,40.000000E+0,3.000000E+0,1.000000E+0
16.028604E+3,245.619245E+0,244.500000E+0,1.501657E+0,24.000000E+0,2.193068E+0,4.219514E+0,2.240762E+0,-19.626780E+0,2.650000E+0,200.000000E+0,50.000000E+0,40.000000E+0,3.000000E+0,1.000000E+0
16.073481E+3,246.741334E+0,245.530000E+0,1.476991E+0,22.000000E+0,2.178306E+0,4.179418E+0,2.226640E+0,-19.596720E+0,2.650000E+0,200.000000E+0,50.000000E+0,40.000000E+0,3.000000E+0,1.000000E+0
16.118378E+3,247.863273E+0,246.730000E+0,1.468074E+0,21.000000E+0,2.166170E+0,4.227944E+0,2.212856E+0,-19.542320E+0,2.650000E+0,200.000000E+0,50.000000E+0,40.000000E+0,3.000000E+0,1.000000E+0
16.163266E+3,248.985687E+0,247.960000E+0,1.457020E+0,20.000000E+0,2.155256E+0,4.249132E+0,2.198620E+0,-19.463420E+0,2.650000E+0,200.000000E+0,50.000000E+0,40.000000E+0,3.000000E+0,1.000000E+0
16.208151E+3,250.107901E+0,249.000000E+0,1.463715E+0,20.000000E+0,2.139988E+0,4.253922E+0,2.185528E+0,-19.385940E+0,2.650000E+0,200.000000E+0,50.000000E+0,40.000000E+0,3.000000E+0,1.000000E+0
16.253032E+3,251.230016E+0,250.150000E+0,1.512688E+0,19.000000E+0,2.127288E+0,4.209810E+0,2.173152E+0,-19.337240E+0,2.650000E+0,200.000000E+0,50.000000E+0,40.000000E+0,3.000000E+0,1.000000E+0
16.297907E+3,252.352030E+0,251.220000E+0,1.543814E+0,21.000000E+0,2.117146E+0,4.206832E+0,2.161234E+0,-19.277600E+0,2.650000E+0,200.000000E+0,50.000000E+0,40.000000E+0,3.000000E+0,1.000000E+0
16.342795E+3,253.473919E+0,252.280000E+0,1.534951E+0,19.000000E+0,2.104672E+0,4.212420E+0,2.150036E+0,-19.223240E+0,2.650000E+0,200.000000E+0,50.000000E+0,40.000000E+0,3.000000E+0,1.000000E+0
16.387677E+3,254.596108E+0,253.460000E+0,1.488333E+0,21.000000E+0,2.092670E+0,4.183522E+0,2.139208E+0,-19.168400E+0,2.650000E+0,200.000000E+0,50.000000E+0,40.000000E+0,3.000000E+0,1.000000E+0
16.432554E+3,255.718172E+0,254.450000E+0,1.457196E+0,20.000000E+0,2.082644E+0,4.136948E+0,2.128890E+0,-19.105040E+0,2.650000E+0,200.000000E+0,50.000000E+0,40.000000E+0,3.000000E+0,1.000000E+0
16.477464E+3,256.840086E+0,255.640000E+0,1.468308E+0,19.000000E+0,2.073104E+0,4.186944E+0,2.118910E+0,-19.060060E+0,2.650000E+0,200.000000E+0,50.000000E+0,40.000000E+0,3.000000E+0,1.000000E+0
16.522333E+3,257.962851E+0,256.740000E+0,1.457151E+0,19.000000E+0,2.064002E+0,4.143208E+0,2.109416E+0,-19.027960E+0,2.650000E+0,200.000000E+0,50.000000E+0,40.000000E+0,3.000000E+0,1.000000E+0
16.567267E+3,259.084565E+0,257.850000E+0,1.468162E+0,19.000000E+0,2.054594E+0,4.180486E+0,2.099148E+0,-18.998400E+0,2.650000E+0,200.000000E+0,50.000000E+0,40.000000E+0,3.000000E+0,1.000000E+0
16.612123E+3,260.207904E+0,258.960000E+0,1.479250E+0,19.000000E+0,2.046008E+0,4.166104E+0,2.089222E+0,-19.003420E+0,2.650000E+0,200.000000E+0,50.000000E+0,40.000000E+0,3.000000E+0,1.000000E+0
16.657006E+3,261.329318E+0,260.090000E+0,1.487927E+0,20.000000E+0,2.035022E+0,4.205516E+0,2.079962E+0,-19.073920E+0,2.650000E+0,200.000000E+0,50.000000E+0,40.000000E+0,3.000000E+0,1.000000E+0
16.701887E+3,262.451382E+0,261.310000E+0,1.496820E+0,18.000000E+0,2.025810E+0,4.224010E+0,2.070568E+0,-19.045540E+0,2.650000E+0,200.000000E+0,50.000000E+0,40.000000E+0,3.000000E+0,1.000000E+0
16.746772E+3,263.573422E+0,262.450000E+0,1.485904E+0,19.000000E+0,2.017522E+0,4.235294E+0,2.061270E+0,-19.019080E+0,2.650000E+0,200.000000E+0,50.000000E+0,40.000000E+0,3.000000E+0,1.000000E+0
16.791670E+3,264.695536E+0,263.580000E+0,1.517306E+0,18.000000E+0,2.007346E+0,4.248808E+0,2.052038E+0,-18.989000E+0,2.650000E+0,200.000000E+0,50.000000E+0,40.000000E+0,3.000000E+0,1.000000E+0
16.836548E+3,265.818000E+0,264.640000E+0,1.548630E+0,20.000000E+0,2.000960E+0,4.185078E+0,2.043580E+0,-18.961640E+0,2.650000E+0,200.000000E+0,50.000000E+0,40.000000E+0,3.000000E+0,1.000000E+0
16.881432E+3,266.939939E+0,265.620000E+0,1.555068E+0,21.000000E+0,1.991456E+0,4.183116E+0,2.035188E+0,-18.939020E+0,2.650000E+0,200.000000E+0,50.000000E+0,40.000000E+0,3.000000E+0,1.000000E+0
16.926313E+3,268.062028E+0,266.580000E+0,1.519354E+0,21.000000E+0,1.983458E+0,4.207408E+0,2.026752E+0,-18.935020E+0,2.650000E+0,200.000000E+0,50.000000E+0,40.000000E+0,3.000000E+0,1.000000E+0
16.971198E+3,269.184067E+0,267.850000E+0,1.448083E+0,21.000000E+0,1.974372E+0,4.288904E+0,2.018412E+0,-18.904100E+0,2.650000E+0,200.000000E+0,50.000000E+0,40.000000E+0,3.000000E+0,1.000000E+0
17.016082E+3,270.306182E+0,268.950000E+0,1.374659E+0,21.000000E+0,1.967022E+0,4.178444E+0,2.010274E+0,-18.885980E+0,2.650000E+0,200.000000E+0,50.000000E+0,40.000000E+0,3.000000E+0,1.000000E+0
17.060976E+3,271.428296E+0,270.130000E+0,1.383625E+0,23.000000E+0,1.957096E+0,4.279776E+0,2.002218E+0,-18.866180E+0,2.650000E+0,200.000000E+0,50.000000E+0,40.000000E+0,3.000000E+0,1.000000E+0
17.105863E+3,272.550635E+0,271.130000E+0,1.457107E+0,24.000000E+0,1.952106E+0,4.306840E+0,1.994110E+0,-18.842020E+0,2.650000E+0,200.000000E+0,50.000000E+0,40.000000E+0,3.000000E+0,1.000000E+0
17.150744E+3,273.672824E+0,272.220000E+0,1.532787E+0,25.000000E+0,1.941016E+0,4.167070E+0,1.985876E+0,-18.831700E+0,2.650000E+0,200.000000E+0,50.000000E+0,40.000000E+0,3.000000E+0,1.000000E+0
17.195623E+3,274.794838E+0,273.340000E+0,1.521565E+0,24.000000E+0,1.932002E+0,4.099028E+0,1.976954E+0,-18.807980E+0,2.650000E+0,200.000000E+0,50.000000E+0,40.000000E+0,3.000000E+0,1.000000E+0
17.240512E+3,275.916803E+0,274.660000E+0,1.459188E+0,26.000000E+0,1.927216E+0,4.203182E+0,1.968936E+0,-18.795880E+0,2.650000E+0,200.000000E+0,50.000000E+0,40.000000E+0,3.000000E+0,1.000000E+0
17.285409E+3,277.039042E+0,275.690000E+0,1.443698E+0,25.000000E+0,1.919144E+0,4.305528E+0,1.961200E+0,-18.775340E+0,2.650000E+0,200.000000E+0,50.000000E+0,40.000000E+0,3.000000E+0,1.000000E+0
17.330282E+3,278.161456E+0,276.820000E+0,1.501696E+0,25.000000E+0,1.909824E+0,4.440964E+0,1.953452E+0,-18.746980E+0,2.650000E+0,200.000000E+0,50.000000E+0,40.000000E+0,3.000000E+0,1.000000E+0
17.375201E+3,279.283295E+0,278.060000E+0,1.559518E+0,25.000000E+0,1.903622E+0,4.289316E+0,1.946470E+0,-18.750700E+0,2.650000E+0,200.000000E+0,50.000000E+0,40.000000E+0,3.000000E+0,1.000000E+0
17.420139E+3,280.406259E+0,279.010000E+0,1.548318E+0,27.000000E+0,1.899348E+0,4.171916E+0,1.939376E+0,-18.735540E+0,2.650000E+0,200.000000E+0,50.000000E+0,40.000000E+0,3.000000E+0,1.000000E+0
17.465033E+3,281.529724E+0,280.160000E+0,1.532581E+0,28.000000E+0,1.888988E+0,4.101704E+0,1.932716E+0,-18.727240E+0,2.650000E+0,200.000000E+0,50.000000E+0,40.000000E+0,3.000000E+0,1.000000E+0
17.509915E+3,282.652063E+0,281.310000E+0,1.496555E+0,28.000000E+0,1.882120E+0,4.130438E+0,1.925974E+0,-18.703940E+0,2.650000E+0,200.000000E+0,50.000000E+0,40.000000E+0,3.000000E+0,1.000000E+0
17.554838E+3,283.774102E+0,282.490000E+0,1.482865E+0,28.000000E+0,1.874960E+0,4.274576E+0,1.919720E+0,-18.697080E+0,2.650000E+0,200.000000E+0,50.000000E+0,40.000000E+0,3.000000E+0,1.000000E+0
17.599692E+3,284.897191E+0,283.560000E+0,1.467370E+0,31.000000E+0,1.868728E+0,4.353622E+0,1.913046E+0,-18.678480E+0,2.650000E+0,200.000000E+0,50.000000E+0,40.000000E+0,3.000000E+0,1.000000E+0
17.644582E+3,286.018530E+0,284.640000E+0,1.498831E+0,31.000000E+0,1.865540E+0,4.138722E+0,1.907006E+0,-18.660060E+0,2.650000E+0,200.000000E+0,50.000000E+0,40.000000E+0,3.000000E+0,1.000000E+0
17.689475E+3,287.140795E+0,285.710000E+0,1.532534E+0,31.000000E+0,1.859872E+0,4.241820E+0,1.900252E+0,-18.647320E+0,2.650000E+0,200.000000E+0,50.000000E+0,40.000000E+0,3.000000E+0,1.000000E+0
17.734367E+3,288.263109E+0,286.910000E+0,1.499282E+0,32.000000E+0,1.852944E+0,4.309856E+0,1.893276E+0,-18.634840E+0,2.650000E+0,200.000000E+0,50.000000E+0,40.000000E+0,3.000000E+0,1.000000E+0
17.779258E+3,289.385423E+0,288.010000E+0,1.459313E+0,33.000000E+0,1.841204E+0,4.364900E+0,1.887082E+0,-18.619680E+0,2.650000E+0,200.000000E+0,50.000000E+0,40.000000E+0,3.000000E+0,1.000000E+0
17.824149E+3,290.000000E+0,289.130000E+0,1.463723E+0,35.000000E+0,1.837652E+0,4.320772E+0,1.880492E+0,-18.609220E+0,2.650000E+0,200.000000E+0,50.000000E+0,40.000000E+0,3.000000E+0,1.000000E+0
17.869031E+3,290.000000E+0,290.240000E+0,1.496929E+0,30.000000E+0,1.834876E+0,4.521476E+0,1.873954E+0,-18.617220E+0,2.650000E+0,200.000000E+0,50.000000E+0,40.000000E+0,3.000000E+0,1.000000E+0
17.913912E+3,290.000000E+0,291.240000E+0,1.512528E+0,21.000000E+0,1.824286E+0,4.277180E+0,1.868342E+0,-18.615000E+0,2.650000E+0,200.000000E+0,50.000000E+0,40.000000E+0,3.000000E+0,1.000000E+0
17.958798E+3,290.000000E+0,291.910000E+0,1.503684E+0,15.000000E+0,1.817040E+0,4.386892E+0,1.863768E+0,-18.614280E+0,2.650000E+0,200.000000E+0,50.000000E+0,40.000000E+0,3.000000E+0,1.000000E+0
18.003684E+3,290.000000E+0,292.250000E+0,1.461470E+0,13.000000E+0,1.816512E+0,4.544736E+0,1.861170E+0,-18.617440E+0,2.650000E+0,200.000000E+0,50.000000E+0,40.000000E+0,3.000000E+0,1.000000E+0
18.048574E+3,290.000000E+0,292.140000E+0,1.339013E+0,11.000000E+0,1.813356E+0,4.538608E+0,1.859986E+0,-18.608040E+0,2.650000E+0,200.000000E+0,50.000000E+0,40.000000E+0,3.000000E+0,1.000000E+0
18.093491E+3,290.000000E+0,291.910000E+0,1.067219E+0,11.000000E+0,1.814272E+0,4.551022E+0,1.859424E+0,-18.613120E+0,2.650000E+0,200.000000E+0,50.000000E+0,40.000000E+0,3.000000E+0,1.000000E+0
18.138362E+3,290.000000E+0,291.690000E+0,648.326519E-3,11.000000E+0,1.810658E+0,4.285978E+0,1.859358E+0,-18.630640E+0,2.650000E+0,200.000000E+0,50.000000E+0,40.000000E+0,3.000000E+0,1.000000E+0
18.183240E+3,290.000000E+0,291.350000E+0,200.534891E-3,11.000000E+0,1.812996E+0,4.501984E+0,1.859504E+0,-18.626980E+0,2.650000E+0,200.000000E+0,50.000000E+0,40.000000E+0,3.000000E+0,1.000000E+0
18.228131E+3,290.000000E+0,291.240000E+0,-124.715212E-3,11.000000E+0,1.820636E+0,4.381572E+0,1.859796E+0,-18.642680E+0,2.650000E+0,200.000000E+0,50.000000E+0,40.000000E+0,3.000000E+0,1.000000E+0
18.273524E+3,290.000000E+0,291.020000E+0,-300.746065E-3,12.000000E+0,1.812240E+0,4.549400E+0,1.859592E+0,-18.647100E+0,2.650000E+0,200.000000E+0,50.000000E+0,40.000000E+0,3.000000E+0,1.000000E+0
18.318462E+3,290.000000E+0,290.910000E+0,-325.286546E-3,12.000000E+0,1.813162E+0,4.551084E+0,1.859490E+0,-18.654100E+0,2.650000E+0,200.000000E+0,50.000000E+0,40.000000E+0,3.000000E+0,1.000000E+0
