Tiempo (s),Setpoint (K),Temperatura (K),dT/dt (K/min),Potencia_LS (%),Z_40Hz (Ohm),Fase_40Hz,Z_50kHz (Ohm),Fase_50kHz,V_Arduino (V),Vac (mV),Vdc (mV),P,I,D
20.411167E+0,292.095520E+0,292.470000E+0,-298.153106E-3,0.000000E+0,1.778952E+0,4.948372E+0,1.831256E+0,-20.156100E+0,2.650000E+0,200.000000E+0,75.000000E+0,40.000000E+0,3.000000E+0,1.000000E+0
65.833765E+0,292.095520E+0,292.470000E+0,-246.425298E-3,0.000000E+0,1.778606E+0,5.021362E+0,1.830626E+0,-20.025420E+0,1.420000E+0,200.000000E+0,75.000000E+0,40.000000E+0,3.000000E+0,1.000000E+0
110.677330E+0,291.716999E+0,292.470000E+0,-149.592601E-3,0.000000E+0,1.778642E+0,4.613790E+0,1.830232E+0,-19.960440E+0,700.000000E-3,200.000000E+0,75.000000E+0,40.000000E+0,3.000000E+0,1.000000E+0
155.567898E+0,291.343302E+0,292.470000E+0,-80.175760E-3,0.000000E+0,1.781174E+0,4.643490E+0,1.829924E+0,-19.907100E+0,700.000000E-3,200.000000E+0,75.000000E+0,40.000000E+0,3.000000E+0,1.000000E+0
200.466466E+0,290.969214E+0,292.470000E+0,-7.111277E-3,0.000000E+0,1.782568E+0,4.705882E+0,1.830478E+0,-19.862280E+0,700.000000E-3,200.000000E+0,75.000000E+0,40.000000E+0,3.000000E+0,1.000000E+0
245.370034E+0,290.595059E+0,292.470000E+0,-3.685680E-3,0.000000E+0,1.785294E+0,4.801632E+0,1.831742E+0,-19.780960E+0,700.000000E-3,200.000000E+0,75.000000E+0,40.000000E+0,3.000000E+0,1.000000E+0
290.237600E+0,290.220863E+0,292.470000E+0,0.000000E+0,0.000000E+0,1.782374E+0,4.826530E+0,1.834844E+0,-19.739020E+0,700.000000E-3,200.000000E+0,75.000000E+0,40.000000E+0,3.000000E+0,1.000000E+0
335.131168E+0,290.000000E+0,292.360000E+0,0.000000E+0,0.000000E+0,1.792846E+0,4.789798E+0,1.839788E+0,-19.659220E+0,700.000000E-3,200.000000E+0,75.000000E+0,40.000000E+0,3.000000E+0,1.000000E+0
380.004735E+0,290.000000E+0,292.250000E+0,0.000000E+0,0.000000E+0,1.799870E+0,4.609526E+0,1.846624E+0,-19.637140E+0,700.000000E-3,200.000000E+0,75.000000E+0,40.000000E+0,3.000000E+0,1.000000E+0
424.892302E+0,290.000000E+0,292.020000E+0,-24.509494E-3,0.000000E+0,1.805374E+0,4.556888E+0,1.856702E+0,-19.393680E+0,700.000000E-3,200.000000E+0,75.000000E+0,40.000000E+0,3.000000E+0,1.000000E+0
469.779870E+0,290.000000E+0,291.690000E+0,-73.525206E-3,0.000000E+0,1.816622E+0,4.459920E+0,1.869504E+0,-19.108200E+0,700.000000E-3,200.000000E+0,75.000000E+0,40.000000E+0,3.000000E+0,1.000000E+0
514.673438E+0,290.000000E+0,291.240000E+0,-149.281825E-3,0.000000E+0,1.835848E+0,4.659996E+0,1.887552E+0,-18.822200E+0,2.650000E+0,200.000000E+0,75.000000E+0,40.000000E+0,3.000000E+0,1.000000E+0
559.566005E+0,290.000000E+0,290.570000E+0,-249.528479E-3,1.000000E+0,1.855592E+0,4.301796E+0,1.908878E+0,-18.655860E+0,2.650000E+0,200.000000E+0,75.000000E+0,40.000000E+0,3.000000E+0,1.000000E+0
604.976603E+0,290.000000E+0,289.790000E+0,-374.268645E-3,7.000000E+0,1.881454E+0,4.124256E+0,1.933888E+0,-18.521240E+0,2.650000E+0,200.000000E+0,75.000000E+0,40.000000E+0,3.000000E+0,1.000000E+0
649.807167E+0,290.000000E+0,288.890000E+0,-547.993751E-3,19.000000E+0,1.904360E+0,4.031448E+0,1.957474E+0,-18.367100E+0,2.650000E+0,200.000000E+0,75.000000E+0,40.000000E+0,3.000000E+0,1.000000E+0
694.712735E+0,290.000000E+0,288.010000E+0,-744.378063E-3,34.000000E+0,1.923276E+0,4.287136E+0,1.978484E+0,-18.158840E+0,2.650000E+0,200.000000E+0,75.000000E+0,40.000000E+0,3.000000E+0,1.000000E+0
739.590302E+0,290.000000E+0,287.460000E+0,-942.957819E-3,47.000000E+0,1.944716E+0,3.892564E+0,1.996200E+0,-18.110320E+0,2.650000E+0,200.000000E+0,75.000000E+0,40.000000E+0,3.000000E+0,1.000000E+0
784.470869E+0,290.000000E+0,287.460000E+0,-1.090195E+0,55.000000E+0,1.961206E+0,4.131236E+0,2.009756E+0,-17.906000E+0,2.650000E+0,200.000000E+0,75.000000E+0,40.000000E+0,3.000000E+0,1.000000E+0
829.382438E+0,290.000000E+0,287.900000E+0,-1.087600E+0,56.000000E+0,1.973828E+0,3.978310E+0,2.020610E+0,-17.788100E+0,2.650000E+0,200.000000E+0,75.000000E+0,40.000000E+0,3.000000E+0,1.000000E+0
874.224002E+0,290.000000E+0,288.560000E+0,-837.815593E-3,55.000000E+0,1.979250E+0,3.969762E+0,2.030688E+0,-17.672920E+0,2.650000E+0,200.000000E+0,75.000000E+0,40.000000E+0,3.000000E+0,1.000000E+0
919.106570E+0,290.000000E+0,289.240000E+0,-343.092786E-3,55.000000E+0,1.991898E+0,3.822124E+0,2.039654E+0,-17.591860E+0,2.650000E+0,200.000000E+0,75.000000E+0,40.000000E+0,3.000000E+0,1.000000E+0
964.495166E+0,290.000000E+0,289.680000E+0,220.569352E-3,57.000000E+0,2.001400E+0,3.836982E+0,2.047772E+0,-17.469660E+0,2.650000E+0,200.000000E+0,75.000000E+0,40.000000E+0,3.000000E+0,1.000000E+0
1.009375E+3,290.000000E+0,289.910000E+0,641.814252E-3,58.000000E+0,2.008092E+0,3.848622E+0,2.056472E+0,-17.334420E+0,2.650000E+0,200.000000E+0,75.000000E+0,40.000000E+0,3.000000E+0,1.000000E+0
1.054221E+3,290.000000E+0,290.020000E+0,791.951381E-3,62.000000E+0,2.020124E+0,3.789044E+0,2.065494E+0,-17.204140E+0,2.650000E+0,200.000000E+0,75.000000E+0,40.000000E+0,3.000000E+0,1.000000E+0
1.099110E+3,290.000000E+0,290.130000E+0,695.281169E-3,65.000000E+0,2.028782E+0,3.669194E+0,2.073688E+0,-17.129220E+0,2.650000E+0,200.000000E+0,75.000000E+0,40.000000E+0,3.000000E+0,1.000000E+0
1.143981E+3,290.000000E+0,290.130000E+0,472.374008E-3,66.000000E+0,2.036338E+0,3.683322E+0,2.081450E+0,-17.104760E+0,2.650000E+0,200.000000E+0,75.000000E+0,40.000000E+0,3.000000E+0,1.000000E+0
1.189359E+3,290.000000E+0,290.240000E+0,273.265943E-3,68.000000E+0,2.044912E+0,3.709090E+0,2.089252E+0,-17.076500E+0,2.650000E+0,200.000000E+0,75.000000E+0,40.000000E+0,3.000000E+0,1.000000E+0
1.234191E+3,290.000000E+0,290.240000E+0,149.329131E-3,70.000000E+0,2.052634E+0,3.641126E+0,2.096634E+0,-17.040300E+0,2.650000E+0,200.000000E+0,75.000000E+0,40.000000E+0,3.000000E+0,1.000000E+0
1.667311E+3,289.339211E+0,290.460000E+0,97.919917E-3,85.000000E+0,2.103862E+0,3.620762E+0,2.147928E+0,-17.171000E+0,2.650000E+0,200.000000E+0,75.000000E+0,40.000000E+0,3.000000E+0,1.000000E+0
1.712166E+3,289.339211E+0,290.460000E+0,73.274492E-3,76.000000E+0,2.110524E+0,3.462814E+0,2.153392E+0,-17.169560E+0,2.650000E+0,200.000000E+0,75.000000E+0,40.000000E+0,3.000000E+0,1.000000E+0
1.757045E+3,288.217847E+0,290.460000E+0,45.000656E-3,84.000000E+0,2.111390E+0,3.615056E+0,2.160616E+0,-17.250400E+0,2.650000E+0,200.000000E+0,75.000000E+0,40.000000E+0,3.000000E+0,1.000000E+0
1.801946E+3,287.095858E+0,290.020000E+0,16.859556E-3,69.000000E+0,2.121386E+0,3.628076E+0,2.167480E+0,-17.253400E+0,2.650000E+0,200.000000E+0,75.000000E+0,40.000000E+0,3.000000E+0,1.000000E+0
1.846811E+3,285.973343E+0,289.570000E+0,-7.528211E-3,64.000000E+0,2.128242E+0,3.711630E+0,2.175610E+0,-17.292840E+0,2.650000E+0,200.000000E+0,75.000000E+0,40.000000E+0,3.000000E+0,1.000000E+0
1.891687E+3,284.851729E+0,288.450000E+0,-101.781371E-3,61.000000E+0,2.142602E+0,3.614374E+0,2.186230E+0,-17.320200E+0,2.650000E+0,200.000000E+0,75.000000E+0,40.000000E+0,3.000000E+0,1.000000E+0
1.936569E+3,283.729815E+0,287.240000E+0,-296.312481E-3,63.000000E+0,2.152884E+0,3.751684E+0,2.197918E+0,-17.350000E+0,2.650000E+0,200.000000E+0,75.000000E+0,40.000000E+0,3.000000E+0,1.000000E+0
1.981462E+3,282.607776E+0,285.820000E+0,-646.207775E-3,61.000000E+0,2.164724E+0,3.476078E+0,2.209812E+0,-17.396520E+0,2.650000E+0,200.000000E+0,75.000000E+0,40.000000E+0,3.000000E+0,1.000000E+0
2.026337E+3,281.485437E+0,284.530000E+0,-1.067364E+0,66.000000E+0,2.175494E+0,3.536148E+0,2.221154E+0,-17.436760E+0,2.650000E+0,200.000000E+0,75.000000E+0,40.000000E+0,3.000000E+0,1.000000E+0
2.071248E+3,280.363573E+0,283.240000E+0,-1.454977E+0,68.000000E+0,2.187754E+0,3.606136E+0,2.232566E+0,-17.555500E+0,2.650000E+0,200.000000E+0,75.000000E+0,40.000000E+0,3.000000E+0,1.000000E+0
2.116114E+3,279.240783E+0,281.840000E+0,-1.708859E+0,65.000000E+0,2.198594E+0,3.578018E+0,2.243486E+0,-17.712380E+0,2.650000E+0,200.000000E+0,75.000000E+0,40.000000E+0,3.000000E+0,1.000000E+0
2.160984E+3,278.119144E+0,280.900000E+0,-1.764385E+0,65.000000E+0,2.208538E+0,3.729470E+0,2.253124E+0,-17.964460E+0,2.650000E+0,200.000000E+0,75.000000E+0,40.000000E+0,3.000000E+0,1.000000E+0
2.205864E+3,276.997405E+0,279.840000E+0,-1.777738E+0,63.000000E+0,2.214030E+0,3.816500E+0,2.262394E+0,-18.046240E+0,2.650000E+0,200.000000E+0,75.000000E+0,40.000000E+0,3.000000E+0,1.000000E+0
2.250767E+3,275.875391E+0,278.690000E+0,-1.695496E+0,58.000000E+0,2.217794E+0,3.732422E+0,2.274318E+0,-18.763340E+0,2.650000E+0,200.000000E+0,75.000000E+0,40.000000E+0,3.000000E+0,1.000000E+0
2.295635E+3,274.752827E+0,277.640000E+0,-1.566478E+0,60.000000E+0,2.228168E+0,4.143392E+0,2.286640E+0,-19.512020E+0,2.650000E+0,200.000000E+0,75.000000E+0,40.000000E+0,3.000000E+0,1.000000E+0
2.340543E+3,273.631112E+0,276.400000E+0,-1.459514E+0,65.000000E+0,2.239594E+0,4.147024E+0,2.296404E+0,-19.594560E+0,2.650000E+0,200.000000E+0,75.000000E+0,40.000000E+0,3.000000E+0,1.000000E+0
2.385402E+3,272.508423E+0,275.060000E+0,-1.428114E+0,62.000000E+0,2.249246E+0,4.107434E+0,2.305220E+0,-19.606920E+0,2.650000E+0,200.000000E+0,75.000000E+0,40.000000E+0,3.000000E+0,1.000000E+0
2.430286E+3,271.386934E+0,273.960000E+0,-1.492590E+0,61.000000E+0,2.251596E+0,4.041144E+0,2.314466E+0,-19.551780E+0,2.650000E+0,200.000000E+0,75.000000E+0,40.000000E+0,3.000000E+0,1.000000E+0
2.475218E+3,270.264845E+0,272.940000E+0,-1.575114E+0,61.000000E+0,2.265898E+0,4.091246E+0,2.323580E+0,-19.568700E+0,2.650000E+0,200.000000E+0,75.000000E+0,40.000000E+0,3.000000E+0,1.000000E+0
2.520066E+3,269.141556E+0,271.830000E+0,-1.628753E+0,58.000000E+0,2.275778E+0,4.045048E+0,2.332348E+0,-19.494420E+0,2.650000E+0,200.000000E+0,75.000000E+0,40.000000E+0,3.000000E+0,1.000000E+0
2.564949E+3,268.020342E+0,270.830000E+0,-1.590676E+0,57.000000E+0,2.279352E+0,3.922686E+0,2.341504E+0,-19.477600E+0,2.650000E+0,200.000000E+0,75.000000E+0,40.000000E+0,3.000000E+0,1.000000E+0
2.609826E+3,266.898277E+0,269.830000E+0,-1.490347E+0,55.000000E+0,2.295002E+0,4.127040E+0,2.351006E+0,-19.532040E+0,2.650000E+0,200.000000E+0,75.000000E+0,40.000000E+0,3.000000E+0,1.000000E+0
2.654700E+3,265.776338E+0,268.640000E+0,-1.416867E+0,57.000000E+0,2.298886E+0,4.208256E+0,2.362382E+0,-19.767660E+0,2.650000E+0,200.000000E+0,75.000000E+0,40.000000E+0,3.000000E+0,1.000000E+0
2.699583E+3,264.654499E+0,267.370000E+0,-1.390418E+0,58.000000E+0,2.309206E+0,4.057994E+0,2.374380E+0,-20.164160E+0,2.650000E+0,200.000000E+0,75.000000E+0,40.000000E+0,3.000000E+0,1.000000E+0
2.744478E+3,263.532410E+0,266.100000E+0,-1.403942E+0,57.000000E+0,2.321932E+0,4.080020E+0,2.383768E+0,-20.188820E+0,2.650000E+0,200.000000E+0,75.000000E+0,40.000000E+0,3.000000E+0,1.000000E+0
2.789344E+3,262.410046E+0,265.040000E+0,-1.481794E+0,53.000000E+0,2.331100E+0,4.148994E+0,2.392682E+0,-20.241360E+0,2.650000E+0,200.000000E+0,75.000000E+0,40.000000E+0,3.000000E+0,1.000000E+0
2.834224E+3,261.288406E+0,264.080000E+0,-1.602001E+0,50.000000E+0,2.333566E+0,4.364266E+0,2.401954E+0,-20.280700E+0,2.650000E+0,200.000000E+0,75.000000E+0,40.000000E+0,3.000000E+0,1.000000E+0
2.879109E+3,260.166392E+0,263.110000E+0,-1.633147E+0,50.000000E+0,2.344976E+0,4.065254E+0,2.411276E+0,-20.275000E+0,2.650000E+0,200.000000E+0,75.000000E+0,40.000000E+0,3.000000E+0,1.000000E+0
2.923991E+3,259.044278E+0,261.880000E+0,-1.535159E+0,50.000000E+0,2.360218E+0,4.014930E+0,2.420812E+0,-20.298420E+0,2.650000E+0,200.000000E+0,75.000000E+0,40.000000E+0,3.000000E+0,1.000000E+0
2.968877E+3,257.922214E+0,260.640000E+0,-1.399331E+0,50.000000E+0,2.368456E+0,4.093094E+0,2.430072E+0,-20.246920E+0,2.650000E+0,200.000000E+0,75.000000E+0,40.000000E+0,3.000000E+0,1.000000E+0
3.013761E+3,256.800075E+0,259.520000E+0,-1.370327E+0,49.000000E+0,2.370602E+0,4.299202E+0,2.441008E+0,-20.479700E+0,2.650000E+0,200.000000E+0,75.000000E+0,40.000000E+0,3.000000E+0,1.000000E+0
3.058645E+3,255.677961E+0,258.310000E+0,-1.470475E+0,50.000000E+0,1.997274E+0,6.046384E+0,2.599132E+0,-32.477120E+0,2.650000E+0,200.000000E+0,75.000000E+0,40.000000E+0,3.000000E+0,1.000000E+0
3.103536E+3,254.555871E+0,257.210000E+0,-1.566251E+0,48.000000E+0,885.352000E-3,487.068400E-3,2.640236E+0,-34.107320E+0,2.650000E+0,200.000000E+0,75.000000E+0,40.000000E+0,3.000000E+0,1.000000E+0
3.148468E+3,253.433607E+0,256.100000E+0,-1.595209E+0,48.000000E+0,690.587800E-3,-5.200544E+0,2.662502E+0,-34.768300E+0,2.650000E+0,200.000000E+0,75.000000E+0,40.000000E+0,3.000000E+0,1.000000E+0
3.193325E+3,252.310293E+0,255.090000E+0,-1.559527E+0,45.000000E+0,626.603400E-3,-10.116520E+0,2.689140E+0,-35.557980E+0,2.650000E+0,200.000000E+0,75.000000E+0,40.000000E+0,3.000000E+0,1.000000E+0
3.238210E+3,251.188879E+0,253.920000E+0,-1.525818E+0,46.000000E+0,460.060000E-3,-16.729086E+0,2.732650E+0,-36.995920E+0,2.650000E+0,200.000000E+0,75.000000E+0,40.000000E+0,3.000000E+0,1.000000E+0
3.283102E+3,250.066740E+0,252.830000E+0,-1.478920E+0,44.000000E+0,427.805000E-3,-18.458640E+0,2.758430E+0,-37.655900E+0,2.650000E+0,200.000000E+0,75.000000E+0,40.000000E+0,3.000000E+0,1.000000E+0
3.327990E+3,248.944450E+0,251.660000E+0,-1.450132E+0,45.000000E+0,387.209800E-3,-5.657902E+0,2.783902E+0,-38.269180E+0,2.650000E+0,200.000000E+0,75.000000E+0,40.000000E+0,3.000000E+0,1.000000E+0
3.372886E+3,247.822236E+0,250.600000E+0,-1.461523E+0,40.000000E+0,441.737800E-3,-16.302980E+0,2.808730E+0,-38.815220E+0,2.650000E+0,200.000000E+0,75.000000E+0,40.000000E+0,3.000000E+0,1.000000E+0
3.417784E+3,246.699847E+0,249.450000E+0,-1.492758E+0,45.000000E+0,487.774400E-3,-20.067960E+0,2.833100E+0,-39.339100E+0,2.650000E+0,200.000000E+0,75.000000E+0,40.000000E+0,3.000000E+0,1.000000E+0
3.462669E+3,245.577383E+0,248.050000E+0,-1.503668E+0,42.000000E+0,420.033600E-3,-25.661580E+0,2.857454E+0,-39.878500E+0,2.650000E+0,200.000000E+0,75.000000E+0,40.000000E+0,3.000000E+0,1.000000E+0
3.507563E+3,244.455269E+0,247.080000E+0,-1.492436E+0,40.000000E+0,406.964800E-3,-21.692420E+0,2.928004E+0,-41.870560E+0,2.650000E+0,200.000000E+0,75.000000E+0,40.000000E+0,3.000000E+0,1.000000E+0
3.552446E+3,243.332929E+0,246.050000E+0,-1.557019E+0,38.000000E+0,444.432400E-3,-24.227460E+0,3.397184E+0,-52.604180E+0,2.650000E+0,200.000000E+0,75.000000E+0,40.000000E+0,3.000000E+0,1.000000E+0
3.597329E+3,242.210840E+0,245.010000E+0,-1.588241E+0,37.000000E+0,446.089800E-3,-21.934360E+0,3.934498E+0,-60.046080E+0,2.650000E+0,200.000000E+0,75.000000E+0,40.000000E+0,3.000000E+0,1.000000E+0
3.642216E+3,241.088776E+0,243.890000E+0,-1.541551E+0,34.000000E+0,500.184600E-3,-28.493260E+0,7.160110E+0,-76.878000E+0,2.650000E+0,200.000000E+0,75.000000E+0,40.000000E+0,3.000000E+0,1.000000E+0
3.687106E+3,239.966587E+0,242.800000E+0,-1.434714E+0,33.000000E+0,539.314600E-3,-21.797780E+0,9.098068E+0,-80.140460E+0,2.650000E+0,200.000000E+0,75.000000E+0,40.000000E+0,3.000000E+0,1.000000E+0
3.732004E+3,238.844348E+0,241.610000E+0,-1.387975E+0,34.000000E+0,507.644000E-3,-23.385600E+0,5.582626E+0,-71.602440E+0,2.650000E+0,200.000000E+0,75.000000E+0,40.000000E+0,3.000000E+0,1.000000E+0
3.776533E+3,237.721884E+0,240.440000E+0,-1.434758E+0,32.000000E+0,554.223000E-3,-29.057260E+0,6.125952E+0,-73.654580E+0,2.650000E+0,200.000000E+0,75.000000E+0,40.000000E+0,3.000000E+0,1.000000E+0
3.821409E+3,236.608670E+0,239.280000E+0,-1.481422E+0,33.000000E+0,399.567800E-3,-19.097140E+0,5.786738E+0,-72.296060E+0,2.650000E+0,200.000000E+0,75.000000E+0,40.000000E+0,3.000000E+0,1.000000E+0
3.866305E+3,235.486781E+0,238.120000E+0,-1.527997E+0,33.000000E+0,574.029400E-3,-25.369460E+0,5.867336E+0,-72.471340E+0,2.650000E+0,200.000000E+0,75.000000E+0,40.000000E+0,3.000000E+0,1.000000E+0
3.911207E+3,234.364367E+0,236.980000E+0,-1.556895E+0,32.000000E+0,459.651800E-3,-20.868960E+0,5.161564E+0,-69.028380E+0,2.650000E+0,200.000000E+0,75.000000E+0,40.000000E+0,3.000000E+0,1.000000E+0
3.956078E+3,233.241827E+0,235.920000E+0,-1.565897E+0,30.000000E+0,528.068400E-3,-25.020480E+0,4.566530E+0,-64.900800E+0,2.650000E+0,200.000000E+0,75.000000E+0,40.000000E+0,3.000000E+0,1.000000E+0
4.000962E+3,232.120038E+0,234.790000E+0,-1.550353E+0,28.000000E+0,469.776800E-3,-29.651100E+0,4.547474E+0,-64.586780E+0,2.650000E+0,200.000000E+0,75.000000E+0,40.000000E+0,3.000000E+0,1.000000E+0
4.045861E+3,230.997949E+0,233.670000E+0,-1.519249E+0,27.000000E+0,386.757600E-3,-12.023648E+0,4.545004E+0,-64.456220E+0,2.650000E+0,200.000000E+0,75.000000E+0,40.000000E+0,3.000000E+0,1.000000E+0
4.090754E+3,229.875460E+0,232.550000E+0,-1.490379E+0,27.000000E+0,469.954800E-3,-28.267060E+0,6.072710E+0,-72.917940E+0,2.650000E+0,200.000000E+0,75.000000E+0,40.000000E+0,3.000000E+0,1.000000E+0
4.135648E+3,228.753146E+0,231.370000E+0,-1.479326E+0,25.000000E+0,481.032000E-3,-24.106060E+0,3.667764E+0,-54.350200E+0,2.650000E+0,200.000000E+0,75.000000E+0,40.000000E+0,3.000000E+0,1.000000E+0
4.180556E+3,227.630806E+0,230.280000E+0,-1.488132E+0,28.000000E+0,484.680800E-3,-22.735460E+0,3.666108E+0,-54.124540E+0,2.650000E+0,200.000000E+0,75.000000E+0,40.000000E+0,3.000000E+0,1.000000E+0
4.225428E+3,226.508092E+0,229.030000E+0,-1.512466E+0,26.000000E+0,462.398200E-3,-22.570340E+0,3.812308E+0,-56.056140E+0,2.650000E+0,200.000000E+0,75.000000E+0,40.000000E+0,3.000000E+0,1.000000E+0
4.270343E+3,225.386303E+0,227.950000E+0,-1.516815E+0,21.000000E+0,426.691000E-3,-16.489740E+0,4.071408E+0,-59.126780E+0,2.650000E+0,200.000000E+0,75.000000E+0,40.000000E+0,3.000000E+0,1.000000E+0
4.315253E+3,224.263414E+0,227.100000E+0,-1.539158E+0,19.000000E+0,425.733200E-3,-15.619242E+0,3.093068E+0,-41.114300E+0,2.650000E+0,200.000000E+0,75.000000E+0,40.000000E+0,3.000000E+0,1.000000E+0
4.360113E+3,223.140675E+0,226.030000E+0,-1.545835E+0,20.000000E+0,468.788600E-3,-19.375800E+0,3.020934E+0,-38.327020E+0,2.650000E+0,200.000000E+0,75.000000E+0,40.000000E+0,3.000000E+0,1.000000E+0
4.404990E+3,222.019160E+0,224.750000E+0,-1.470003E+0,20.000000E+0,570.747000E-3,-9.457898E+0,2.976246E+0,-36.205980E+0,2.650000E+0,200.000000E+0,75.000000E+0,40.000000E+0,3.000000E+0,1.000000E+0
4.449877E+3,220.897246E+0,223.560000E+0,-1.376488E+0,19.000000E+0,635.819600E-3,-10.149550E+0,2.988344E+0,-36.205180E+0,2.650000E+0,200.000000E+0,75.000000E+0,40.000000E+0,3.000000E+0,1.000000E+0
4.494772E+3,219.775082E+0,222.450000E+0,-1.381235E+0,18.000000E+0,657.859000E-3,-9.093468E+0,3.002982E+0,-36.342020E+0,2.650000E+0,200.000000E+0,75.000000E+0,40.000000E+0,3.000000E+0,1.000000E+0
4.539660E+3,218.652693E+0,221.340000E+0,-1.501848E+0,16.000000E+0,629.708600E-3,-9.091186E+0,3.039970E+0,-37.302160E+0,2.650000E+0,200.000000E+0,75.000000E+0,40.000000E+0,3.000000E+0,1.000000E+0
4.584559E+3,217.530504E+0,220.240000E+0,-1.586441E+0,15.000000E+0,466.572600E-3,-17.588020E+0,3.084084E+0,-38.473540E+0,2.650000E+0,200.000000E+0,75.000000E+0,40.000000E+0,3.000000E+0,1.000000E+0
4.629448E+3,216.408014E+0,219.070000E+0,-1.557214E+0,15.000000E+0,460.082000E-3,-18.716220E+0,3.244200E+0,-42.916880E+0,2.650000E+0,200.000000E+0,75.000000E+0,40.000000E+0,3.000000E+0,1.000000E+0
4.674338E+3,215.285800E+0,217.920000E+0,-1.499152E+0,14.000000E+0,463.800800E-3,-17.598340E+0,3.426498E+0,-47.054980E+0,2.650000E+0,200.000000E+0,75.000000E+0,40.000000E+0,3.000000E+0,1.000000E+0
4.719229E+3,214.163536E+0,216.790000E+0,-1.492435E+0,13.000000E+0,441.601800E-3,-15.941660E+0,3.444970E+0,-47.191680E+0,2.650000E+0,200.000000E+0,75.000000E+0,40.000000E+0,3.000000E+0,1.000000E+0
4.764126E+3,213.041272E+0,215.720000E+0,-1.514734E+0,12.000000E+0,439.412000E-3,-17.803060E+0,3.495338E+0,-47.976200E+0,2.650000E+0,200.000000E+0,75.000000E+0,40.000000E+0,3.000000E+0,1.000000E+0
4.809016E+3,211.918833E+0,214.590000E+0,-1.530360E+0,10.000000E+0,456.570200E-3,-19.943340E+0,3.823322E+0,-53.483680E+0,2.650000E+0,200.000000E+0,75.000000E+0,40.000000E+0,3.000000E+0,1.000000E+0
4.853900E+3,210.796594E+0,213.560000E+0,-1.514768E+0,9.000000E+0,445.172800E-3,-18.221280E+0,3.293584E+0,-42.688500E+0,2.650000E+0,200.000000E+0,75.000000E+0,40.000000E+0,3.000000E+0,1.000000E+0
4.898790E+3,209.674504E+0,212.450000E+0,-1.487992E+0,8.000000E+0,463.745400E-3,-18.742300E+0,3.163090E+0,-38.464760E+0,1.840000E+0,200.000000E+0,75.000000E+0,40.000000E+0,3.000000E+0,1.000000E+0
4.943679E+3,208.552240E+0,211.290000E+0,-1.461303E+0,8.000000E+0,701.255000E-3,-8.510252E+0,3.120324E+0,-36.573920E+0,1.720000E+0,200.000000E+0,75.000000E+0,40.000000E+0,3.000000E+0,1.000000E+0
4.988575E+3,207.430026E+0,210.260000E+0,-1.448013E+0,6.000000E+0,913.319800E-3,-345.233200E-3,3.101192E+0,-35.317580E+0,1.660000E+0,200.000000E+0,75.000000E+0,40.000000E+0,3.000000E+0,1.000000E+0
5.033474E+3,206.307612E+0,209.130000E+0,-1.463650E+0,4.000000E+0,1.414492E+0,5.470622E+0,3.065188E+0,-33.119780E+0,1.540000E+0,200.000000E+0,75.000000E+0,40.000000E+0,3.000000E+0,1.000000E+0
5.078363E+3,205.185148E+0,207.990000E+0,-1.470269E+0,4.000000E+0,1.740776E+0,6.798230E+0,3.072530E+0,-32.543480E+0,1.300000E+0,200.000000E+0,75.000000E+0,40.000000E+0,3.000000E+0,1.000000E+0
5.123260E+3,204.062908E+0,206.800000E+0,-1.474612E+0,4.000000E+0,1.940668E+0,5.971318E+0,3.081902E+0,-31.988480E+0,1.180000E+0,200.000000E+0,75.000000E+0,40.000000E+0,3.000000E+0,1.000000E+0
5.168173E+3,202.940494E+0,205.620000E+0,-1.474561E+0,5.000000E+0,1.992094E+0,6.742594E+0,3.115424E+0,-32.385940E+0,1.180000E+0,200.000000E+0,75.000000E+0,40.000000E+0,3.000000E+0,1.000000E+0
5.213050E+3,201.817680E+0,204.330000E+0,-1.505741E+0,6.000000E+0,1.956812E+0,6.682786E+0,3.151982E+0,-32.792300E+0,1.240000E+0,200.000000E+0,75.000000E+0,40.000000E+0,3.000000E+0,1.000000E+0
5.257940E+3,200.695741E+0,203.040000E+0,-1.552432E+0,9.000000E+0,1.766668E+0,6.436462E+0,3.240660E+0,-35.196420E+0,1.360000E+0,200.000000E+0,75.000000E+0,40.000000E+0,3.000000E+0,1.000000E+0
5.302829E+3,199.573502E+0,201.720000E+0,-1.596969E+0,11.000000E+0,1.771448E+0,6.592616E+0,3.243596E+0,-34.033900E+0,1.600000E+0,200.000000E+0,75.000000E+0,40.000000E+0,3.000000E+0,1.000000E+0
5.347719E+3,198.451262E+0,200.410000E+0,-1.652778E+0,16.000000E+0,1.905708E+0,6.346228E+0,3.278160E+0,-34.125440E+0,2.650000E+0,200.000000E+0,75.000000E+0,40.000000E+0,3.000000E+0,1.000000E+0
5.392614E+3,197.329023E+0,199.160000E+0,-1.706419E+0,21.000000E+0,1.922020E+0,5.845084E+0,3.318840E+0,-34.458600E+0,2.650000E+0,200.000000E+0,75.000000E+0,40.000000E+0,3.000000E+0,1.000000E+0
5.437501E+3,196.206634E+0,197.930000E+0,-1.742130E+0,26.000000E+0,1.976508E+0,6.596448E+0,3.357372E+0,-34.776500E+0,2.650000E+0,200.000000E+0,75.000000E+0,40.000000E+0,3.000000E+0,1.000000E+0
5.482403E+3,195.084470E+0,196.840000E+0,-1.737559E+0,27.000000E+0,2.034582E+0,6.820982E+0,3.394742E+0,-35.128920E+0,2.650000E+0,200.000000E+0,75.000000E+0,40.000000E+0,3.000000E+0,1.000000E+0
5.527260E+3,193.961931E+0,195.820000E+0,-1.708581E+0,26.000000E+0,2.075716E+0,6.805986E+0,3.427948E+0,-35.476360E+0,2.650000E+0,200.000000E+0,75.000000E+0,40.000000E+0,3.000000E+0,1.000000E+0
5.572159E+3,192.840491E+0,194.800000E+0,-1.639471E+0,27.000000E+0,2.075142E+0,6.775328E+0,3.461340E+0,-35.788980E+0,2.650000E+0,200.000000E+0,75.000000E+0,40.000000E+0,3.000000E+0,1.000000E+0
5.617050E+3,191.718027E+0,193.750000E+0,-1.539368E+0,30.000000E+0,2.087352E+0,6.848554E+0,3.495328E+0,-36.204300E+0,2.650000E+0,200.000000E+0,75.000000E+0,40.000000E+0,3.000000E+0,1.000000E+0
5.661941E+3,190.595738E+0,192.700000E+0,-1.441484E+0,31.000000E+0,2.167648E+0,6.058466E+0,3.513586E+0,-36.063660E+0,2.650000E+0,200.000000E+0,75.000000E+0,40.000000E+0,3.000000E+0,1.000000E+0
5.706821E+3,189.473474E+0,191.600000E+0,-1.385787E+0,31.000000E+0,2.274682E+0,5.772508E+0,3.539184E+0,-36.332540E+0,2.650000E+0,200.000000E+0,75.000000E+0,40.000000E+0,3.000000E+0,1.000000E+0
5.751714E+3,188.351460E+0,190.560000E+0,-1.383439E+0,30.000000E+0,2.290246E+0,5.762804E+0,3.569990E+0,-36.689800E+0,2.650000E+0,200.000000E+0,75.000000E+0,40.000000E+0,3.000000E+0,1.000000E+0
5.796616E+3,187.229146E+0,189.490000E+0,-1.407870E+0,31.000000E+0,2.293518E+0,5.604022E+0,3.600336E+0,-37.025500E+0,2.650000E+0,200.000000E+0,75.000000E+0,40.000000E+0,3.000000E+0,1.000000E+0
5.841502E+3,186.106606E+0,188.310000E+0,-1.423552E+0,33.000000E+0,2.317014E+0,6.203376E+0,3.629696E+0,-37.424760E+0,2.650000E+0,200.000000E+0,75.000000E+0,40.000000E+0,3.000000E+0,1.000000E+0
5.886399E+3,184.984442E+0,187.200000E+0,-1.425717E+0,33.000000E+0,2.330678E+0,5.737234E+0,3.666126E+0,-37.995000E+0,2.650000E+0,200.000000E+0,75.000000E+0,40.000000E+0,3.000000E+0,1.000000E+0
5.931314E+3,183.862028E+0,186.050000E+0,-1.447901E+0,34.000000E+0,2.322778E+0,5.808922E+0,3.703162E+0,-38.539300E+0,2.650000E+0,200.000000E+0,75.000000E+0,40.000000E+0,3.000000E+0,1.000000E+0
5.976182E+3,182.739139E+0,185.020000E+0,-1.481262E+0,33.000000E+0,2.264020E+0,5.446240E+0,3.738052E+0,-39.107560E+0,2.650000E+0,200.000000E+0,75.000000E+0,40.000000E+0,3.000000E+0,1.000000E+0
6.021125E+3,181.617450E+0,183.940000E+0,-1.514571E+0,34.000000E+0,2.210360E+0,6.133346E+0,3.800358E+0,-40.331580E+0,2.650000E+0,200.000000E+0,75.000000E+0,40.000000E+0,3.000000E+0,1.000000E+0
6.065964E+3,180.493860E+0,182.780000E+0,-1.499005E+0,34.000000E+0,2.255238E+0,6.062318E+0,3.809648E+0,-40.182600E+0,2.650000E+0,200.000000E+0,75.000000E+0,40.000000E+0,3.000000E+0,1.000000E+0
6.110856E+3,179.372896E+0,181.680000E+0,-1.458762E+0,34.000000E+0,2.312342E+0,6.121894E+0,3.838026E+0,-40.533540E+0,2.650000E+0,200.000000E+0,75.000000E+0,40.000000E+0,3.000000E+0,1.000000E+0
6.155751E+3,178.250607E+0,180.580000E+0,-1.454475E+0,33.000000E+0,2.328646E+0,5.731848E+0,3.854140E+0,-40.592820E+0,2.650000E+0,200.000000E+0,75.000000E+0,40.000000E+0,3.000000E+0,1.000000E+0
6.200642E+3,177.128218E+0,179.450000E+0,-1.472593E+0,33.000000E+0,2.391338E+0,5.686868E+0,3.882836E+0,-40.980920E+0,2.650000E+0,200.000000E+0,75.000000E+0,40.000000E+0,3.000000E+0,1.000000E+0
6.245533E+3,176.005954E+0,178.340000E+0,-1.492766E+0,33.000000E+0,2.397598E+0,5.824240E+0,3.921564E+0,-41.421020E+0,2.650000E+0,200.000000E+0,75.000000E+0,40.000000E+0,3.000000E+0,1.000000E+0
6.290427E+3,174.883664E+0,177.180000E+0,-1.490517E+0,35.000000E+0,2.427776E+0,5.858878E+0,3.959442E+0,-41.988080E+0,2.650000E+0,200.000000E+0,75.000000E+0,40.000000E+0,3.000000E+0,1.000000E+0
6.335315E+3,173.761325E+0,176.040000E+0,-1.485770E+0,32.000000E+0,2.426452E+0,5.765464E+0,3.991434E+0,-42.461740E+0,2.650000E+0,200.000000E+0,75.000000E+0,40.000000E+0,3.000000E+0,1.000000E+0
6.380198E+3,172.639111E+0,175.010000E+0,-1.501373E+0,33.000000E+0,2.433698E+0,5.774002E+0,4.025448E+0,-42.991920E+0,2.650000E+0,200.000000E+0,75.000000E+0,40.000000E+0,3.000000E+0,1.000000E+0
6.425089E+3,171.517047E+0,173.850000E+0,-1.516989E+0,31.000000E+0,2.402362E+0,5.760404E+0,4.062838E+0,-43.556700E+0,2.650000E+0,200.000000E+0,75.000000E+0,40.000000E+0,3.000000E+0,1.000000E+0
6.469979E+3,170.394758E+0,172.740000E+0,-1.501455E+0,35.000000E+0,2.394350E+0,5.385054E+0,4.095800E+0,-44.051600E+0,2.650000E+0,200.000000E+0,75.000000E+0,40.000000E+0,3.000000E+0,1.000000E+0
6.514877E+3,169.272518E+0,171.550000E+0,-1.483694E+0,31.000000E+0,2.515478E+0,5.057804E+0,4.089746E+0,-43.707640E+0,2.650000E+0,200.000000E+0,75.000000E+0,40.000000E+0,3.000000E+0,1.000000E+0
6.559788E+3,168.150079E+0,170.520000E+0,-1.477017E+0,30.000000E+0,2.537578E+0,5.631988E+0,4.133252E+0,-44.434880E+0,2.650000E+0,200.000000E+0,75.000000E+0,40.000000E+0,3.000000E+0,1.000000E+0
6.604660E+3,167.027290E+0,169.360000E+0,-1.505888E+0,32.000000E+0,2.467828E+0,5.590520E+0,4.189114E+0,-45.450660E+0,2.650000E+0,200.000000E+0,75.000000E+0,40.000000E+0,3.000000E+0,1.000000E+0
6.649556E+3,165.905501E+0,168.180000E+0,-1.512379E+0,30.000000E+0,2.365486E+0,5.611084E+0,4.266594E+0,-46.795520E+0,2.650000E+0,200.000000E+0,75.000000E+0,40.000000E+0,3.000000E+0,1.000000E+0
6.694445E+3,164.783087E+0,167.090000E+0,-1.494547E+0,31.000000E+0,1.992792E+0,5.987776E+0,4.455630E+0,-49.885020E+0,2.650000E+0,200.000000E+0,75.000000E+0,40.000000E+0,3.000000E+0,1.000000E+0
6.739367E+3,163.660873E+0,165.970000E+0,-1.503567E+0,29.000000E+0,1.643840E+0,3.532076E+0,4.537360E+0,-50.975800E+0,2.650000E+0,200.000000E+0,75.000000E+0,40.000000E+0,3.000000E+0,1.000000E+0
6.784231E+3,162.537808E+0,164.820000E+0,-1.514837E+0,29.000000E+0,1.651986E+0,3.549178E+0,4.569856E+0,-51.415440E+0,2.650000E+0,200.000000E+0,75.000000E+0,40.000000E+0,3.000000E+0,1.000000E+0
6.829118E+3,161.416219E+0,163.730000E+0,-1.519139E+0,26.000000E+0,1.606474E+0,4.342748E+0,4.630380E+0,-52.214920E+0,2.650000E+0,200.000000E+0,75.000000E+0,40.000000E+0,3.000000E+0,1.000000E+0
6.874010E+3,160.294055E+0,162.650000E+0,-1.503441E+0,27.000000E+0,1.582310E+0,3.064808E+0,4.646878E+0,-52.393640E+0,2.650000E+0,200.000000E+0,75.000000E+0,40.000000E+0,3.000000E+0,1.000000E+0
6.918907E+3,159.171741E+0,161.500000E+0,-1.496953E+0,26.000000E+0,1.949578E+0,6.649566E+0,4.585910E+0,-51.472760E+0,2.650000E+0,200.000000E+0,75.000000E+0,40.000000E+0,3.000000E+0,1.000000E+0
6.963801E+3,158.049327E+0,160.350000E+0,-1.488218E+0,26.000000E+0,2.114484E+0,6.368728E+0,4.602146E+0,-51.711080E+0,2.650000E+0,200.000000E+0,75.000000E+0,40.000000E+0,3.000000E+0,1.000000E+0
7.008690E+3,156.926962E+0,159.270000E+0,-1.479291E+0,24.000000E+0,2.164642E+0,6.282450E+0,4.632052E+0,-52.034100E+0,2.650000E+0,200.000000E+0,75.000000E+0,40.000000E+0,3.000000E+0,1.000000E+0
7.053573E+3,155.804748E+0,158.160000E+0,-1.492428E+0,24.000000E+0,2.211728E+0,6.028712E+0,4.665124E+0,-52.487760E+0,2.650000E+0,200.000000E+0,75.000000E+0,40.000000E+0,3.000000E+0,1.000000E+0
7.098465E+3,154.682659E+0,157.020000E+0,-1.505772E+0,22.000000E+0,2.271630E+0,5.933220E+0,4.702244E+0,-52.967340E+0,2.650000E+0,200.000000E+0,75.000000E+0,40.000000E+0,3.000000E+0,1.000000E+0
7.143396E+3,153.560370E+0,155.880000E+0,-1.496955E+0,22.000000E+0,2.299744E+0,6.055892E+0,4.715376E+0,-53.137760E+0,2.650000E+0,200.000000E+0,75.000000E+0,40.000000E+0,3.000000E+0,1.000000E+0
7.188278E+3,152.437106E+0,154.770000E+0,-1.485907E+0,22.000000E+0,2.376780E+0,6.836504E+0,4.738456E+0,-53.449840E+0,2.650000E+0,200.000000E+0,75.000000E+0,40.000000E+0,3.000000E+0,1.000000E+0
7.233128E+3,151.315041E+0,153.620000E+0,-1.496824E+0,22.000000E+0,2.448348E+0,5.823312E+0,4.773350E+0,-53.948300E+0,2.650000E+0,200.000000E+0,75.000000E+0,40.000000E+0,3.000000E+0,1.000000E+0
7.278010E+3,150.193802E+0,152.500000E+0,-1.509963E+0,20.000000E+0,2.469152E+0,5.361060E+0,4.822794E+0,-54.621900E+0,2.650000E+0,200.000000E+0,75.000000E+0,40.000000E+0,3.000000E+0,1.000000E+0
7.322895E+3,149.071738E+0,151.420000E+0,-1.512432E+0,18.000000E+0,2.459502E+0,5.126076E+0,4.918064E+0,-55.945280E+0,2.650000E+0,200.000000E+0,75.000000E+0,40.000000E+0,3.000000E+0,1.000000E+0
7.367791E+3,147.949624E+0,150.280000E+0,-1.510712E+0,18.000000E+0,2.434050E+0,6.449584E+0,4.956300E+0,-56.458380E+0,2.650000E+0,200.000000E+0,75.000000E+0,40.000000E+0,3.000000E+0,1.000000E+0
7.412678E+3,146.827210E+0,149.150000E+0,-1.499829E+0,17.000000E+0,2.423532E+0,6.381236E+0,5.004452E+0,-57.081840E+0,2.650000E+0,200.000000E+0,75.000000E+0,40.000000E+0,3.000000E+0,1.000000E+0
7.457567E+3,145.705045E+0,148.030000E+0,-1.490643E+0,16.000000E+0,2.398168E+0,5.706568E+0,5.062016E+0,-57.793420E+0,2.650000E+0,200.000000E+0,75.000000E+0,40.000000E+0,3.000000E+0,1.000000E+0
7.502461E+3,144.582831E+0,146.890000E+0,-1.490356E+0,15.000000E+0,2.327342E+0,5.989432E+0,5.130038E+0,-58.625920E+0,2.650000E+0,200.000000E+0,75.000000E+0,40.000000E+0,3.000000E+0,1.000000E+0
7.547440E+3,143.460467E+0,145.840000E+0,-1.501451E+0,13.000000E+0,2.334282E+0,6.519716E+0,5.204310E+0,-59.547060E+0,2.650000E+0,200.000000E+0,75.000000E+0,40.000000E+0,3.000000E+0,1.000000E+0
7.592334E+3,142.336003E+0,144.690000E+0,-1.510351E+0,12.000000E+0,2.302664E+0,6.531848E+0,5.295224E+0,-60.607920E+0,2.650000E+0,200.000000E+0,75.000000E+0,40.000000E+0,3.000000E+0,1.000000E+0
7.637221E+3,141.213639E+0,143.560000E+0,-1.492041E+0,11.000000E+0,2.258274E+0,7.253278E+0,5.417966E+0,-62.110600E+0,2.650000E+0,200.000000E+0,75.000000E+0,40.000000E+0,3.000000E+0,1.000000E+0
7.682115E+3,140.091474E+0,142.470000E+0,-1.480368E+0,9.000000E+0,2.229202E+0,6.919622E+0,5.467204E+0,-62.519100E+0,2.650000E+0,200.000000E+0,75.000000E+0,40.000000E+0,3.000000E+0,1.000000E+0
7.727025E+3,138.969110E+0,141.360000E+0,-1.484834E+0,7.000000E+0,2.163632E+0,5.588562E+0,5.554944E+0,-63.379540E+0,2.650000E+0,200.000000E+0,75.000000E+0,40.000000E+0,3.000000E+0,1.000000E+0
7.771903E+3,137.846371E+0,140.240000E+0,-1.492017E+0,6.000000E+0,2.081924E+0,6.371640E+0,5.664366E+0,-64.439520E+0,1.660000E+0,200.000000E+0,75.000000E+0,40.000000E+0,3.000000E+0,1.000000E+0
7.816799E+3,136.724432E+0,139.130000E+0,-1.492393E+0,4.000000E+0,2.063094E+0,6.373634E+0,5.756436E+0,-65.185720E+0,1.480000E+0,200.000000E+0,75.000000E+0,40.000000E+0,3.000000E+0,1.000000E+0
7.861692E+3,135.602018E+0,138.030000E+0,-1.481222E+0,2.000000E+0,1.986372E+0,7.580452E+0,5.904688E+0,-66.471760E+0,1.300000E+0,200.000000E+0,75.000000E+0,40.000000E+0,3.000000E+0,1.000000E+0
7.906585E+3,134.479703E+0,136.950000E+0,-1.483488E+0,2.000000E+0,1.867488E+0,3.608494E+0,6.033958E+0,-67.551340E+0,1.060000E+0,200.000000E+0,75.000000E+0,40.000000E+0,3.000000E+0,1.000000E+0
7.951471E+3,133.357364E+0,135.880000E+0,-1.485797E+0,0.000000E+0,1.746354E+0,3.998194E+0,6.158530E+0,-68.608780E+0,940.000000E-3,200.000000E+0,75.000000E+0,40.000000E+0,3.000000E+0,1.000000E+0
7.996365E+3,132.235225E+0,134.810000E+0,-1.474665E+0,0.000000E+0,1.712512E+0,3.036304E+0,6.282994E+0,-69.654860E+0,820.000000E-3,200.000000E+0,75.000000E+0,40.000000E+0,3.000000E+0,1.000000E+0
8.041252E+3,131.112861E+0,133.740000E+0,-1.456816E+0,0.000000E+0,1.564636E+0,2.711268E+0,6.601290E+0,-71.969140E+0,700.000000E-3,200.000000E+0,75.000000E+0,40.000000E+0,3.000000E+0,1.000000E+0
8.086148E+3,129.990697E+0,132.690000E+0,-1.441272E+0,0.000000E+0,1.359366E+0,3.344612E+0,6.801502E+0,-73.440520E+0,700.000000E-3,200.000000E+0,75.000000E+0,40.000000E+0,3.000000E+0,1.000000E+0
8.131038E+3,128.868307E+0,131.640000E+0,-1.432388E+0,0.000000E+0,1.348250E+0,2.897292E+0,7.033592E+0,-75.107700E+0,700.000000E-3,200.000000E+0,75.000000E+0,40.000000E+0,3.000000E+0,1.000000E+0
8.175932E+3,127.746043E+0,130.570000E+0,-1.425689E+0,0.000000E+0,1.337360E+0,1.764916E+0,7.284080E+0,-76.853060E+0,700.000000E-3,200.000000E+0,75.000000E+0,40.000000E+0,3.000000E+0,1.000000E+0
8.220826E+3,126.623704E+0,129.490000E+0,-1.416747E+0,0.000000E+0,1.337322E+0,1.667668E+0,7.502824E+0,-78.231960E+0,700.000000E-3,200.000000E+0,75.000000E+0,40.000000E+0,3.000000E+0,1.000000E+0
8.265720E+3,125.501340E+0,128.380000E+0,-1.412276E+0,0.000000E+0,1.332458E+0,955.886400E-3,7.712136E+0,-79.487060E+0,700.000000E-3,200.000000E+0,75.000000E+0,40.000000E+0,3.000000E+0,1.000000E+0
8.310609E+3,124.379001E+0,127.250000E+0,-1.418927E+0,0.000000E+0,1.345856E+0,1.005298E+0,7.955476E+0,-80.921900E+0,700.000000E-3,200.000000E+0,75.000000E+0,40.000000E+0,3.000000E+0,1.000000E+0
8.355508E+3,123.256762E+0,126.120000E+0,-1.438964E+0,0.000000E+0,1.317504E+0,327.910160E-3,8.102396E+0,-81.492400E+0,700.000000E-3,200.000000E+0,75.000000E+0,40.000000E+0,3.000000E+0,1.000000E+0
8.400380E+3,122.134297E+0,124.960000E+0,-1.465700E+0,0.000000E+0,1.250510E+0,-1.347512E+0,8.380834E+0,-82.913940E+0,700.000000E-3,200.000000E+0,75.000000E+0,40.000000E+0,3.000000E+0,1.000000E+0
8.445273E+3,121.012483E+0,123.760000E+0,-1.490202E+0,0.000000E+0,1.189166E+0,-3.007636E+0,8.673166E+0,-84.329100E+0,700.000000E-3,200.000000E+0,75.000000E+0,40.000000E+0,3.000000E+0,1.000000E+0
8.490167E+3,119.890169E+0,122.630000E+0,-1.512574E+0,0.000000E+0,1.183918E+0,-1.507771E+0,9.009220E+0,-85.748440E+0,700.000000E-3,200.000000E+0,75.000000E+0,40.000000E+0,3.000000E+0,1.000000E+0
8.535078E+3,118.767830E+0,121.420000E+0,-1.539410E+0,0.000000E+0,1.020698E+0,-7.783860E+0,9.472038E+0,-87.640700E+0,700.000000E-3,200.000000E+0,75.000000E+0,40.000000E+0,3.000000E+0,1.000000E+0
8.579590E+3,117.645041E+0,120.260000E+0,-1.555014E+0,0.000000E+0,847.129600E-3,-11.896860E+0,9.897330E+0,-89.262020E+0,700.000000E-3,200.000000E+0,75.000000E+0,40.000000E+0,3.000000E+0,1.000000E+0
8.624113E+3,116.532252E+0,119.090000E+0,-1.565956E+0,0.000000E+0,883.323000E-3,-10.960860E+0,10.295560E+0,-90.728620E+0,700.000000E-3,200.000000E+0,75.000000E+0,40.000000E+0,3.000000E+0,1.000000E+0
8.668635E+3,115.419163E+0,117.950000E+0,-1.570204E+0,0.000000E+0,860.426200E-3,-9.066972E+0,10.560080E+0,-91.571840E+0,700.000000E-3,200.000000E+0,75.000000E+0,40.000000E+0,3.000000E+0,1.000000E+0
8.713165E+3,114.306125E+0,116.790000E+0,-1.574582E+0,0.000000E+0,777.340200E-3,-3.287476E+0,10.924200E+0,-92.603160E+0,700.000000E-3,200.000000E+0,75.000000E+0,40.000000E+0,3.000000E+0,1.000000E+0
8.757693E+3,113.192861E+0,115.640000E+0,-1.572292E+0,1.000000E+0,771.919200E-3,-11.801560E+0,11.270240E+0,-93.725120E+0,700.000000E-3,200.000000E+0,75.000000E+0,40.000000E+0,3.000000E+0,1.000000E+0
8.802223E+3,112.079672E+0,114.500000E+0,-1.558779E+0,1.000000E+0,772.082200E-3,-11.879800E+0,11.601660E+0,-94.735720E+0,760.000000E-3,200.000000E+0,75.000000E+0,40.000000E+0,3.000000E+0,1.000000E+0
8.846752E+3,110.966409E+0,113.380000E+0,-1.554152E+0,1.000000E+0,728.839800E-3,-15.917040E+0,11.988260E+0,-95.827020E+0,820.000000E-3,200.000000E+0,75.000000E+0,40.000000E+0,3.000000E+0,1.000000E+0
8.891289E+3,109.853195E+0,112.260000E+0,-1.549585E+0,0.000000E+0,777.355000E-3,-22.691160E+0,12.382140E+0,-96.926980E+0,820.000000E-3,200.000000E+0,75.000000E+0,40.000000E+0,3.000000E+0,1.000000E+0
8.935819E+3,108.739781E+0,111.180000E+0,-1.540562E+0,0.000000E+0,750.513800E-3,-23.581660E+0,12.862840E+0,-98.203640E+0,760.000000E-3,200.000000E+0,75.000000E+0,40.000000E+0,3.000000E+0,1.000000E+0
8.980339E+3,107.626518E+0,110.100000E+0,-1.524802E+0,0.000000E+0,736.846400E-3,-25.929500E+0,13.445580E+0,-99.597100E+0,700.000000E-3,200.000000E+0,75.000000E+0,40.000000E+0,3.000000E+0,1.000000E+0
9.024872E+3,106.513529E+0,109.040000E+0,-1.504541E+0,0.000000E+0,733.247000E-3,-25.809680E+0,13.991020E+0,-100.967800E+0,700.000000E-3,200.000000E+0,75.000000E+0,40.000000E+0,3.000000E+0,1.000000E+0
9.069403E+3,105.400190E+0,107.950000E+0,-1.482133E+0,0.000000E+0,739.654800E-3,-25.690220E+0,14.470940E+0,-102.339800E+0,700.000000E-3,200.000000E+0,75.000000E+0,40.000000E+0,3.000000E+0,1.000000E+0
9.113940E+3,104.286927E+0,106.890000E+0,-1.459742E+0,0.000000E+0,729.635000E-3,-13.310760E+0,14.904460E+0,-103.741200E+0,700.000000E-3,200.000000E+0,75.000000E+0,40.000000E+0,3.000000E+0,1.000000E+0
9.158471E+3,103.173488E+0,105.820000E+0,-1.448531E+0,0.000000E+0,715.227800E-3,-13.686260E+0,15.588120E+0,-105.277600E+0,700.000000E-3,200.000000E+0,75.000000E+0,40.000000E+0,3.000000E+0,1.000000E+0
9.203005E+3,102.060224E+0,104.740000E+0,-1.446187E+0,0.000000E+0,771.404800E-3,-12.843440E+0,16.351280E+0,-106.983000E+0,700.000000E-3,200.000000E+0,75.000000E+0,40.000000E+0,3.000000E+0,1.000000E+0
9.247556E+3,100.946860E+0,103.650000E+0,-1.443861E+0,0.000000E+0,815.282400E-3,-10.751920E+0,17.152620E+0,-108.635400E+0,700.000000E-3,200.000000E+0,75.000000E+0,40.000000E+0,3.000000E+0,1.000000E+0
9.292080E+3,99.833097E+0,102.540000E+0,-1.443855E+0,0.000000E+0,782.163800E-3,-12.339800E+0,17.956900E+0,-109.993600E+0,700.000000E-3,200.000000E+0,75.000000E+0,40.000000E+0,3.000000E+0,1.000000E+0
9.336609E+3,98.719983E+0,101.410000E+0,-1.448253E+0,0.000000E+0,759.346800E-3,-16.312740E+0,18.626560E+0,-111.070600E+0,700.000000E-3,200.000000E+0,75.000000E+0,40.000000E+0,3.000000E+0,1.000000E+0
9.381148E+3,97.606769E+0,100.290000E+0,-1.463933E+0,0.000000E+0,707.956200E-3,-19.143860E+0,19.116260E+0,-111.871800E+0,700.000000E-3,200.000000E+0,75.000000E+0,40.000000E+0,3.000000E+0,1.000000E+0
9.425689E+3,96.493306E+0,99.330000E+0,-1.484211E+0,0.000000E+0,731.696200E-3,-19.431340E+0,19.553480E+0,-112.542200E+0,700.000000E-3,200.000000E+0,75.000000E+0,40.000000E+0,3.000000E+0,1.000000E+0
9.470215E+3,95.379767E+0,98.270000E+0,-1.502273E+0,0.000000E+0,778.235000E-3,-18.313840E+0,19.930860E+0,-113.104000E+0,700.000000E-3,200.000000E+0,75.000000E+0,40.000000E+0,3.000000E+0,1.000000E+0
9.514741E+3,94.266628E+0,97.180000E+0,-1.475303E+0,0.000000E+0,764.805800E-3,-19.123240E+0,20.235780E+0,-113.582000E+0,700.000000E-3,200.000000E+0,75.000000E+0,40.000000E+0,3.000000E+0,1.000000E+0
9.559270E+3,93.153465E+0,96.230000E+0,-1.425823E+0,0.000000E+0,768.708000E-3,-19.655060E+0,20.557500E+0,-114.031200E+0,700.000000E-3,200.000000E+0,75.000000E+0,40.000000E+0,3.000000E+0,1.000000E+0
9.603797E+3,92.040251E+0,95.250000E+0,-1.403450E+0,0.000000E+0,797.956000E-3,-20.196360E+0,20.905820E+0,-114.460600E+0,700.000000E-3,200.000000E+0,75.000000E+0,40.000000E+0,3.000000E+0,1.000000E+0
9.648358E+3,90.927062E+0,94.320000E+0,-1.394597E+0,0.000000E+0,774.174800E-3,-21.944020E+0,21.203160E+0,-114.815000E+0,700.000000E-3,200.000000E+0,75.000000E+0,40.000000E+0,3.000000E+0,1.000000E+0
9.692867E+3,90.000000E+0,93.460000E+0,-1.374441E+0,0.000000E+0,756.415600E-3,-23.406080E+0,21.566720E+0,-115.196200E+0,700.000000E-3,200.000000E+0,75.000000E+0,40.000000E+0,3.000000E+0,1.000000E+0
9.737405E+3,90.000000E+0,92.640000E+0,-1.320367E+0,0.000000E+0,750.773600E-3,-22.948060E+0,21.975620E+0,-115.469800E+0,700.000000E-3,200.000000E+0,75.000000E+0,40.000000E+0,3.000000E+0,1.000000E+0
9.781941E+3,90.000000E+0,91.850000E+0,-1.264154E+0,0.000000E+0,730.779200E-3,-22.610220E+0,22.348200E+0,-115.782200E+0,700.000000E-3,200.000000E+0,75.000000E+0,40.000000E+0,3.000000E+0,1.000000E+0
9.826506E+3,90.000000E+0,91.120000E+0,-1.208048E+0,0.000000E+0,735.011400E-3,-22.462400E+0,22.572460E+0,-116.050400E+0,2.650000E+0,200.000000E+0,75.000000E+0,40.000000E+0,3.000000E+0,1.000000E+0
9.871021E+3,90.000000E+0,90.420000E+0,-1.140756E+0,4.000000E+0,726.810400E-3,-20.470720E+0,22.839820E+0,-116.354400E+0,2.650000E+0,200.000000E+0,75.000000E+0,40.000000E+0,3.000000E+0,1.000000E+0
9.915539E+3,90.000000E+0,89.760000E+0,-1.080011E+0,14.000000E+0,703.949800E-3,-17.363240E+0,23.038540E+0,-116.497000E+0,2.650000E+0,200.000000E+0,75.000000E+0,40.000000E+0,3.000000E+0,1.000000E+0
9.960084E+3,90.000000E+0,89.420000E+0,-1.023745E+0,10.000000E+0,640.546000E-3,-4.964878E+0,23.088620E+0,-116.424200E+0,2.650000E+0,200.000000E+0,75.000000E+0,40.000000E+0,3.000000E+0,1.000000E+0
10.004617E+3,90.000000E+0,89.760000E+0,-967.752844E-3,9.000000E+0,644.465200E-3,-5.365118E+0,23.079920E+0,-116.356000E+0,2.650000E+0,200.000000E+0,75.000000E+0,40.000000E+0,3.000000E+0,1.000000E+0
10.049147E+3,90.000000E+0,89.970000E+0,-851.127272E-3,10.000000E+0,644.884800E-3,-5.237944E+0,23.147620E+0,-116.314600E+0,2.650000E+0,200.000000E+0,75.000000E+0,40.000000E+0,3.000000E+0,1.000000E+0
10.093712E+3,90.000000E+0,89.980000E+0,-530.064289E-3,10.000000E+0,644.392600E-3,-6.540846E+0,23.194400E+0,-116.268200E+0,2.650000E+0,200.000000E+0,75.000000E+0,40.000000E+0,3.000000E+0,1.000000E+0
10.138709E+3,90.000000E+0,90.040000E+0,-101.051957E-3,9.000000E+0,659.651200E-3,-13.797036E+0,23.298480E+0,-116.224000E+0,2.650000E+0,200.000000E+0,75.000000E+0,40.000000E+0,3.000000E+0,1.000000E+0
10.183213E+3,90.000000E+0,90.080000E+0,172.893382E-3,10.000000E+0,641.321000E-3,-15.605440E+0,23.396920E+0,-116.188600E+0,2.650000E+0,200.000000E+0,75.000000E+0,40.000000E+0,3.000000E+0,1.000000E+0
10.616679E+3,91.232614E+0,90.120000E+0,188.524990E-3,10.000000E+0,615.776800E-3,-16.492240E+0,23.384140E+0,-116.125200E+0,1.840000E+0,200.000000E+0,75.000000E+0,40.000000E+0,3.000000E+0,1.000000E+0
10.661212E+3,91.232614E+0,90.120000E+0,87.363132E-3,6.000000E+0,632.797200E-3,-17.851580E+0,23.213260E+0,-115.863200E+0,2.650000E+0,200.000000E+0,75.000000E+0,40.000000E+0,3.000000E+0,1.000000E+0
10.705755E+3,92.345927E+0,91.460000E+0,37.788826E-3,1.000000E+0,648.276200E-3,-23.584880E+0,22.986840E+0,-115.470200E+0,1.660000E+0,200.000000E+0,75.000000E+0,40.000000E+0,3.000000E+0,1.000000E+0
10.750283E+3,93.459516E+0,92.020000E+0,22.062783E-3,18.000000E+0,667.969800E-3,-17.797260E+0,22.999900E+0,-115.289600E+0,1.120000E+0,200.000000E+0,75.000000E+0,40.000000E+0,3.000000E+0,1.000000E+0
10.794818E+3,94.572705E+0,92.150000E+0,300.583049E-3,8.000000E+0,727.273200E-3,-15.247140E+0,22.750080E+0,-114.856600E+0,1.840000E+0,200.000000E+0,75.000000E+0,40.000000E+0,3.000000E+0,1.000000E+0
10.839326E+3,95.686093E+0,93.820000E+0,727.397418E-3,12.000000E+0,779.663400E-3,-11.349700E+0,22.331040E+0,-114.278800E+0,2.650000E+0,200.000000E+0,75.000000E+0,40.000000E+0,3.000000E+0,1.000000E+0
10.883861E+3,96.798782E+0,94.880000E+0,882.438188E-3,14.000000E+0,783.387800E-3,-11.595680E+0,22.123980E+0,-113.849200E+0,2.650000E+0,200.000000E+0,75.000000E+0,40.000000E+0,3.000000E+0,1.000000E+0
10.928395E+3,97.912146E+0,95.900000E+0,985.870458E-3,12.000000E+0,742.359400E-3,-11.435480E+0,21.714580E+0,-113.182600E+0,2.650000E+0,200.000000E+0,75.000000E+0,40.000000E+0,3.000000E+0,1.000000E+0
10.972920E+3,99.025509E+0,97.220000E+0,1.172438E+0,15.000000E+0,671.766800E-3,-16.378740E+0,21.733740E+0,-112.758400E+0,2.650000E+0,200.000000E+0,75.000000E+0,40.000000E+0,3.000000E+0,1.000000E+0
11.017462E+3,100.138623E+0,98.300000E+0,1.484545E+0,17.000000E+0,646.551400E-3,-17.748020E+0,21.122920E+0,-112.408600E+0,2.650000E+0,200.000000E+0,75.000000E+0,40.000000E+0,3.000000E+0,1.000000E+0
11.061999E+3,101.252187E+0,99.330000E+0,1.605740E+0,16.000000E+0,777.012400E-3,-9.717668E+0,20.515640E+0,-111.879000E+0,2.650000E+0,200.000000E+0,75.000000E+0,40.000000E+0,3.000000E+0,1.000000E+0
11.106537E+3,102.365600E+0,100.540000E+0,1.531466E+0,1.000000E+0,721.256000E-3,-10.773472E+0,20.011620E+0,-111.283800E+0,2.650000E+0,200.000000E+0,75.000000E+0,40.000000E+0,3.000000E+0,1.000000E+0
11.151088E+3,103.479064E+0,101.960000E+0,1.538150E+0,8.000000E+0,622.756400E-3,-12.713020E+0,19.710280E+0,-110.860800E+0,1.720000E+0,200.000000E+0,75.000000E+0,40.000000E+0,3.000000E+0,1.000000E+0
11.195614E+3,104.592828E+0,102.780000E+0,1.515602E+0,2.000000E+0,597.419000E-3,-13.625020E+0,19.202520E+0,-110.421200E+0,1.240000E+0,200.000000E+0,75.000000E+0,40.000000E+0,3.000000E+0,1.000000E+0
11.240169E+3,105.705991E+0,104.160000E+0,1.567103E+0,11.000000E+0,670.695400E-3,-16.373860E+0,18.596660E+0,-109.973000E+0,1.300000E+0,200.000000E+0,75.000000E+0,40.000000E+0,3.000000E+0,1.000000E+0
11.284692E+3,106.819855E+0,104.990000E+0,1.596302E+0,4.000000E+0,735.770200E-3,-23.516140E+0,18.079980E+0,-109.363200E+0,1.480000E+0,200.000000E+0,75.000000E+0,40.000000E+0,3.000000E+0,1.000000E+0
11.329225E+3,107.932944E+0,106.370000E+0,1.587287E+0,14.000000E+0,724.615200E-3,-18.859940E+0,17.423540E+0,-108.850000E+0,1.600000E+0,200.000000E+0,75.000000E+0,40.000000E+0,3.000000E+0,1.000000E+0
11.373767E+3,109.046258E+0,107.190000E+0,1.493061E+0,5.000000E+0,792.367000E-3,-11.995640E+0,17.052980E+0,-108.349400E+0,1.780000E+0,200.000000E+0,75.000000E+0,40.000000E+0,3.000000E+0,1.000000E+0
11.418296E+3,110.159796E+0,108.540000E+0,1.486442E+0,15.000000E+0,797.383200E-3,-8.745012E+0,16.673740E+0,-107.808000E+0,1.840000E+0,200.000000E+0,75.000000E+0,40.000000E+0,3.000000E+0,1.000000E+0
11.462850E+3,111.273035E+0,109.440000E+0,1.486481E+0,6.000000E+0,793.437000E-3,-7.585742E+0,16.331680E+0,-107.325000E+0,2.650000E+0,200.000000E+0,75.000000E+0,40.000000E+0,3.000000E+0,1.000000E+0
11.507367E+3,112.386874E+0,110.790000E+0,1.477538E+0,19.000000E+0,886.228800E-3,-18.265320E+0,15.942720E+0,-106.674600E+0,2.650000E+0,200.000000E+0,75.000000E+0,40.000000E+0,3.000000E+0,1.000000E+0
11.551902E+3,113.499812E+0,111.660000E+0,1.486368E+0,8.000000E+0,856.345600E-3,-19.592660E+0,15.675920E+0,-106.183200E+0,2.650000E+0,200.000000E+0,75.000000E+0,40.000000E+0,3.000000E+0,1.000000E+0
11.596430E+3,114.613176E+0,113.020000E+0,1.497612E+0,23.000000E+0,945.949600E-3,-16.670800E+0,15.347060E+0,-105.575400E+0,2.650000E+0,200.000000E+0,75.000000E+0,40.000000E+0,3.000000E+0,1.000000E+0
11.640968E+3,115.726390E+0,113.880000E+0,1.508945E+0,10.000000E+0,1.042024E+0,-13.911560E+0,15.138440E+0,-105.126800E+0,2.650000E+0,200.000000E+0,75.000000E+0,40.000000E+0,3.000000E+0,1.000000E+0
11.685426E+3,116.839828E+0,115.220000E+0,1.504568E+0,26.000000E+0,1.041708E+0,-13.469820E+0,14.783680E+0,-104.384800E+0,2.650000E+0,200.000000E+0,75.000000E+0,40.000000E+0,3.000000E+0,1.000000E+0
11.729959E+3,117.951292E+0,116.130000E+0,1.497859E+0,13.000000E+0,1.015753E+0,-13.593900E+0,14.492460E+0,-103.793400E+0,2.650000E+0,200.000000E+0,75.000000E+0,40.000000E+0,3.000000E+0,1.000000E+0
11.774496E+3,119.064606E+0,117.440000E+0,1.493679E+0,28.000000E+0,1.078626E+0,-11.514440E+0,14.250920E+0,-103.287800E+0,2.650000E+0,200.000000E+0,75.000000E+0,40.000000E+0,3.000000E+0,1.000000E+0
11.819027E+3,120.178044E+0,118.330000E+0,1.498579E+0,16.000000E+0,1.182156E+0,-9.179528E+0,13.924860E+0,-102.542600E+0,2.650000E+0,200.000000E+0,75.000000E+0,40.000000E+0,3.000000E+0,1.000000E+0
11.863559E+3,121.291308E+0,119.690000E+0,1.498556E+0,29.000000E+0,1.154748E+0,-8.878568E+0,13.705380E+0,-101.983200E+0,2.650000E+0,200.000000E+0,75.000000E+0,40.000000E+0,3.000000E+0,1.000000E+0
11.908142E+3,122.404597E+0,120.610000E+0,1.498156E+0,19.000000E+0,1.142628E+0,-9.047420E+0,13.494440E+0,-101.420000E+0,2.650000E+0,200.000000E+0,75.000000E+0,40.000000E+0,3.000000E+0,1.000000E+0
11.952622E+3,123.519185E+0,121.880000E+0,1.497753E+0,31.000000E+0,1.124276E+0,-9.008858E+0,13.257680E+0,-100.800800E+0,2.650000E+0,200.000000E+0,75.000000E+0,40.000000E+0,3.000000E+0,1.000000E+0
11.997161E+3,124.631174E+0,122.860000E+0,1.510967E+0,24.000000E+0,1.129118E+0,-8.424696E+0,13.039360E+0,-100.190000E+0,2.650000E+0,200.000000E+0,75.000000E+0,40.000000E+0,3.000000E+0,1.000000E+0
12.041692E+3,125.744663E+0,124.050000E+0,1.508749E+0,31.000000E+0,1.086898E+0,-8.522786E+0,12.773960E+0,-99.483520E+0,2.650000E+0,200.000000E+0,75.000000E+0,40.000000E+0,3.000000E+0,1.000000E+0
12.086228E+3,126.857926E+0,125.140000E+0,1.508994E+0,28.000000E+0,1.110864E+0,-8.338122E+0,12.668860E+0,-99.097980E+0,2.650000E+0,200.000000E+0,75.000000E+0,40.000000E+0,3.000000E+0,1.000000E+0
12.130762E+3,127.971340E+0,126.230000E+0,1.484552E+0,32.000000E+0,1.080034E+0,-8.264156E+0,12.392180E+0,-98.347520E+0,2.650000E+0,200.000000E+0,75.000000E+0,40.000000E+0,3.000000E+0,1.000000E+0
12.175287E+3,129.084679E+0,127.420000E+0,1.504740E+0,35.000000E+0,1.097934E+0,-7.734852E+0,12.170320E+0,-97.710720E+0,2.650000E+0,200.000000E+0,75.000000E+0,40.000000E+0,3.000000E+0,1.000000E+0
12.219811E+3,130.197817E+0,128.410000E+0,1.488732E+0,34.000000E+0,1.103180E+0,-7.053956E+0,11.933080E+0,-96.998320E+0,2.650000E+0,200.000000E+0,75.000000E+0,40.000000E+0,3.000000E+0,1.000000E+0
12.264357E+3,131.310906E+0,129.630000E+0,1.513495E+0,38.000000E+0,1.186056E+0,-5.149610E+0,11.699280E+0,-96.324600E+0,2.650000E+0,200.000000E+0,75.000000E+0,40.000000E+0,3.000000E+0,1.000000E+0
12.308887E+3,132.424570E+0,130.720000E+0,1.491139E+0,37.000000E+0,1.227364E+0,-3.061468E+0,11.526700E+0,-95.825460E+0,2.650000E+0,200.000000E+0,75.000000E+0,40.000000E+0,3.000000E+0,1.000000E+0
12.353427E+3,133.537808E+0,131.870000E+0,1.497876E+0,41.000000E+0,1.174900E+0,-2.239352E+0,11.302260E+0,-95.088940E+0,2.650000E+0,200.000000E+0,75.000000E+0,40.000000E+0,3.000000E+0,1.000000E+0
12.397956E+3,134.651297E+0,132.970000E+0,1.504514E+0,41.000000E+0,1.176912E+0,-2.782416E+0,11.106140E+0,-94.396800E+0,2.650000E+0,200.000000E+0,75.000000E+0,40.000000E+0,3.000000E+0,1.000000E+0
12.442487E+3,135.764536E+0,134.080000E+0,1.517876E+0,42.000000E+0,1.167470E+0,-2.164438E+0,10.902820E+0,-93.744580E+0,2.650000E+0,200.000000E+0,75.000000E+0,40.000000E+0,3.000000E+0,1.000000E+0
12.487045E+3,136.877799E+0,135.210000E+0,1.526864E+0,45.000000E+0,1.215608E+0,-5.119608E+0,10.741460E+0,-93.183500E+0,2.650000E+0,200.000000E+0,75.000000E+0,40.000000E+0,3.000000E+0,1.000000E+0
12.531555E+3,137.991763E+0,136.300000E+0,1.504500E+0,46.000000E+0,1.250866E+0,-4.357004E+0,10.531580E+0,-92.483840E+0,2.650000E+0,200.000000E+0,75.000000E+0,40.000000E+0,3.000000E+0,1.000000E+0
12.576121E+3,139.104502E+0,137.370000E+0,1.504387E+0,45.000000E+0,1.299782E+0,-3.230360E+0,10.315300E+0,-91.756380E+0,2.650000E+0,200.000000E+0,75.000000E+0,40.000000E+0,3.000000E+0,1.000000E+0
12.620628E+3,140.218665E+0,138.560000E+0,1.497656E+0,48.000000E+0,1.298198E+0,-2.466376E+0,10.176040E+0,-91.220200E+0,2.650000E+0,200.000000E+0,75.000000E+0,40.000000E+0,3.000000E+0,1.000000E+0
12.665154E+3,141.331329E+0,139.700000E+0,1.486341E+0,52.000000E+0,1.315532E+0,-1.901884E+0,9.998970E+0,-90.580720E+0,2.650000E+0,200.000000E+0,75.000000E+0,40.000000E+0,3.000000E+0,1.000000E+0
12.709693E+3,142.444493E+0,140.750000E+0,1.490922E+0,49.000000E+0,1.336154E+0,-1.201838E+0,9.802292E+0,-89.831040E+0,2.650000E+0,200.000000E+0,75.000000E+0,40.000000E+0,3.000000E+0,1.000000E+0
12.754217E+3,143.557956E+0,141.950000E+0,1.515828E+0,55.000000E+0,1.414826E+0,-15.470600E-3,9.590832E+0,-89.021960E+0,2.650000E+0,200.000000E+0,75.000000E+0,40.000000E+0,3.000000E+0,1.000000E+0
12.798745E+3,144.671070E+0,142.960000E+0,1.522624E+0,55.000000E+0,1.411124E+0,745.091200E-3,9.428446E+0,-88.376140E+0,2.650000E+0,200.000000E+0,75.000000E+0,40.000000E+0,3.000000E+0,1.000000E+0
12.843282E+3,145.784259E+0,144.120000E+0,1.520436E+0,53.000000E+0,1.438886E+0,1.816438E+0,9.231134E+0,-87.552820E+0,2.650000E+0,200.000000E+0,75.000000E+0,40.000000E+0,3.000000E+0,1.000000E+0
12.887808E+3,146.897672E+0,145.260000E+0,1.493374E+0,58.000000E+0,1.485746E+0,2.750354E+0,9.130408E+0,-87.128820E+0,2.650000E+0,200.000000E+0,75.000000E+0,40.000000E+0,3.000000E+0,1.000000E+0
12.932346E+3,148.010836E+0,146.310000E+0,1.488888E+0,58.000000E+0,1.533452E+0,1.907303E+0,8.924718E+0,-86.083180E+0,2.650000E+0,200.000000E+0,75.000000E+0,40.000000E+0,3.000000E+0,1.000000E+0
12.976878E+3,149.124275E+0,147.480000E+0,1.500116E+0,60.000000E+0,1.533308E+0,1.441176E+0,8.788048E+0,-85.465300E+0,2.650000E+0,200.000000E+0,75.000000E+0,40.000000E+0,3.000000E+0,1.000000E+0
13.021770E+3,150.237589E+0,148.580000E+0,1.495558E+0,65.000000E+0,1.576358E+0,2.514268E+0,8.637324E+0,-84.758880E+0,2.650000E+0,200.000000E+0,75.000000E+0,40.000000E+0,3.000000E+0,1.000000E+0
13.066650E+3,151.359878E+0,149.630000E+0,1.506752E+0,64.000000E+0,1.606150E+0,2.473609E+0,8.490168E+0,-84.040980E+0,2.650000E+0,200.000000E+0,75.000000E+0,40.000000E+0,3.000000E+0,1.000000E+0
13.111563E+3,152.481892E+0,150.850000E+0,1.497958E+0,65.000000E+0,1.694194E+0,1.706778E+0,8.296024E+0,-83.178060E+0,2.650000E+0,200.000000E+0,75.000000E+0,40.000000E+0,3.000000E+0,1.000000E+0
13.156455E+3,153.604706E+0,151.950000E+0,1.485167E+0,69.000000E+0,1.782640E+0,3.093740E+0,8.082578E+0,-82.188100E+0,2.650000E+0,200.000000E+0,75.000000E+0,40.000000E+0,3.000000E+0,1.000000E+0
13.201337E+3,154.726995E+0,152.960000E+0,1.492290E+0,72.000000E+0,1.848234E+0,6.444702E+0,7.931850E+0,-81.442300E+0,2.650000E+0,200.000000E+0,75.000000E+0,40.000000E+0,3.000000E+0,1.000000E+0
13.246244E+3,155.849059E+0,154.180000E+0,1.501277E+0,70.000000E+0,1.909194E+0,6.921526E+0,7.812082E+0,-80.765800E+0,2.650000E+0,200.000000E+0,75.000000E+0,40.000000E+0,3.000000E+0,1.000000E+0
13.291116E+3,156.971724E+0,155.280000E+0,1.492355E+0,74.000000E+0,1.960258E+0,7.440676E+0,7.670388E+0,-79.986900E+0,2.650000E+0,200.000000E+0,75.000000E+0,40.000000E+0,3.000000E+0,1.000000E+0
13.336005E+3,158.093538E+0,156.370000E+0,1.483468E+0,77.000000E+0,1.961196E+0,7.734830E+0,7.545174E+0,-79.248100E+0,2.650000E+0,200.000000E+0,75.000000E+0,40.000000E+0,3.000000E+0,1.000000E+0
13.380901E+3,159.215752E+0,157.500000E+0,1.483612E+0,79.000000E+0,1.962108E+0,7.568542E+0,7.418002E+0,-78.453520E+0,2.650000E+0,200.000000E+0,75.000000E+0,40.000000E+0,3.000000E+0,1.000000E+0
13.425792E+3,160.338166E+0,158.650000E+0,1.501505E+0,81.000000E+0,2.012098E+0,8.202944E+0,7.319658E+0,-77.875040E+0,2.650000E+0,200.000000E+0,75.000000E+0,40.000000E+0,3.000000E+0,1.000000E+0
13.470693E+3,161.460430E+0,159.730000E+0,1.499300E+0,85.000000E+0,2.079434E+0,8.880930E+0,7.148950E+0,-76.791460E+0,2.650000E+0,200.000000E+0,75.000000E+0,40.000000E+0,3.000000E+0,1.000000E+0
13.515569E+3,162.582970E+0,160.860000E+0,1.490344E+0,91.000000E+0,2.065994E+0,9.250478E+0,7.052424E+0,-76.156040E+0,2.650000E+0,200.000000E+0,75.000000E+0,40.000000E+0,3.000000E+0,1.000000E+0
13.560465E+3,163.704859E+0,161.920000E+0,1.499085E+0,91.000000E+0,2.108122E+0,7.657770E+0,6.935770E+0,-75.379320E+0,2.650000E+0,200.000000E+0,75.000000E+0,40.000000E+0,3.000000E+0,1.000000E+0
13.605354E+3,164.827248E+0,163.120000E+0,1.496901E+0,93.000000E+0,2.178486E+0,5.875654E+0,6.815404E+0,-74.532240E+0,3.510000E+0,200.000000E+0,75.000000E+0,40.000000E+0,3.000000E+0,1.000000E+0
13.650248E+3,165.949487E+0,164.210000E+0,1.476940E+0,98.000000E+0,2.163840E+0,5.783888E+0,6.752168E+0,-74.116620E+0,3.620000E+0,200.000000E+0,75.000000E+0,40.000000E+0,3.000000E+0,1.000000E+0
13.695147E+3,167.071826E+0,165.260000E+0,1.483662E+0,99.000000E+0,2.170050E+0,5.717600E+0,6.618180E+0,-73.102300E+0,4.005000E+0,200.000000E+0,75.000000E+0,40.000000E+0,3.000000E+0,1.000000E+0
13.740043E+3,168.194316E+0,166.370000E+0,1.501450E+0,100.000000E+0,2.264458E+0,5.592220E+0,6.475256E+0,-72.001220E+0,4.335000E+0,200.000000E+0,75.000000E+0,40.000000E+0,3.000000E+0,1.000000E+0
13.784905E+3,169.316705E+0,167.450000E+0,1.490193E+0,100.000000E+0,2.267310E+0,7.095708E+0,6.336380E+0,-70.871820E+0,4.445000E+0,200.000000E+0,75.000000E+0,40.000000E+0,3.000000E+0,1.000000E+0
13.829788E+3,170.438269E+0,168.490000E+0,1.467864E+0,100.000000E+0,2.314518E+0,7.404722E+0,6.134954E+0,-69.237680E+0,4.500000E+0,200.000000E+0,75.000000E+0,40.000000E+0,3.000000E+0,1.000000E+0
13.874685E+3,171.560333E+0,169.600000E+0,1.445724E+0,100.000000E+0,2.338890E+0,7.003186E+0,5.960718E+0,-67.660260E+0,4.500000E+0,200.000000E+0,75.000000E+0,40.000000E+0,3.000000E+0,1.000000E+0
13.919571E+3,172.682747E+0,170.760000E+0,1.441522E+0,100.000000E+0,2.422106E+0,6.468692E+0,5.749754E+0,-65.713360E+0,4.500000E+0,200.000000E+0,75.000000E+0,40.000000E+0,3.000000E+0,1.000000E+0
13.964459E+3,173.804911E+0,171.890000E+0,1.439380E+0,100.000000E+0,2.456106E+0,6.562952E+0,5.564886E+0,-63.823220E+0,4.500000E+0,200.000000E+0,75.000000E+0,40.000000E+0,3.000000E+0,1.000000E+0
14.009358E+3,174.927101E+0,173.020000E+0,1.457065E+0,100.000000E+0,2.509182E+0,6.756228E+0,5.423002E+0,-62.327400E+0,4.500000E+0,200.000000E+0,75.000000E+0,40.000000E+0,3.000000E+0,1.000000E+0
14.054250E+3,176.049590E+0,174.130000E+0,1.494785E+0,100.000000E+0,2.596148E+0,5.954490E+0,5.278140E+0,-60.696580E+0,4.500000E+0,200.000000E+0,75.000000E+0,40.000000E+0,3.000000E+0,1.000000E+0
14.099136E+3,177.171879E+0,175.260000E+0,1.519245E+0,100.000000E+0,2.597328E+0,5.717316E+0,5.170222E+0,-59.431920E+0,4.500000E+0,200.000000E+0,75.000000E+0,40.000000E+0,3.000000E+0,1.000000E+0
14.144025E+3,178.294043E+0,176.340000E+0,1.512518E+0,100.000000E+0,2.662314E+0,5.840742E+0,5.051728E+0,-57.987860E+0,4.500000E+0,200.000000E+0,75.000000E+0,40.000000E+0,3.000000E+0,1.000000E+0
14.188922E+3,179.416257E+0,177.480000E+0,1.501356E+0,100.000000E+0,2.665072E+0,5.683662E+0,4.956920E+0,-56.765240E+0,4.500000E+0,200.000000E+0,75.000000E+0,40.000000E+0,3.000000E+0,1.000000E+0
14.233811E+3,180.538672E+0,178.540000E+0,1.490285E+0,100.000000E+0,2.737460E+0,5.576414E+0,4.869504E+0,-55.605260E+0,4.500000E+0,200.000000E+0,75.000000E+0,40.000000E+0,3.000000E+0,1.000000E+0
14.278732E+3,181.660911E+0,179.600000E+0,1.485863E+0,100.000000E+0,2.690360E+0,6.357952E+0,4.809858E+0,-54.849540E+0,4.500000E+0,200.000000E+0,75.000000E+0,40.000000E+0,3.000000E+0,1.000000E+0
14.323585E+3,182.783925E+0,180.640000E+0,1.476909E+0,100.000000E+0,2.737976E+0,5.267872E+0,4.732682E+0,-53.760840E+0,4.500000E+0,200.000000E+0,75.000000E+0,40.000000E+0,3.000000E+0,1.000000E+0
14.368471E+3,183.905264E+0,181.620000E+0,1.456674E+0,100.000000E+0,2.752748E+0,5.571696E+0,4.678862E+0,-53.000560E+0,4.500000E+0,200.000000E+0,75.000000E+0,40.000000E+0,3.000000E+0,1.000000E+0
14.413358E+3,185.027403E+0,182.620000E+0,1.430001E+0,100.000000E+0,2.779868E+0,5.587942E+0,4.614256E+0,-52.072340E+0,4.500000E+0,200.000000E+0,75.000000E+0,40.000000E+0,3.000000E+0,1.000000E+0
14.458248E+3,186.149593E+0,183.570000E+0,1.390142E+0,100.000000E+0,2.787732E+0,5.169952E+0,4.556364E+0,-51.167560E+0,4.500000E+0,200.000000E+0,75.000000E+0,40.000000E+0,3.000000E+0,1.000000E+0
14.503144E+3,187.271832E+0,184.480000E+0,1.359146E+0,100.000000E+0,2.819880E+0,5.175418E+0,4.516556E+0,-50.586260E+0,4.500000E+0,200.000000E+0,75.000000E+0,40.000000E+0,3.000000E+0,1.000000E+0
14.548035E+3,188.394221E+0,185.340000E+0,1.325715E+0,100.000000E+0,2.865412E+0,4.881314E+0,4.468716E+0,-49.855520E+0,4.500000E+0,200.000000E+0,75.000000E+0,40.000000E+0,3.000000E+0,1.000000E+0
14.592923E+3,189.516510E+0,186.270000E+0,1.289843E+0,100.000000E+0,2.844450E+0,4.837946E+0,4.440204E+0,-49.377740E+0,4.500000E+0,200.000000E+0,75.000000E+0,40.000000E+0,3.000000E+0,1.000000E+0
14.637853E+3,190.638699E+0,187.030000E+0,1.242997E+0,100.000000E+0,2.831972E+0,5.179418E+0,4.395698E+0,-48.683300E+0,4.500000E+0,200.000000E+0,75.000000E+0,40.000000E+0,3.000000E+0,1.000000E+0
14.682708E+3,191.761964E+0,187.870000E+0,1.207345E+0,100.000000E+0,2.830820E+0,4.731022E+0,4.377676E+0,-48.389080E+0,4.500000E+0,200.000000E+0,75.000000E+0,40.000000E+0,3.000000E+0,1.000000E+0
14.727602E+3,192.883328E+0,188.650000E+0,1.169338E+0,100.000000E+0,2.832242E+0,4.767984E+0,4.331788E+0,-47.658020E+0,4.500000E+0,200.000000E+0,75.000000E+0,40.000000E+0,3.000000E+0,1.000000E+0
14.772496E+3,194.005692E+0,189.370000E+0,1.131479E+0,100.000000E+0,2.850714E+0,4.777768E+0,4.308800E+0,-47.296180E+0,4.500000E+0,200.000000E+0,75.000000E+0,40.000000E+0,3.000000E+0,1.000000E+0
14.817386E+3,195.128031E+0,190.110000E+0,1.093729E+0,100.000000E+0,2.872842E+0,4.887594E+0,4.284590E+0,-46.899660E+0,4.500000E+0,200.000000E+0,75.000000E+0,40.000000E+0,3.000000E+0,1.000000E+0
14.862278E+3,196.250270E+0,190.740000E+0,1.051533E+0,100.000000E+0,2.903768E+0,5.357474E+0,4.252330E+0,-46.376960E+0,4.500000E+0,200.000000E+0,75.000000E+0,40.000000E+0,3.000000E+0,1.000000E+0
14.907169E+3,197.372584E+0,191.360000E+0,1.020354E+0,100.000000E+0,2.932896E+0,4.698150E+0,4.218904E+0,-45.796500E+0,4.500000E+0,200.000000E+0,75.000000E+0,40.000000E+0,3.000000E+0,1.000000E+0
14.952066E+3,198.494849E+0,192.000000E+0,964.531193E-3,100.000000E+0,2.939036E+0,5.053570E+0,4.192550E+0,-45.345360E+0,4.500000E+0,200.000000E+0,75.000000E+0,40.000000E+0,3.000000E+0,1.000000E+0
14.996949E+3,199.617288E+0,192.580000E+0,908.860054E-3,100.000000E+0,2.968336E+0,4.664616E+0,4.164118E+0,-44.838180E+0,4.500000E+0,200.000000E+0,75.000000E+0,40.000000E+0,3.000000E+0,1.000000E+0
15.041851E+3,200.739352E+0,193.160000E+0,864.292627E-3,100.000000E+0,3.015334E+0,4.764200E+0,4.135456E+0,-44.337920E+0,4.500000E+0,200.000000E+0,75.000000E+0,40.000000E+0,3.000000E+0,1.000000E+0
15.086751E+3,201.861916E+0,193.800000E+0,830.884461E-3,100.000000E+0,3.044254E+0,4.745794E+0,4.104828E+0,-43.770840E+0,4.500000E+0,200.000000E+0,75.000000E+0,40.000000E+0,3.000000E+0,1.000000E+0
15.131659E+3,202.984405E+0,194.450000E+0,810.830395E-3,100.000000E+0,3.027446E+0,4.664448E+0,4.081280E+0,-43.360240E+0,4.500000E+0,200.000000E+0,75.000000E+0,40.000000E+0,3.000000E+0,1.000000E+0
15.176529E+3,204.107120E+0,195.040000E+0,801.878164E-3,100.000000E+0,3.040884E+0,4.635958E+0,4.052280E+0,-42.848680E+0,4.500000E+0,200.000000E+0,75.000000E+0,40.000000E+0,3.000000E+0,1.000000E+0
15.221416E+3,205.228859E+0,195.700000E+0,817.382215E-3,100.000000E+0,3.060902E+0,4.812242E+0,4.018084E+0,-42.243940E+0,4.500000E+0,200.000000E+0,75.000000E+0,40.000000E+0,3.000000E+0,1.000000E+0
15.266312E+3,206.351023E+0,196.370000E+0,835.224076E-3,100.000000E+0,3.048406E+0,4.829254E+0,3.985268E+0,-41.668500E+0,4.500000E+0,200.000000E+0,75.000000E+0,40.000000E+0,3.000000E+0,1.000000E+0
15.311196E+3,207.473437E+0,197.080000E+0,842.048114E-3,100.000000E+0,3.102426E+0,4.706566E+0,3.935802E+0,-40.750820E+0,4.500000E+0,200.000000E+0,75.000000E+0,40.000000E+0,3.000000E+0,1.000000E+0
15.356088E+3,208.595526E+0,197.930000E+0,851.038469E-3,100.000000E+0,3.094956E+0,4.624746E+0,3.877228E+0,-39.683020E+0,4.500000E+0,200.000000E+0,75.000000E+0,40.000000E+0,3.000000E+0,1.000000E+0
15.401007E+3,209.717841E+0,198.860000E+0,882.219614E-3,100.000000E+0,3.172228E+0,4.655076E+0,3.816408E+0,-38.580100E+0,4.500000E+0,200.000000E+0,75.000000E+0,40.000000E+0,3.000000E+0,1.000000E+0
15.445903E+3,210.840805E+0,199.910000E+0,951.218231E-3,100.000000E+0,3.196212E+0,4.635762E+0,3.739886E+0,-37.114920E+0,4.500000E+0,200.000000E+0,75.000000E+0,40.000000E+0,3.000000E+0,1.000000E+0
15.490754E+3,211.963219E+0,201.080000E+0,1.051336E+0,100.000000E+0,3.191204E+0,4.665808E+0,3.665158E+0,-35.731520E+0,4.500000E+0,200.000000E+0,75.000000E+0,40.000000E+0,3.000000E+0,1.000000E+0
15.535641E+3,213.084483E+0,202.410000E+0,1.184824E+0,100.000000E+0,3.198662E+0,4.677282E+0,3.575622E+0,-34.020160E+0,4.500000E+0,200.000000E+0,75.000000E+0,40.000000E+0,3.000000E+0,1.000000E+0
15.580545E+3,214.206647E+0,203.940000E+0,1.332016E+0,100.000000E+0,3.236510E+0,4.203350E+0,3.450428E+0,-30.574640E+0,4.500000E+0,200.000000E+0,75.000000E+0,40.000000E+0,3.000000E+0,1.000000E+0
15.625456E+3,215.329262E+0,205.750000E+0,1.492812E+0,100.000000E+0,3.190746E+0,4.205440E+0,3.378210E+0,-29.931860E+0,4.500000E+0,200.000000E+0,75.000000E+0,40.000000E+0,3.000000E+0,1.000000E+0
15.670315E+3,216.452026E+0,207.730000E+0,1.688940E+0,100.000000E+0,3.129864E+0,4.361320E+0,3.285820E+0,-28.353660E+0,4.500000E+0,200.000000E+0,75.000000E+0,40.000000E+0,3.000000E+0,1.000000E+0
15.715212E+3,217.573515E+0,209.930000E+0,1.937967E+0,100.000000E+0,3.063650E+0,4.116130E+0,3.206318E+0,-27.949920E+0,4.500000E+0,200.000000E+0,75.000000E+0,40.000000E+0,3.000000E+0,1.000000E+0
15.760106E+3,218.695929E+0,212.450000E+0,2.225163E+0,100.000000E+0,2.994036E+0,4.369350E+0,3.119504E+0,-27.008020E+0,4.500000E+0,200.000000E+0,75.000000E+0,40.000000E+0,3.000000E+0,1.000000E+0
15.804993E+3,219.818293E+0,214.940000E+0,2.519541E+0,97.000000E+0,2.923574E+0,4.261514E+0,3.032718E+0,-25.576760E+0,4.500000E+0,200.000000E+0,75.000000E+0,40.000000E+0,3.000000E+0,1.000000E+0
15.849878E+3,220.940457E+0,217.850000E+0,2.827120E+0,60.000000E+0,2.869048E+0,3.965168E+0,2.937358E+0,-23.220840E+0,4.335000E+0,200.000000E+0,75.000000E+0,40.000000E+0,3.000000E+0,1.000000E+0
15.894766E+3,222.062572E+0,220.600000E+0,3.098789E+0,51.000000E+0,2.798752E+0,3.905770E+0,2.864452E+0,-22.428880E+0,2.650000E+0,200.000000E+0,75.000000E+0,40.000000E+0,3.000000E+0,1.000000E+0
15.939648E+3,223.184786E+0,222.220000E+0,3.370435E+0,56.000000E+0,2.745414E+0,3.857924E+0,2.802070E+0,-21.790580E+0,2.650000E+0,200.000000E+0,75.000000E+0,40.000000E+0,3.000000E+0,1.000000E+0
15.984542E+3,224.306825E+0,223.030000E+0,3.580063E+0,56.000000E+0,2.689282E+0,3.821650E+0,2.744734E+0,-21.929000E+0,2.650000E+0,200.000000E+0,75.000000E+0,40.000000E+0,3.000000E+0,1.000000E+0
16.029433E+3,225.429189E+0,224.080000E+0,3.437613E+0,54.000000E+0,2.636352E+0,3.920716E+0,2.698840E+0,-21.923940E+0,2.650000E+0,200.000000E+0,75.000000E+0,40.000000E+0,3.000000E+0,1.000000E+0
16.074322E+3,226.551453E+0,225.360000E+0,2.775901E+0,45.000000E+0,2.599572E+0,4.134658E+0,2.654006E+0,-21.342080E+0,2.650000E+0,200.000000E+0,75.000000E+0,40.000000E+0,3.000000E+0,1.000000E+0
16.119203E+3,227.673693E+0,226.790000E+0,1.929267E+0,40.000000E+0,2.561996E+0,4.152160E+0,2.614764E+0,-21.174280E+0,2.650000E+0,200.000000E+0,75.000000E+0,40.000000E+0,3.000000E+0,1.000000E+0
16.164113E+3,228.795707E+0,227.950000E+0,1.474715E+0,40.000000E+0,2.521012E+0,4.036792E+0,2.577472E+0,-20.849200E+0,2.650000E+0,200.000000E+0,75.000000E+0,40.000000E+0,3.000000E+0,1.000000E+0
16.208975E+3,229.918446E+0,228.950000E+0,1.537133E+0,42.000000E+0,2.486538E+0,3.992462E+0,2.543542E+0,-20.601620E+0,2.650000E+0,200.000000E+0,75.000000E+0,40.000000E+0,3.000000E+0,1.000000E+0
16.253866E+3,231.040010E+0,229.880000E+0,1.699711E+0,39.000000E+0,2.458500E+0,3.880636E+0,2.511616E+0,-20.178140E+0,2.650000E+0,200.000000E+0,75.000000E+0,40.000000E+0,3.000000E+0,1.000000E+0
16.298752E+3,232.162274E+0,231.060000E+0,1.661883E+0,36.000000E+0,2.429672E+0,3.839758E+0,2.480976E+0,-19.815460E+0,2.650000E+0,200.000000E+0,75.000000E+0,40.000000E+0,3.000000E+0,1.000000E+0
16.343644E+3,233.284439E+0,232.240000E+0,1.488188E+0,34.000000E+0,2.405918E+0,3.756040E+0,2.451134E+0,-19.312760E+0,2.650000E+0,200.000000E+0,75.000000E+0,40.000000E+0,3.000000E+0,1.000000E+0
16.388536E+3,234.406728E+0,233.440000E+0,1.381340E+0,33.000000E+0,2.382692E+0,3.801022E+0,2.425372E+0,-18.948380E+0,2.650000E+0,200.000000E+0,75.000000E+0,40.000000E+0,3.000000E+0,1.000000E+0
16.433434E+3,235.529042E+0,234.540000E+0,1.425862E+0,30.000000E+0,2.360434E+0,3.922898E+0,2.401988E+0,-18.777460E+0,2.650000E+0,200.000000E+0,75.000000E+0,40.000000E+0,3.000000E+0,1.000000E+0
16.478320E+3,236.651481E+0,235.670000E+0,1.525954E+0,27.000000E+0,2.338886E+0,3.856038E+0,2.381000E+0,-18.657860E+0,2.650000E+0,200.000000E+0,75.000000E+0,40.000000E+0,3.000000E+0,1.000000E+0
16.523212E+3,237.773620E+0,236.890000E+0,1.568207E+0,29.000000E+0,2.315922E+0,3.594630E+0,2.359084E+0,-18.728980E+0,2.650000E+0,200.000000E+0,75.000000E+0,40.000000E+0,3.000000E+0,1.000000E+0
16.568088E+3,238.895934E+0,237.800000E+0,1.539219E+0,28.000000E+0,2.293968E+0,3.721454E+0,2.339798E+0,-18.641840E+0,2.650000E+0,200.000000E+0,75.000000E+0,40.000000E+0,3.000000E+0,1.000000E+0
16.612969E+3,240.017824E+0,238.950000E+0,1.532571E+0,24.000000E+0,2.279526E+0,3.667852E+0,2.321806E+0,-18.569540E+0,2.650000E+0,200.000000E+0,75.000000E+0,40.000000E+0,3.000000E+0,1.000000E+0
16.657882E+3,241.139863E+0,240.190000E+0,1.494821E+0,24.000000E+0,2.259122E+0,3.789690E+0,2.303122E+0,-18.350740E+0,2.650000E+0,200.000000E+0,75.000000E+0,40.000000E+0,3.000000E+0,1.000000E+0
16.702752E+3,242.262677E+0,241.200000E+0,1.457085E+0,25.000000E+0,2.239246E+0,3.857074E+0,2.286178E+0,-18.239480E+0,2.650000E+0,200.000000E+0,75.000000E+0,40.000000E+0,3.000000E+0,1.000000E+0
16.747636E+3,243.384441E+0,242.290000E+0,1.465901E+0,24.000000E+0,2.222956E+0,3.655202E+0,2.270986E+0,-18.056860E+0,2.650000E+0,200.000000E+0,75.000000E+0,40.000000E+0,3.000000E+0,1.000000E+0
16.792527E+3,244.506530E+0,243.400000E+0,1.492553E+0,22.000000E+0,2.214452E+0,3.627408E+0,2.252646E+0,-17.942380E+0,2.650000E+0,200.000000E+0,75.000000E+0,40.000000E+0,3.000000E+0,1.000000E+0
16.837411E+3,245.628820E+0,244.500000E+0,1.501481E+0,23.000000E+0,2.200090E+0,3.743832E+0,2.237322E+0,-17.849420E+0,2.650000E+0,200.000000E+0,75.000000E+0,40.000000E+0,3.000000E+0,1.000000E+0
16.882288E+3,246.750909E+0,245.620000E+0,1.459266E+0,21.000000E+0,2.184084E+0,3.803910E+0,2.222700E+0,-17.749960E+0,2.650000E+0,200.000000E+0,75.000000E+0,40.000000E+0,3.000000E+0,1.000000E+0
16.927176E+3,247.872823E+0,246.730000E+0,1.450400E+0,22.000000E+0,2.165666E+0,3.488490E+0,2.208854E+0,-17.673820E+0,2.650000E+0,200.000000E+0,75.000000E+0,40.000000E+0,3.000000E+0,1.000000E+0
16.972058E+3,248.995037E+0,247.860000E+0,1.477106E+0,22.000000E+0,2.155052E+0,3.530418E+0,2.195776E+0,-17.570040E+0,2.650000E+0,200.000000E+0,75.000000E+0,40.000000E+0,3.000000E+0,1.000000E+0
17.016945E+3,250.117076E+0,249.000000E+0,1.483845E+0,18.000000E+0,2.141056E+0,3.741052E+0,2.182834E+0,-17.511820E+0,2.650000E+0,200.000000E+0,75.000000E+0,40.000000E+0,3.000000E+0,1.000000E+0
17.061830E+3,251.239265E+0,250.240000E+0,1.490556E+0,18.000000E+0,2.127686E+0,3.688564E+0,2.170536E+0,-17.543920E+0,2.650000E+0,200.000000E+0,75.000000E+0,40.000000E+0,3.000000E+0,1.000000E+0
17.106729E+3,252.361380E+0,251.310000E+0,1.501646E+0,20.000000E+0,2.115388E+0,3.832386E+0,2.159120E+0,-17.541080E+0,2.650000E+0,200.000000E+0,75.000000E+0,40.000000E+0,3.000000E+0,1.000000E+0
17.151614E+3,253.483869E+0,252.280000E+0,1.535025E+0,18.000000E+0,2.108062E+0,3.775918E+0,2.148254E+0,-17.466680E+0,2.650000E+0,200.000000E+0,75.000000E+0,40.000000E+0,3.000000E+0,1.000000E+0
17.196497E+3,254.605983E+0,253.460000E+0,1.550541E+0,18.000000E+0,2.091650E+0,3.698750E+0,2.138214E+0,-17.406740E+0,2.650000E+0,200.000000E+0,75.000000E+0,40.000000E+0,3.000000E+0,1.000000E+0
17.241357E+3,255.728047E+0,254.550000E+0,1.499222E+0,19.000000E+0,2.090308E+0,3.605048E+0,2.128620E+0,-17.339980E+0,2.650000E+0,200.000000E+0,75.000000E+0,40.000000E+0,3.000000E+0,1.000000E+0
17.286236E+3,256.849561E+0,255.640000E+0,1.448008E+0,20.000000E+0,2.084670E+0,3.652042E+0,2.118782E+0,-17.367480E+0,2.650000E+0,200.000000E+0,75.000000E+0,40.000000E+0,3.000000E+0,1.000000E+0
17.331121E+3,257.971526E+0,256.740000E+0,1.439329E+0,19.000000E+0,2.067716E+0,3.671310E+0,2.109382E+0,-17.334240E+0,2.650000E+0,200.000000E+0,75.000000E+0,40.000000E+0,3.000000E+0,1.000000E+0
17.376013E+3,259.093665E+0,257.940000E+0,1.470758E+0,18.000000E+0,2.061478E+0,3.758466E+0,2.100172E+0,-17.355840E+0,2.650000E+0,200.000000E+0,75.000000E+0,40.000000E+0,3.000000E+0,1.000000E+0
17.420889E+3,260.215954E+0,259.050000E+0,1.479686E+0,19.000000E+0,2.051192E+0,3.918988E+0,2.089934E+0,-17.465360E+0,2.650000E+0,200.000000E+0,75.000000E+0,40.000000E+0,3.000000E+0,1.000000E+0
17.465779E+3,261.337868E+0,260.090000E+0,1.486178E+0,18.000000E+0,2.035272E+0,3.814428E+0,2.080316E+0,-17.327820E+0,2.650000E+0,200.000000E+0,75.000000E+0,40.000000E+0,3.000000E+0,1.000000E+0
17.510659E+3,262.460107E+0,261.210000E+0,1.514985E+0,17.000000E+0,2.029672E+0,3.573312E+0,2.073054E+0,-17.374580E+0,2.650000E+0,200.000000E+0,75.000000E+0,40.000000E+0,3.000000E+0,1.000000E+0
17.555540E+3,263.582096E+0,262.450000E+0,1.506062E+0,19.000000E+0,2.025468E+0,3.640846E+0,2.063590E+0,-17.483560E+0,2.650000E+0,200.000000E+0,75.000000E+0,40.000000E+0,3.000000E+0,1.000000E+0
17.600426E+3,264.704136E+0,263.500000E+0,1.474916E+0,17.000000E+0,2.012062E+0,3.761456E+0,2.053252E+0,-17.583360E+0,2.650000E+0,200.000000E+0,75.000000E+0,40.000000E+0,3.000000E+0,1.000000E+0
17.645317E+3,265.826275E+0,264.740000E+0,1.486097E+0,17.000000E+0,2.004368E+0,3.861324E+0,2.044420E+0,-17.598880E+0,2.650000E+0,200.000000E+0,75.000000E+0,40.000000E+0,3.000000E+0,1.000000E+0
17.690205E+3,266.948564E+0,265.800000E+0,1.517284E+0,20.000000E+0,1.996576E+0,4.059386E+0,2.035830E+0,-17.616940E+0,2.650000E+0,200.000000E+0,75.000000E+0,40.000000E+0,3.000000E+0,1.000000E+0
17.735083E+3,268.070753E+0,266.680000E+0,1.546201E+0,19.000000E+0,1.984518E+0,3.956226E+0,2.027440E+0,-17.834180E+0,2.650000E+0,200.000000E+0,75.000000E+0,40.000000E+0,3.000000E+0,1.000000E+0
17.779971E+3,269.192717E+0,267.850000E+0,1.532730E+0,20.000000E+0,1.979320E+0,3.946480E+0,2.019242E+0,-17.763240E+0,2.650000E+0,200.000000E+0,75.000000E+0,40.000000E+0,3.000000E+0,1.000000E+0
17.824851E+3,270.314907E+0,268.950000E+0,1.454755E+0,20.000000E+0,1.969160E+0,3.779546E+0,2.010752E+0,-17.969160E+0,2.650000E+0,200.000000E+0,75.000000E+0,40.000000E+0,3.000000E+0,1.000000E+0
17.869766E+3,271.436896E+0,270.130000E+0,1.401345E+0,22.000000E+0,1.965062E+0,3.888446E+0,2.002614E+0,-18.337800E+0,2.650000E+0,200.000000E+0,75.000000E+0,40.000000E+0,3.000000E+0,1.000000E+0
17.914626E+3,272.559785E+0,271.230000E+0,1.394730E+0,24.000000E+0,1.946972E+0,4.067724E+0,1.994352E+0,-18.475160E+0,2.650000E+0,200.000000E+0,75.000000E+0,40.000000E+0,3.000000E+0,1.000000E+0
17.959526E+3,273.681274E+0,272.330000E+0,1.470318E+0,24.000000E+0,1.946908E+0,4.283818E+0,1.985772E+0,-18.474660E+0,2.650000E+0,200.000000E+0,75.000000E+0,40.000000E+0,3.000000E+0,1.000000E+0
18.004392E+3,274.803788E+0,273.340000E+0,1.521511E+0,22.000000E+0,1.931438E+0,4.113240E+0,1.977304E+0,-18.464040E+0,2.650000E+0,200.000000E+0,75.000000E+0,40.000000E+0,3.000000E+0,1.000000E+0
18.049276E+3,275.925427E+0,274.660000E+0,1.505954E+0,24.000000E+0,1.927348E+0,4.384930E+0,1.969758E+0,-18.457640E+0,2.650000E+0,200.000000E+0,75.000000E+0,40.000000E+0,3.000000E+0,1.000000E+0
18.094158E+3,277.047542E+0,275.690000E+0,1.468242E+0,24.000000E+0,1.916174E+0,4.092436E+0,1.961400E+0,-18.448780E+0,2.650000E+0,200.000000E+0,75.000000E+0,40.000000E+0,3.000000E+0,1.000000E+0
18.139029E+3,278.169581E+0,276.920000E+0,1.479525E+0,24.000000E+0,1.913366E+0,4.254852E+0,1.953832E+0,-18.458520E+0,2.650000E+0,200.000000E+0,75.000000E+0,40.000000E+0,3.000000E+0,1.000000E+0
18.183920E+3,279.291370E+0,278.060000E+0,1.512913E+0,24.000000E+0,1.904978E+0,4.208746E+0,1.946524E+0,-18.454060E+0,2.650000E+0,200.000000E+0,75.000000E+0,40.000000E+0,3.000000E+0,1.000000E+0
18.228797E+3,280.413634E+0,279.110000E+0,1.546406E+0,25.000000E+0,1.896708E+0,4.171056E+0,1.939470E+0,-18.438920E+0,2.650000E+0,200.000000E+0,75.000000E+0,40.000000E+0,3.000000E+0,1.000000E+0
18.273669E+3,281.535548E+0,280.160000E+0,1.555249E+0,27.000000E+0,1.891118E+0,4.260186E+0,1.932296E+0,-18.450640E+0,2.650000E+0,200.000000E+0,75.000000E+0,40.000000E+0,3.000000E+0,1.000000E+0
18.318554E+3,282.657362E+0,281.310000E+0,1.519595E+0,28.000000E+0,1.889014E+0,4.174340E+0,1.926312E+0,-18.441600E+0,2.650000E+0,200.000000E+0,75.000000E+0,40.000000E+0,3.000000E+0,1.000000E+0
18.363440E+3,283.779477E+0,282.490000E+0,1.483963E+0,27.000000E+0,1.883672E+0,4.274942E+0,1.919686E+0,-18.434360E+0,2.650000E+0,200.000000E+0,75.000000E+0,40.000000E+0,3.000000E+0,1.000000E+0
18.408314E+3,284.901641E+0,283.560000E+0,1.446112E+0,28.000000E+0,1.868556E+0,4.142144E+0,1.912328E+0,-18.473120E+0,2.650000E+0,200.000000E+0,75.000000E+0,40.000000E+0,3.000000E+0,1.000000E+0
18.453216E+3,286.023480E+0,284.640000E+0,1.477281E+0,30.000000E+0,1.866514E+0,4.128530E+0,1.905454E+0,-18.515620E+0,2.650000E+0,200.000000E+0,75.000000E+0,40.000000E+0,3.000000E+0,1.000000E+0
18.498099E+3,287.146044E+0,285.710000E+0,1.510646E+0,30.000000E+0,1.859808E+0,4.294564E+0,1.898836E+0,-18.521040E+0,2.650000E+0,200.000000E+0,75.000000E+0,40.000000E+0,3.000000E+0,1.000000E+0
18.542979E+3,288.268108E+0,286.910000E+0,1.499403E+0,31.000000E+0,1.847916E+0,4.413484E+0,1.892362E+0,-18.517740E+0,2.650000E+0,200.000000E+0,75.000000E+0,40.000000E+0,3.000000E+0,1.000000E+0
18.587864E+3,289.390098E+0,288.010000E+0,1.459226E+0,31.000000E+0,1.838206E+0,4.419050E+0,1.885542E+0,-18.512920E+0,2.650000E+0,200.000000E+0,75.000000E+0,40.000000E+0,3.000000E+0,1.000000E+0
18.632743E+3,290.000000E+0,289.130000E+0,1.463672E+0,33.000000E+0,1.837874E+0,4.317250E+0,1.878954E+0,-18.534620E+0,2.650000E+0,200.000000E+0,75.000000E+0,40.000000E+0,3.000000E+0,1.000000E+0
18.677623E+3,290.000000E+0,290.240000E+0,1.497151E+0,28.000000E+0,1.833040E+0,4.111232E+0,1.872628E+0,-18.545400E+0,2.650000E+0,200.000000E+0,75.000000E+0,40.000000E+0,3.000000E+0,1.000000E+0
18.722498E+3,290.000000E+0,291.240000E+0,1.512859E+0,19.000000E+0,1.825032E+0,4.201250E+0,1.867654E+0,-18.559920E+0,2.650000E+0,200.000000E+0,75.000000E+0,40.000000E+0,3.000000E+0,1.000000E+0
18.767373E+3,290.000000E+0,291.800000E+0,1.503963E+0,14.000000E+0,1.819286E+0,4.121752E+0,1.863304E+0,-18.589180E+0,2.650000E+0,200.000000E+0,75.000000E+0,40.000000E+0,3.000000E+0,1.000000E+0
18.812284E+3,290.000000E+0,292.020000E+0,1.461683E+0,11.000000E+0,1.817940E+0,4.375938E+0,1.860358E+0,-18.604920E+0,2.650000E+0,200.000000E+0,75.000000E+0,40.000000E+0,3.000000E+0,1.000000E+0
18.857162E+3,290.000000E+0,292.020000E+0,1.314685E+0,10.000000E+0,1.811700E+0,4.139138E+0,1.858730E+0,-18.648400E+0,2.650000E+0,200.000000E+0,75.000000E+0,40.000000E+0,3.000000E+0,1.000000E+0
18.902020E+3,290.000000E+0,291.910000E+0,991.546089E-3,9.000000E+0,1.812828E+0,4.591822E+0,1.858048E+0,-18.681900E+0,2.650000E+0,200.000000E+0,75.000000E+0,40.000000E+0,3.000000E+0,1.000000E+0
18.946905E+3,290.000000E+0,291.690000E+0,570.382243E-3,9.000000E+0,1.811698E+0,4.160214E+0,1.858162E+0,-18.714340E+0,1.840000E+0,200.000000E+0,75.000000E+0,40.000000E+0,3.000000E+0,1.000000E+0
18.991820E+3,290.000000E+0,291.350000E+0,198.234126E-3,9.000000E+0,1.814210E+0,4.437042E+0,1.858044E+0,-18.731920E+0,2.650000E+0,200.000000E+0,75.000000E+0,40.000000E+0,3.000000E+0,1.000000E+0
19.036676E+3,290.000000E+0,291.130000E+0,-49.055307E-3,9.000000E+0,1.812628E+0,4.409374E+0,1.858154E+0,-18.733720E+0,2.650000E+0,200.000000E+0,75.000000E+0,40.000000E+0,3.000000E+0,1.000000E+0
19.082067E+3,290.000000E+0,291.020000E+0,-222.780969E-3,9.000000E+0,1.812096E+0,4.605984E+0,1.858270E+0,-18.735420E+0,2.650000E+0,200.000000E+0,75.000000E+0,40.000000E+0,3.000000E+0,1.000000E+0
19.126933E+3,290.000000E+0,290.910000E+0,-323.026353E-3,10.000000E+0,1.814396E+0,4.591226E+0,1.859020E+0,-18.752440E+0,2.650000E+0,200.000000E+0,75.000000E+0,40.000000E+0,3.000000E+0,1.000000E+0
