Tiempo (min)	I pulso(mA)	Vinst 1 (V)	Iinst 1 (mA)	Rinst 1(Ohm)	Rrem 1 (Ohm)	Ibias 1 (mA)	Vbias 1 (V)	Vinst 2 (V)	Iinst 2 (mA)	Rinst 2(Ohm)	Rrem 2 (Ohm)	Ibias 2 (mA)	Vbias 2 (V)	Ancho pulso (s)	Periodo (s)	Icc 1 (mA)	Vcc 1 (V)	Icc 2 (mA)	Vcc 2 (V)	2W 1?	N1.784435E-1	1.000000E+2	9.973740E-2	2.764900E+0	3.607270E+1	3.647184E+1	1.092100E+0	3.983090E-2	4.964000E-3	2.764900E+0	1.795363E+0	1.880780E+0	1.092100E+0	2.054000E-3	1.000000E-2	0.000000E+0	5.000000E+1	2.000000E+3	5.000000E+1	2.000000E+3	1.000000E+0	1.000000E+0
1.988947E-1	2.000000E+2	1.996429E-1	5.550800E+0	3.596651E+1	3.650524E+1	1.097900E+0	4.007910E-2	1.040900E-2	5.550800E+0	1.875225E+0	1.974679E+0	1.097900E+0	2.168000E-3	1.000000E-2	0.000000E+0	5.000000E+1	2.000000E+3	5.000000E+1	2.000000E+3	1.000000E+0	2.000000E+0
2.193959E-1	3.000000E+2	3.002710E-1	8.353800E+0	3.594424E+1	3.649982E+1	1.113800E+0	4.065350E-2	1.532200E-2	8.353800E+0	1.834135E+0	1.596337E+0	1.113800E+0	1.778000E-3	1.000000E-2	0.000000E+0	5.000000E+1	2.000000E+3	5.000000E+1	2.000000E+3	1.000000E+0	3.000000E+0
2.404804E-1	4.000000E+2	3.998550E-1	1.113240E+1	3.591813E+1	3.616532E+1	1.117200E+0	4.040390E-2	2.023500E-2	1.113240E+1	1.817667E+0	1.715897E+0	1.117200E+0	1.917000E-3	1.000000E-2	0.000000E+0	5.000000E+1	2.000000E+3	5.000000E+1	2.000000E+3	1.000000E+0	4.000000E+0
2.610816E-1	5.000000E+2	5.002120E-1	1.394430E+1	3.587215E+1	3.661849E+1	1.086200E+0	3.977500E-2	2.520000E-2	1.394430E+1	1.807190E+0	1.781440E+0	1.086200E+0	1.935000E-3	1.000000E-2	0.000000E+0	5.000000E+1	2.000000E+3	5.000000E+1	2.000000E+3	1.000000E+0	5.000000E+0
2.815161E-1	6.000000E+2	6.006730E-1	1.674360E+1	3.587478E+1	3.621664E+1	1.097200E+0	3.973690E-2	3.045800E-2	1.674360E+1	1.819083E+0	1.791834E+0	1.097200E+0	1.966000E-3	1.000000E-2	0.000000E+0	5.000000E+1	2.000000E+3	5.000000E+1	2.000000E+3	1.000000E+0	6.000000E+0
3.026340E-1	7.000000E+2	7.001380E-1	1.953440E+1	3.584129E+1	3.653107E+1	1.067100E+0	3.898230E-2	3.535500E-2	1.953440E+1	1.809884E+0	1.632462E+0	1.067100E+0	1.742000E-3	1.000000E-2	0.000000E+0	5.000000E+1	2.000000E+3	5.000000E+1	2.000000E+3	1.000000E+0	7.000000E+0
3.232518E-1	8.000000E+2	7.998830E-1	2.232780E+1	3.582453E+1	3.630305E+1	1.117300E+0	4.056140E-2	4.089200E-2	2.232780E+1	1.831439E+0	1.674573E+0	1.117300E+0	1.871000E-3	1.000000E-2	0.000000E+0	5.000000E+1	2.000000E+3	5.000000E+1	2.000000E+3	1.000000E+0	8.000000E+0
3.437863E-1	9.000000E+2	9.002650E-1	2.513610E+1	3.581562E+1	3.647764E+1	1.093700E+0	3.989560E-2	4.540500E-2	2.513610E+1	1.806366E+0	2.057237E+0	1.093700E+0	2.250000E-3	1.000000E-2	0.000000E+0	5.000000E+1	2.000000E+3	5.000000E+1	2.000000E+3	1.000000E+0	9.000000E+0
3.647542E-1	1.000000E+3	9.995330E-1	2.791730E+1	3.580335E+1	3.651472E+1	1.073200E+0	3.918760E-2	4.992600E-2	2.791730E+1	1.788353E+0	1.783451E+0	1.073200E+0	1.914000E-3	1.000000E-2	0.000000E+0	5.000000E+1	2.000000E+3	5.000000E+1	2.000000E+3	1.000000E+0	1.000000E+1
3.856554E-1	1.100000E+3	1.099746E+0	3.072410E+1	3.579425E+1	3.626166E+1	1.098000E+0	3.981530E-2	5.539000E-2	3.072410E+1	1.802819E+0	1.383424E+0	1.098000E+0	1.519000E-3	1.000000E-2	0.000000E+0	5.000000E+1	2.000000E+3	5.000000E+1	2.000000E+3	1.000000E+0	1.100000E+1
4.059899E-1	1.200000E+3	1.200186E+0	3.354250E+1	3.578105E+1	3.655001E+1	1.086700E+0	3.971890E-2	6.034300E-2	3.354250E+1	1.799001E+0	2.199319E+0	1.086700E+0	2.390000E-3	1.000000E-2	0.000000E+0	5.000000E+1	2.000000E+3	5.000000E+1	2.000000E+3	1.000000E+0	1.200000E+1
4.265577E-1	1.300000E+3	1.300612E+0	3.634090E+1	3.578921E+1	3.627957E+1	1.100600E+0	3.992930E-2	6.600700E-2	3.634090E+1	1.816328E+0	1.969835E+0	1.100600E+0	2.168000E-3	1.000000E-2	0.000000E+0	5.000000E+1	2.000000E+3	5.000000E+1	2.000000E+3	1.000000E+0	1.300000E+1
4.472756E-1	1.400000E+3	1.399935E+0	3.909950E+1	3.580442E+1	3.607142E+1	1.114600E+0	4.020520E-2	7.047200E-2	3.909950E+1	1.802376E+0	1.518033E+0	1.114600E+0	1.692000E-3	1.000000E-2	0.000000E+0	5.000000E+1	2.000000E+3	5.000000E+1	2.000000E+3	1.000000E+0	1.400000E+1
4.678768E-1	1.500000E+3	1.500103E+0	4.185110E+1	3.584381E+1	3.641038E+1	1.096300E+0	3.991670E-2	7.549400E-2	4.185110E+1	1.803871E+0	1.589893E+0	1.096300E+0	1.743000E-3	1.000000E-2	0.000000E+0	5.000000E+1	2.000000E+3	5.000000E+1	2.000000E+3	1.000000E+0	1.500000E+1
4.892280E-1	1.600000E+3	1.599807E+0	4.450120E+1	3.594975E+1	3.616913E+1	1.109200E+0	4.011880E-2	8.030100E-2	4.450120E+1	1.804468E+0	1.487559E+0	1.109200E+0	1.650000E-3	1.000000E-2	0.000000E+0	5.000000E+1	2.000000E+3	5.000000E+1	2.000000E+3	1.000000E+0	1.600000E+1
5.095958E-1	1.700000E+3	1.700299E+0	4.583900E+1	3.709285E+1	3.662486E+1	1.108400E+0	4.059500E-2	8.315600E-2	4.583900E+1	1.814088E+0	1.779141E+0	1.108400E+0	1.972000E-3	1.000000E-2	0.000000E+0	5.000000E+1	2.000000E+0	5.000000E+1	2.000000E+3	1.000000E+0	1.700000E+1
5.315804E-1	1.800000E+3	1.800087E+0	4.845390E+1	3.715051E+1	3.628339E+1	1.104500E+0	4.007500E-2	8.767000E-2	4.845390E+1	1.809349E+0	1.758262E+0	1.104500E+0	1.942000E-3	1.000000E-2	0.000000E+0	5.000000E+1	2.000000E+0	5.000000E+1	2.000000E+3	1.000000E+0	1.800000E+1
5.527316E-1	1.900000E+3	1.859567E+0	4.999790E+1	3.719290E+1	3.629260E+1	1.103200E+0	4.003800E-2	9.047100E-2	4.999790E+1	1.809496E+0	1.980602E+0	1.103200E+0	2.185000E-3	1.000000E-2	0.000000E+0	5.000000E+1	2.000000E+0	5.000000E+1	2.000000E+3	1.000000E+0	1.900000E+1
5.747829E-1	2.000000E+3	1.863106E+0	5.000160E+1	3.726093E+1	3.636454E+1	1.106600E+0	4.024100E-2	9.039000E-2	5.000160E+1	1.807742E+0	1.779324E+0	1.106600E+0	1.969000E-3	1.000000E-2	0.000000E+0	5.000000E+1	2.000000E+0	5.000000E+1	2.000000E+3	1.000000E+0	2.000000E+1
5.960174E-1	2.000000E+3	1.867566E+0	4.999660E+1	3.735386E+1	3.646240E+1	1.091700E+0	3.980600E-2	9.049500E-2	4.999660E+1	1.810023E+0	1.733077E+0	1.091700E+0	1.892000E-3	1.000000E-2	0.000000E+0	5.000000E+1	2.000000E+0	5.000000E+1	2.000000E+0	1.000000E+0	2.100000E+1
6.178687E-1	1.900000E+3	1.870354E+0	4.999890E+1	3.740790E+1	3.670367E+1	1.099100E+0	4.034100E-2	9.012900E-2	4.999890E+1	1.802620E+0	2.108088E+0	1.099100E+0	2.317000E-3	1.000000E-2	0.000000E+0	5.000000E+1	2.000000E+0	5.000000E+1	2.000000E+0	1.000000E+0	2.200000E+1
6.395199E-1	1.800000E+3	1.800009E+0	4.793340E+1	3.755229E+1	3.734343E+1	1.082600E+0	4.042800E-2	8.636800E-2	4.793340E+1	1.801833E+0	2.057085E+0	1.082600E+0	2.227000E-3	1.000000E-2	0.000000E+0	5.000000E+1	2.000000E+0	5.000000E+1	2.000000E+0	1.000000E+0	2.300000E+1
6.613545E-1	1.700000E+3	1.699609E+0	4.471630E+1	3.800871E+1	3.766814E+1	1.060100E+0	3.993200E-2	8.067700E-2	4.471630E+1	1.804197E+0	1.955476E+0	1.060100E+0	2.073000E-3	1.000000E-2	0.000000E+0	5.000000E+1	2.000000E+0	5.000000E+1	2.000000E+0	1.000000E+0	2.400000E+1
6.830057E-1	1.600000E+3	1.600203E+0	4.153310E+1	3.852838E+1	3.833619E+1	1.051800E+0	4.032200E-2	7.500400E-2	4.153310E+1	1.805885E+0	1.990873E+0	1.051800E+0	2.094000E-3	1.000000E-2	0.000000E+0	5.000000E+1	2.000000E+0	5.000000E+1	2.000000E+0	1.000000E+0	2.500000E+1
7.045403E-1	1.500000E+3	1.500138E+0	3.839540E+1	3.907077E+1	3.838217E+1	1.040900E+0	3.995200E-2	6.964400E-2	3.839540E+1	1.813863E+0	2.258622E+0	1.040900E+0	2.351000E-3	1.000000E-2	0.000000E+0	5.000000E+1	2.000000E+0	5.000000E+1	2.000000E+0	1.000000E+0	2.600000E+1
7.262582E-1	1.400000E+3	1.400150E+0	3.508430E+1	3.990816E+1	3.876243E+1	1.035900E+0	4.015400E-2	6.374000E-2	3.508430E+1	1.816767E+0	1.526209E+0	1.035900E+0	1.581000E-3	1.000000E-2	0.000000E+0	5.000000E+1	2.000000E+0	5.000000E+1	2.000000E+0	1.000000E+0	2.700000E+1
7.479761E-1	1.300000E+3	1.299855E+0	3.159120E+1	4.114611E+1	3.903327E+1	1.015800E+0	3.965000E-2	5.737900E-2	3.159120E+1	1.816297E+0	1.792676E+0	1.015800E+0	1.821000E-3	1.000000E-2	0.000000E+0	5.000000E+1	2.000000E+0	5.000000E+1	2.000000E+0	1.000000E+0	2.800000E+1
7.698274E-1	1.200000E+3	1.199894E+0	2.834640E+1	4.232968E+1	3.870655E+1	1.032900E+0	3.998000E-2	5.118400E-2	2.834640E+1	1.805661E+0	1.553877E+0	1.032900E+0	1.605000E-3	1.000000E-2	0.000000E+0	5.000000E+1	2.000000E+0	5.000000E+1	2.000000E+0	1.000000E+0	2.900000E+1
7.922620E-1	1.100000E+3	1.100812E+0	2.537300E+1	4.338517E+1	3.938483E+1	1.011100E+0	3.982200E-2	4.613600E-2	2.537300E+1	1.818311E+0	2.285630E+0	1.011100E+0	2.311000E-3	1.000000E-2	0.000000E+0	5.000000E+1	2.000000E+0	5.000000E+1	2.000000E+0	1.000000E+0	3.000000E+1
8.141466E-1	1.000000E+3	9.998640E-1	2.276340E+1	4.392419E+1	3.938676E+1	1.009400E+0	3.975700E-2	4.130700E-2	2.276340E+1	1.814623E+0	1.885278E+0	1.009400E+0	1.903000E-3	1.000000E-2	0.000000E+0	5.000000E+1	2.000000E+0	5.000000E+1	2.000000E+0	1.000000E+0	3.100000E+1
8.367312E-1	9.000000E+2	9.003160E-1	2.010930E+1	4.477113E+1	3.954514E+1	1.004700E+0	3.973100E-2	3.643500E-2	2.010930E+1	1.811848E+0	1.497960E+0	1.004700E+0	1.505000E-3	1.000000E-2	0.000000E+0	5.000000E+1	2.000000E+0	5.000000E+1	2.000000E+0	1.000000E+0	3.200000E+1
8.586491E-1	8.000000E+2	8.002950E-1	1.579050E+1	5.068206E+1	5.520863E+1	7.142000E-1	3.943000E-2	2.917700E-2	1.579050E+1	1.847757E+0	2.054046E+0	7.142000E-1	1.467000E-3	1.000000E-2	0.000000E+0	5.000000E+1	2.000000E+0	5.000000E+1	2.000000E+0	1.000000E+0	3.300000E+1
8.804004E-1	7.000000E+2	7.002200E-1	1.291910E+1	5.420037E+1	5.267643E+1	7.581000E-1	3.993400E-2	2.369600E-2	1.291910E+1	1.834183E+0	2.138240E+0	7.581000E-1	1.621000E-3	1.000000E-2	0.000000E+0	5.000000E+1	2.000000E+0	5.000000E+1	2.000000E+0	1.000000E+0	3.400000E+1
9.022516E-1	6.000000E+2	6.000580E-1	9.514900E+0	6.306509E+1	1.675590E+2	2.372000E-1	3.974500E-2	1.739200E-2	9.514900E+0	1.827870E+0	2.845700E+0	2.372000E-1	6.750000E-4	1.000000E-2	0.000000E+0	5.000000E+1	2.000000E+0	5.000000E+1	2.000000E+0	1.000000E+0	3.500000E+1
9.238695E-1	5.000000E+2	5.002910E-1	8.199700E+0	6.101333E+1	5.338180E+1	7.428000E-1	3.965200E-2	1.522500E-2	8.199700E+0	1.856775E+0	2.171513E+0	7.428000E-1	1.613000E-3	1.000000E-2	0.000000E+0	5.000000E+1	2.000000E+0	5.000000E+1	2.000000E+0	1.000000E+0	3.600000E+1
9.464208E-1	4.000000E+2	3.998880E-1	5.495800E+0	7.276247E+1	6.164972E+1	6.492000E-1	4.002300E-2	1.003800E-2	5.495800E+0	1.826486E+0	1.509550E+0	6.492000E-1	9.800000E-4	1.000000E-2	0.000000E+0	5.000000E+1	2.000000E+0	5.000000E+1	2.000000E+0	1.000000E+0	3.700000E+1
9.678554E-1	3.000000E+2	3.002800E-1	4.398500E+0	6.826873E+1	6.615767E+1	6.038000E-1	3.994600E-2	8.229000E-3	4.398500E+0	1.870865E+0	1.785359E+0	6.038000E-1	1.078000E-3	1.000000E-2	0.000000E+0	5.000000E+1	2.000000E+0	5.000000E+1	2.000000E+0	1.000000E+0	3.800000E+1
9.894566E-1	2.000000E+2	2.000370E-1	2.923800E+0	6.841679E+1	6.849253E+1	5.758000E-1	3.943800E-2	5.567000E-3	2.923800E+0	1.904029E+0	2.738798E+0	5.758000E-1	1.577000E-3	1.000000E-2	0.000000E+0	5.000000E+1	2.000000E+0	5.000000E+1	2.000000E+0	1.000000E+0	3.900000E+1
1.011275E+0	1.000000E+2	1.002580E-1	1.500400E+0	6.682085E+1	6.750085E+1	5.870000E-1	3.962300E-2	3.066000E-3	1.500400E+0	2.043455E+0	1.454855E+0	5.870000E-1	8.540000E-4	1.000000E-2	0.000000E+0	5.000000E+1	2.000000E+0	5.000000E+1	2.000000E+0	1.000000E+0	4.000000E+1
1.032726E+0	0.000000E+0	9.500000E-5	-1.390000E-2	-6.834532E+0	6.854975E+1	5.799000E-1	3.975200E-2	2.900000E-4	-1.390000E-2	-2.086331E+1	2.074496E+0	5.799000E-1	1.203000E-3	1.000000E-2	0.000000E+0	5.000000E+1	2.000000E+0	5.000000E+1	2.000000E+0	1.000000E+0	4.100000E+1
1.054394E+0	-1.000000E+2	-1.003720E-1	-1.529900E+0	6.560690E+1	6.802220E+1	5.855000E-1	3.982700E-2	-2.356000E-3	-1.529900E+0	1.539970E+0	2.485056E+0	5.855000E-1	1.455000E-3	1.000000E-2	0.000000E+0	5.000000E+1	2.000000E+0	5.000000E+1	2.000000E+0	1.000000E+0	4.200000E+1
1.076128E+0	-2.000000E+2	-2.001250E-1	-2.849500E+0	7.023162E+1	7.031701E+1	5.615000E-1	3.948300E-2	-4.465000E-3	-2.849500E+0	1.566942E+0	2.600178E+0	5.615000E-1	1.460000E-3	1.000000E-2	0.000000E+0	5.000000E+1	2.000000E+0	5.000000E+1	2.000000E+0	1.000000E+0	4.300000E+1
1.097746E+0	-3.000000E+2	-2.997040E-1	-1.560000E-2	1.921179E+4	-1.505985E+3	-2.640000E-2	3.975800E-2	1.400000E-4	-1.560000E-2	-8.974359E+0	-1.026515E+1	-2.640000E-2	2.710000E-4	1.000000E-2	0.000000E+0	5.000000E+1	2.000000E+0	5.000000E+1	2.000000E+0	1.000000E+0	4.400000E+1
1.119331E+0	-4.000000E+2	-4.002750E-1	-2.300000E-2	1.740326E+4	-1.891422E+3	-2.110000E-2	3.990900E-2	1.120000E-4	-2.300000E-2	-4.869565E+0	-1.507109E+1	-2.110000E-2	3.180000E-4	1.000000E-2	0.000000E+0	5.000000E+1	2.000000E+0	5.000000E+1	2.000000E+0	1.000000E+0	4.500000E+1
1.141132E+0	-5.000000E+2	-5.001880E-1	-8.600000E-3	5.816140E+4	-3.363898E+3	-1.180000E-2	3.969400E-2	1.290000E-4	-8.600000E-3	-1.500000E+1	5.127119E+1	-1.180000E-2	-6.050000E-4	1.000000E-2	0.000000E+0	5.000000E+1	2.000000E+0	5.000000E+1	2.000000E+0	1.000000E+0	4.600000E+1
1.163733E+0	-6.000000E+2	-6.003530E-1	-4.300000E-3	1.396170E+5	-1.001550E+4	-4.000000E-3	4.006200E-2	-8.500000E-5	-4.300000E-3	1.976744E+1	-5.300000E+1	-4.000000E-3	2.120000E-4	1.000000E-2	0.000000E+0	5.000000E+1	2.000000E+0	5.000000E+1	2.000000E+0	1.000000E+0	4.700000E+1
1.185501E+0	-7.000000E+2	-7.002630E-1	-1.700000E-3	4.119194E+5	-2.284368E+3	-1.740000E-2	3.974800E-2	-2.700000E-4	-1.700000E-3	1.588235E+2	-1.942529E+1	-1.740000E-2	3.380000E-4	1.000000E-2	0.000000E+0	5.000000E+1	2.000000E+0	5.000000E+1	2.000000E+0	1.000000E+0	4.800000E+1
1.207652E+0	-8.000000E+2	-8.002850E-1	-2.680000E-2	2.986138E+4	-2.777042E+3	-1.420000E-2	3.943400E-2	6.700000E-5	-2.680000E-2	-2.500000E+0	8.802817E+0	-1.420000E-2	-1.250000E-4	1.000000E-2	0.000000E+0	5.000000E+1	2.000000E+0	5.000000E+1	2.000000E+0	1.000000E+0	4.900000E+1
1.229554E+0	-9.000000E+2	-8.990540E-1	-1.780000E-2	5.050865E+4	-1.551412E+3	-2.550000E-2	3.956100E-2	-3.050000E-4	-1.780000E-2	1.713483E+1	-6.509804E+0	-2.550000E-2	1.660000E-4	1.000000E-2	0.000000E+0	5.000000E+1	2.000000E+0	5.000000E+1	2.000000E+0	1.000000E+0	5.000000E+1
1.251338E+0	-1.000000E+3	-9.996810E-1	-1.880000E-2	5.317452E+4	-3.747664E+3	-1.070000E-2	4.010000E-2	6.100000E-5	-1.880000E-2	-3.244681E+0	-1.785047E+1	-1.070000E-2	1.910000E-4	1.000000E-2	0.000000E+0	5.000000E+1	2.000000E+0	5.000000E+1	2.000000E+0	1.000000E+0	5.100000E+1
1.273023E+0	-1.100000E+3	-1.099926E+0	-2.410000E-2	4.564008E+4	-1.504528E+3	-2.650000E-2	3.987000E-2	-1.720000E-4	-2.410000E-2	7.136929E+0	-6.528302E+0	-2.650000E-2	1.730000E-4	1.000000E-2	0.000000E+0	5.000000E+1	2.000000E+0	5.000000E+1	2.000000E+0	1.000000E+0	5.200000E+1
1.294874E+0	-1.200000E+3	-1.199804E+0	-2.946920E+1	4.071383E+1	3.941199E+1	1.025500E+0	4.041700E-2	-5.318900E-2	-2.946920E+1	1.804901E+0	1.600195E+0	1.025500E+0	1.641000E-3	1.000000E-2	0.000000E+0	5.000000E+1	2.000000E+0	5.000000E+1	2.000000E+0	1.000000E+0	5.300000E+1
1.317159E+0	-1.300000E+3	-1.299814E+0	-3.171330E+1	4.098640E+1	3.996156E+1	9.886000E-1	3.950600E-2	-5.735700E-2	-3.171330E+1	1.808610E+0	1.944163E+0	9.886000E-1	1.922000E-3	1.000000E-2	0.000000E+0	5.000000E+1	2.000000E+0	5.000000E+1	2.000000E+0	1.000000E+0	5.400000E+1
1.338743E+0	-1.400000E+3	-1.400111E+0	-3.425710E+1	4.087068E+1	3.988981E+1	9.983000E-1	3.982200E-2	-6.224100E-2	-3.425710E+1	1.816879E+0	2.003406E+0	9.983000E-1	2.000000E-3	1.000000E-2	0.000000E+0	5.000000E+1	2.000000E+0	5.000000E+1	2.000000E+0	1.000000E+0	5.500000E+1
1.360428E+0	-1.500000E+3	-1.500379E+0	-3.737410E+1	4.014489E+1	3.944822E+1	1.014900E+0	4.003600E-2	-6.756400E-2	-3.737410E+1	1.807776E+0	1.521332E+0	1.014900E+0	1.544000E-3	1.000000E-2	0.000000E+0	5.000000E+1	2.000000E+0	5.000000E+1	2.000000E+0	1.000000E+0	5.600000E+1
1.382096E+0	-1.600000E+3	-1.600381E+0	-4.001620E+1	3.999333E+1	3.963026E+1	1.000700E+0	3.965800E-2	-7.212700E-2	-4.001620E+1	1.802445E+0	2.372339E+0	1.000700E+0	2.374000E-3	1.000000E-2	0.000000E+0	5.000000E+1	2.000000E+0	5.000000E+1	2.000000E+0	1.000000E+0	5.700000E+1
1.403614E+0	-1.700000E+3	-1.700026E+0	-4.265840E+1	3.985208E+1	3.923685E+1	1.024700E+0	4.020600E-2	-7.693200E-2	-4.265840E+1	1.803443E+0	2.150873E+0	1.024700E+0	2.204000E-3	1.000000E-2	0.000000E+0	5.000000E+1	2.000000E+0	5.000000E+1	2.000000E+0	1.000000E+0	5.800000E+1
1.425382E+0	-1.800000E+3	-1.800535E+0	-4.558980E+1	3.949425E+1	3.887438E+1	1.041200E+0	4.047600E-2	-8.189200E-2	-4.558980E+1	1.796279E+0	1.852670E+0	1.041200E+0	1.929000E-3	1.000000E-2	0.000000E+0	5.000000E+1	2.000000E+0	5.000000E+1	2.000000E+0	1.000000E+0	5.900000E+1
1.447033E+0	-1.900000E+3	-1.900082E+0	-4.858200E+1	3.911082E+1	3.873126E+1	1.040400E+0	4.029600E-2	-8.709300E-2	-4.858200E+1	1.792701E+0	2.313533E+0	1.040400E+0	2.407000E-3	1.000000E-2	0.000000E+0	5.000000E+1	2.000000E+0	5.000000E+1	2.000000E+0	1.000000E+0	6.000000E+1
1.468817E+0	-2.000000E+3	-1.942962E+0	-5.000390E+1	3.885621E+1	3.849592E+1	1.053800E+0	4.056700E-2	-9.058100E-2	-5.000390E+1	1.811479E+0	1.661606E+0	1.053800E+0	1.751000E-3	1.000000E-2	0.000000E+0	5.000000E+1	2.000000E+0	5.000000E+1	2.000000E+0	1.000000E+0	6.100000E+1
1.491285E+0	-2.000000E+3	-1.939019E+0	-4.999410E+1	3.878496E+1	3.857101E+1	1.030100E+0	3.973200E-2	-9.041400E-2	-4.999410E+1	1.808493E+0	2.374527E+0	1.030100E+0	2.446000E-3	1.000000E-2	0.000000E+0	5.000000E+1	2.000000E+0	5.000000E+1	2.000000E+0	1.000000E+0	6.200000E+1
1.513137E+0	-1.900000E+3	-1.900089E+0	-4.886610E+1	3.888358E+1	3.811485E+1	1.058800E+0	4.035600E-2	-8.786100E-2	-4.886610E+1	1.797995E+0	1.810540E+0	1.058800E+0	1.917000E-3	1.000000E-2	0.000000E+0	5.000000E+1	2.000000E+0	5.000000E+1	2.000000E+0	1.000000E+0	6.300000E+1
1.535554E+0	-1.800000E+3	-1.800095E+0	-4.609370E+1	3.905295E+1	3.871052E+1	1.038400E+0	4.019700E-2	-8.350800E-2	-4.609370E+1	1.811701E+0	2.065678E+0	1.038400E+0	2.145000E-3	1.000000E-2	0.000000E+0	5.000000E+1	2.000000E+0	5.000000E+1	2.000000E+0	1.000000E+0	6.400000E+1
1.557389E+0	-1.700000E+3	-1.700834E+0	-4.210660E+1	4.039353E+1	3.937457E+1	1.013700E+0	3.991400E-2	-7.622800E-2	-4.210660E+1	1.810358E+0	1.669133E+0	1.013700E+0	1.692000E-3	1.000000E-2	0.000000E+0	5.000000E+1	2.000000E+0	5.000000E+1	2.000000E+0	1.000000E+0	6.500000E+1
1.579974E+0	-1.600000E+3	-1.599827E+0	-3.840280E+1	4.165912E+1	4.068938E+1	9.922000E-1	4.037200E-2	-6.950700E-2	-3.840280E+1	1.809946E+0	2.012699E+0	9.922000E-1	1.997000E-3	1.000000E-2	0.000000E+0	5.000000E+1	2.000000E+0	5.000000E+1	2.000000E+0	1.000000E+0	6.600000E+1
1.601758E+0	-1.500000E+3	-1.500342E+0	-3.670390E+1	4.087691E+1	4.081427E+1	9.837000E-1	4.014900E-2	-6.600700E-2	-3.670390E+1	1.798365E+0	2.040256E+0	9.837000E-1	2.007000E-3	1.000000E-2	0.000000E+0	5.000000E+1	2.000000E+0	5.000000E+1	2.000000E+0	1.000000E+0	6.700000E+1
1.624410E+0	-1.400000E+3	-1.399657E+0	-3.289570E+1	4.254833E+1	3.958346E+1	1.020300E+0	4.038700E-2	-5.941600E-2	-3.289570E+1	1.806194E+0	1.747525E+0	1.020300E+0	1.783000E-3	1.000000E-2	0.000000E+0	5.000000E+1	2.000000E+0	5.000000E+1	2.000000E+0	1.000000E+0	6.800000E+1
1.646077E+0	-1.300000E+3	-1.300330E+0	-2.883400E+1	4.509711E+1	4.135837E+1	9.747000E-1	4.031200E-2	-5.250400E-2	-2.883400E+1	1.820906E+0	1.876475E+0	9.747000E-1	1.829000E-3	1.000000E-2	0.000000E+0	5.000000E+1	2.000000E+0	5.000000E+1	2.000000E+0	1.000000E+0	6.900000E+1
1.668695E+0	-1.200000E+3	-1.200893E+0	-2.129480E+1	5.639372E+1	6.489937E+1	6.211000E-1	4.030900E-2	-3.851000E-2	-2.129480E+1	1.808423E+0	1.761391E+0	6.211000E-1	1.094000E-3	1.000000E-2	0.000000E+0	5.000000E+1	2.000000E+0	5.000000E+1	2.000000E+0	1.000000E+0	7.000000E+1
1.690363E+0	-1.100000E+3	-1.099977E+0	-1.507730E+1	7.295583E+1	6.550108E+1	6.037000E-1	3.954300E-2	-2.735500E-2	-1.507730E+1	1.814317E+0	1.644857E+0	6.037000E-1	9.930000E-4	1.000000E-2	0.000000E+0	5.000000E+1	2.000000E+0	5.000000E+1	2.000000E+0	1.000000E+0	7.100000E+1
1.712815E+0	-1.000000E+3	-9.999910E-1	-1.308580E+1	7.641803E+1	6.927503E+1	5.752000E-1	3.984700E-2	-2.358300E-2	-1.308580E+1	1.802183E+0	3.047636E+0	5.752000E-1	1.753000E-3	1.000000E-2	0.000000E+0	5.000000E+1	2.000000E+0	5.000000E+1	2.000000E+0	1.000000E+0	7.200000E+1
1.734666E+0	-9.000000E+2	-8.996300E-1	-1.102140E+1	8.162575E+1	7.141883E+1	5.575000E-1	3.981600E-2	-1.967800E-2	-1.102140E+1	1.785436E+0	1.860090E+0	5.575000E-1	1.037000E-3	1.000000E-2	0.000000E+0	5.000000E+1	2.000000E+0	5.000000E+1	2.000000E+0	1.000000E+0	7.300000E+1
1.757184E+0	-8.000000E+2	-8.007160E-1	-8.509400E+0	9.409782E+1	9.120028E+1	4.349000E-1	3.966300E-2	-1.513900E-2	-8.509400E+0	1.779091E+0	1.377328E+0	4.349000E-1	5.990000E-4	1.000000E-2	0.000000E+0	5.000000E+1	2.000000E+0	5.000000E+1	2.000000E+0	1.000000E+0	7.400000E+1
1.778868E+0	-7.000000E+2	-6.999120E-1	-4.470000E-2	1.565799E+4	-3.424274E+3	-1.170000E-2	4.006400E-2	-2.200000E-4	-4.470000E-2	4.921700E+0	6.102564E+1	-1.170000E-2	-7.140000E-4	1.000000E-2	0.000000E+0	5.000000E+1	2.000000E+0	5.000000E+1	2.000000E+0	1.000000E+0	7.500000E+1
1.801453E+0	-6.000000E+2	-5.998750E-1	-3.170000E-2	1.892350E+4	-1.873971E+3	-2.090000E-2	3.916600E-2	2.000000E-6	-3.170000E-2	-6.309148E-2	-1.114833E+1	-2.090000E-2	2.330000E-4	1.000000E-2	0.000000E+0	5.000000E+1	2.000000E+0	5.000000E+1	2.000000E+0	1.000000E+0	7.600000E+1
1.823338E+0	-5.000000E+2	-4.998660E-1	-2.920000E-2	1.711870E+4	-3.257623E+3	-1.220000E-2	3.974300E-2	2.120000E-4	-2.920000E-2	-7.260274E+0	-1.860656E+1	-1.220000E-2	2.270000E-4	1.000000E-2	0.000000E+0	5.000000E+1	2.000000E+0	5.000000E+1	2.000000E+0	1.000000E+0	7.700000E+1
1.845056E+0	-4.000000E+2	-4.004550E-1	-2.710000E-2	1.477694E+4	-1.684025E+3	-2.360000E-2	3.974300E-2	-3.100000E-5	-2.710000E-2	1.143911E+0	-2.512712E+1	-2.360000E-2	5.930000E-4	1.000000E-2	0.000000E+0	5.000000E+1	2.000000E+0	5.000000E+1	2.000000E+0	1.000000E+0	7.800000E+1
1.868807E+0	-3.000000E+2	-3.001190E-1	-2.590000E-2	1.158761E+4	-2.882555E+3	-1.370000E-2	3.949100E-2	5.010000E-4	-2.590000E-2	-1.934363E+1	-7.153285E+0	-1.370000E-2	9.800000E-5	1.000000E-2	0.000000E+0	5.000000E+1	2.000000E+0	5.000000E+1	2.000000E+0	1.000000E+0	7.900000E+1
1.890325E+0	-2.000000E+2	-2.000980E-1	-2.780000E-2	7.197770E+3	-1.577421E+3	-2.520000E-2	3.975100E-2	4.900000E-5	-2.780000E-2	-1.762590E+0	-5.714286E+0	-2.520000E-2	1.440000E-4	1.000000E-2	0.000000E+0	5.000000E+1	2.000000E+0	5.000000E+1	2.000000E+0	1.000000E+0	8.000000E+1
1.912226E+0	-1.000000E+2	-9.981800E-2	-1.490000E-2	6.699195E+3	-4.158144E+3	-9.700000E-3	4.033400E-2	-3.610000E-4	-1.490000E-2	2.422819E+1	7.216495E+0	-9.700000E-3	-7.000000E-5	1.000000E-2	0.000000E+0	5.000000E+1	2.000000E+0	5.000000E+1	2.000000E+0	1.000000E+0	8.100000E+1
1.933844E+0	0.000000E+0	-2.990000E-4	-1.270000E-2	2.354331E+1	3.320417E+4	1.200000E-3	3.984500E-2	-4.370000E-4	-1.270000E-2	3.440945E+1	2.500000E+0	1.200000E-3	3.000000E-6	1.000000E-2	0.000000E+0	5.000000E+1	2.000000E+0	5.000000E+1	2.000000E+0	1.000000E+0	8.200000E+1
1.955612E+0	1.000000E+2	9.993300E-2	-1.830000E-2	-5.460820E+3	-1.934078E+3	-2.060000E-2	3.984200E-2	3.500000E-5	-1.830000E-2	-1.912568E+0	1.237864E+1	-2.060000E-2	-2.550000E-4	1.000000E-2	0.000000E+0	5.000000E+1	2.000000E+0	5.000000E+1	2.000000E+0	1.000000E+0	8.300000E+1
1.977296E+0	2.000000E+2	2.002360E-1	-7.900000E-3	-2.534633E+4	-1.566769E+3	-2.600000E-2	4.073600E-2	6.240000E-4	-7.900000E-3	-7.898734E+1	-2.015385E+1	-2.600000E-2	5.240000E-4	1.000000E-2	0.000000E+0	5.000000E+1	2.000000E+0	5.000000E+1	2.000000E+0	1.000000E+0	8.400000E+1
1.998881E+0	3.000000E+2	2.990770E-1	-1.890000E-2	-1.582418E+4	-2.236927E+3	-1.790000E-2	4.004100E-2	6.080000E-4	-1.890000E-2	-3.216931E+1	-2.418994E+1	-1.790000E-2	4.330000E-4	1.000000E-2	0.000000E+0	5.000000E+1	2.000000E+0	5.000000E+1	2.000000E+0	1.000000E+0	8.500000E+1
2.020516E+0	4.000000E+2	4.002270E-1	-5.700000E-3	-7.021526E+4	-2.247348E+3	-1.810000E-2	4.067700E-2	-1.820000E-4	-5.700000E-3	3.192982E+1	2.762431E-1	-1.810000E-2	-5.000000E-6	1.000000E-2	0.000000E+0	5.000000E+1	2.000000E+0	5.000000E+1	2.000000E+0	1.000000E+0	8.600000E+1
2.042183E+0	5.000000E+2	5.001940E-1	-1.260000E-2	-3.969794E+4	-2.439878E+3	-1.640000E-2	4.001400E-2	3.810000E-4	-1.260000E-2	-3.023810E+1	-1.402439E+0	-1.640000E-2	2.300000E-5	1.000000E-2	0.000000E+0	5.000000E+1	2.000000E+0	5.000000E+1	2.000000E+0	1.000000E+0	8.700000E+1
2.064001E+0	6.000000E+2	5.997910E-1	1.250000E-2	4.798328E+4	-2.888273E+3	-1.390000E-2	4.014700E-2	3.780000E-4	1.250000E-2	3.024000E+1	1.323741E+1	-1.390000E-2	-1.840000E-4	1.000000E-2	0.000000E+0	5.000000E+1	2.000000E+0	5.000000E+1	2.000000E+0	1.000000E+0	8.800000E+1
2.086469E+0	7.000000E+2	7.001010E-1	1.200000E-3	5.834175E+5	-3.585495E+3	-1.110000E-2	3.979900E-2	4.520000E-4	1.200000E-3	3.766667E+2	-8.918919E+0	-1.110000E-2	9.900000E-5	1.000000E-2	0.000000E+0	5.000000E+1	2.000000E+0	5.000000E+1	2.000000E+0	1.000000E+0	8.900000E+1
2.108137E+0	8.000000E+2	8.000030E-1	2.340000E-2	3.418816E+4	-1.732445E+3	-2.290000E-2	3.967300E-2	3.730000E-4	2.340000E-2	1.594017E+1	8.908297E+0	-2.290000E-2	-2.040000E-4	1.000000E-2	0.000000E+0	5.000000E+1	2.000000E+0	5.000000E+1	2.000000E+0	1.000000E+0	9.000000E+1
2.130739E+0	9.000000E+2	9.000120E-1	4.800000E-2	1.875025E+4	-1.629458E+3	-2.400000E-2	3.910700E-2	-1.830000E-4	4.800000E-2	-3.812500E+0	-2.150000E+1	-2.400000E-2	5.160000E-4	1.000000E-2	0.000000E+0	5.000000E+1	2.000000E+0	5.000000E+1	2.000000E+0	1.000000E+0	9.100000E+1
2.152290E+0	1.000000E+3	9.997650E-1	8.200000E-2	1.219226E+4	-4.814699E+3	-8.300000E-3	3.996200E-2	1.470000E-4	8.200000E-2	1.792683E+0	-2.084337E+1	-8.300000E-3	1.730000E-4	1.000000E-2	0.000000E+0	5.000000E+1	2.000000E+0	5.000000E+1	2.000000E+0	1.000000E+0	9.200000E+1
2.174841E+0	1.100000E+3	1.100115E+0	1.047000E-1	1.050731E+4	-8.179592E+3	-4.900000E-3	4.008000E-2	-1.090000E-4	1.047000E-1	-1.041070E+0	-8.816327E+1	-4.900000E-3	4.320000E-4	1.000000E-2	0.000000E+0	5.000000E+1	2.000000E+0	5.000000E+1	2.000000E+0	1.000000E+0	9.300000E+1
2.196526E+0	1.200000E+3	1.199534E+0	1.600000E-1	7.497087E+3	-4.736628E+3	-8.600000E-3	4.073500E-2	3.110000E-4	1.600000E-1	1.943750E+0	6.511628E+0	-8.600000E-3	-5.600000E-5	1.000000E-2	0.000000E+0	5.000000E+1	2.000000E+0	5.000000E+1	2.000000E+0	1.000000E+0	9.400000E+1
2.219094E+0	1.300000E+3	1.299812E+0	3.246080E+1	4.004251E+1	3.744725E+1	1.061600E+0	3.975400E-2	5.955400E-2	3.246080E+1	1.834644E+0	2.249435E+0	1.061600E+0	2.388000E-3	1.000000E-2	2.000000E+0	5.000000E+1	2.000000E+0	5.000000E+1	2.000000E+0	1.000000E+0	9.500000E+1
2.296131E+0	1.400000E+3	1.400227E+0	3.592720E+1	3.897401E+1	3.675728E+1	1.081500E+0	3.975300E-2	6.521600E-2	3.592720E+1	1.815226E+0	1.890892E+0	1.081500E+0	2.045000E-3	1.000000E-2	3.000000E+0	5.000000E+1	2.000000E+0	5.000000E+1	2.000000E+0	1.000000E+0	9.600000E+1
2.389837E+0	1.500000E+3	1.500346E+0	3.910660E+1	3.836554E+1	3.680855E+1	1.076000E+0	3.960600E-2	7.148400E-2	3.910660E+1	1.827927E+0	1.745353E+0	1.076000E+0	1.878000E-3	1.000000E-2	3.000000E+0	5.000000E+1	2.000000E+0	5.000000E+1	2.000000E+0	1.000000E+0	9.700000E+1
2.483559E+0	1.500000E+3	1.500261E+0	3.929770E+1	3.817681E+1	3.656537E+1	1.089200E+0	3.982700E-2	7.173000E-2	3.929770E+1	1.825298E+0	2.189680E+0	1.089200E+0	2.385000E-3	1.000000E-2	3.000000E+0	5.000000E+1	2.000000E+0	5.000000E+1	2.000000E+0	1.000000E+0	9.800000E+1
2.577231E+0	1.400000E+3	1.400197E+0	3.687850E+1	3.796784E+1	3.636907E+1	1.103300E+0	4.012600E-2	6.717200E-2	3.687850E+1	1.821441E+0	1.568023E+0	1.103300E+0	1.730000E-3	1.000000E-2	3.000000E+0	5.000000E+1	2.000000E+0	5.000000E+1	2.000000E+0	1.000000E+0	9.900000E+1
2.670803E+0	1.300000E+3	1.301024E+0	3.509310E+1	3.707350E+1	3.679111E+1	1.092900E+0	4.020900E-2	6.403400E-2	3.509310E+1	1.824689E+0	1.734834E+0	1.092900E+0	1.896000E-3	1.000000E-2	0.000000E+0	5.000000E+1	2.000000E+0	5.000000E+1	2.000000E+0	1.000000E+0	1.000000E+2
2.692354E+0	1.200000E+3	1.200053E+0	3.235330E+1	3.709214E+1	3.734474E+1	1.069200E+0	3.992900E-2	5.911800E-2	3.235330E+1	1.827263E+0	1.977179E+0	1.069200E+0	2.114000E-3	1.000000E-2	0.000000E+0	5.000000E+1	2.000000E+0	5.000000E+1	2.000000E+0	1.000000E+0	1.010000E+2
2.714089E+0	1.100000E+3	1.100259E+0	2.946860E+1	3.733666E+1	3.722644E+1	1.066500E+0	3.970200E-2	5.433000E-2	2.946860E+1	1.843657E+0	1.881857E+0	1.066500E+0	2.007000E-3	1.000000E-2	0.000000E+0	5.000000E+1	2.000000E+0	5.000000E+1	2.000000E+0	1.000000E+0	1.020000E+2
2.735756E+0	1.000000E+3	1.000436E+0	2.686660E+1	3.723716E+1	3.720055E+1	1.082000E+0	4.025100E-2	4.952900E-2	2.686660E+1	1.843516E+0	1.856747E+0	1.082000E+0	2.009000E-3	1.000000E-2	0.000000E+0	5.000000E+1	2.000000E+0	5.000000E+1	2.000000E+0	1.000000E+0	1.030000E+2
2.757441E+0	9.000000E+2	9.000790E-1	2.422880E+1	3.714914E+1	3.733592E+1	1.055900E+0	3.942300E-2	4.419000E-2	2.422880E+1	1.823863E+0	1.999242E+0	1.055900E+0	2.111000E-3	1.000000E-2	0.000000E+0	5.000000E+1	2.000000E+0	5.000000E+1	2.000000E+0	1.000000E+0	1.040000E+2
2.779126E+0	8.000000E+2	7.991360E-1	2.155470E+1	3.707479E+1	3.736531E+1	1.067300E+0	3.988000E-2	3.946300E-2	2.155470E+1	1.830830E+0	2.152160E+0	1.067300E+0	2.297000E-3	1.000000E-2	0.000000E+0	5.000000E+1	2.000000E+0	5.000000E+1	2.000000E+0	1.000000E+0	1.050000E+2
2.801727E+0	7.000000E+2	7.001180E-1	1.891080E+1	3.702212E+1	3.729103E+1	1.077900E+0	4.019600E-2	3.516400E-2	1.891080E+1	1.859467E+0	2.253456E+0	1.077900E+0	2.429000E-3	1.000000E-2	0.000000E+0	5.000000E+1	2.000000E+0	5.000000E+1	2.000000E+0	1.000000E+0	1.060000E+2
2.823128E+0	6.000000E+2	6.000820E-1	1.623390E+1	3.696475E+1	3.729095E+1	1.077500E+0	4.018100E-2	3.003800E-2	1.623390E+1	1.850326E+0	2.327610E+0	1.077500E+0	2.508000E-3	1.000000E-2	0.000000E+0	5.000000E+1	2.000000E+0	5.000000E+1	2.000000E+0	1.000000E+0	1.070000E+2
2.844796E+0	5.000000E+2	4.999240E-1	1.353220E+1	3.694329E+1	3.711171E+1	1.073300E+0	3.983200E-2	2.493700E-2	1.353220E+1	1.842790E+0	1.827075E+0	1.073300E+0	1.961000E-3	1.000000E-2	0.000000E+0	5.000000E+1	2.000000E+0	5.000000E+1	2.000000E+0	1.000000E+0	1.080000E+2
2.866464E+0	4.000000E+2	3.998130E-1	1.082790E+1	3.692433E+1	3.744996E+1	1.074100E+0	4.022500E-2	1.996800E-2	1.082790E+1	1.844125E+0	1.888092E+0	1.074100E+0	2.028000E-3	1.000000E-2	0.000000E+0	5.000000E+1	2.000000E+0	5.000000E+1	2.000000E+0	1.000000E+0	1.090000E+2
2.888299E+0	3.000000E+2	2.996890E-1	8.118500E+0	3.691433E+1	3.742911E+1	1.068500E+0	3.999300E-2	1.460500E-2	8.118500E+0	1.798978E+0	2.200281E+0	1.068500E+0	2.351000E-3	1.000000E-2	0.000000E+0	5.000000E+1	2.000000E+0	5.000000E+1	2.000000E+0	1.000000E+0	1.100000E+2
2.910100E+0	2.000000E+2	1.992250E-1	5.389500E+0	3.696540E+1	3.756459E+1	1.072100E+0	4.027300E-2	9.981000E-3	5.389500E+0	1.851934E+0	1.988620E+0	1.072100E+0	2.132000E-3	1.000000E-2	0.000000E+0	5.000000E+1	2.000000E+0	5.000000E+1	2.000000E+0	1.000000E+0	1.110000E+2
2.932668E+0	1.000000E+2	1.000430E-1	2.698000E+0	3.708043E+1	3.750584E+1	1.069700E+0	4.012000E-2	4.777000E-3	2.698000E+0	1.770571E+0	1.156399E+0	1.069700E+0	1.237000E-3	1.000000E-2	0.000000E+0	5.000000E+1	2.000000E+0	5.000000E+1	2.000000E+0	1.000000E+0	1.120000E+2
2.954236E+0	0.000000E+0	-1.560000E-4	-1.790000E-2	8.715084E+0	3.727256E+1	1.070600E+0	3.990400E-2	-1.500000E-5	-1.790000E-2	8.379888E-1	1.496357E+0	1.070600E+0	1.602000E-3	1.000000E-2	0.000000E+0	5.000000E+1	2.000000E+0	5.000000E+1	2.000000E+0	1.000000E+0	1.130000E+2
2.976104E+0	-1.000000E+2	-1.001200E-1	-2.736100E+0	3.659223E+1	3.750974E+1	1.078200E+0	4.044300E-2	-4.944000E-3	-2.736100E+0	1.806952E+0	1.806715E+0	1.078200E+0	1.948000E-3	1.000000E-2	0.000000E+0	5.000000E+1	2.000000E+0	5.000000E+1	2.000000E+0	1.000000E+0	1.140000E+2
2.997871E+0	-2.000000E+2	-2.003410E-1	-5.462500E+0	3.667570E+1	3.745261E+1	1.060300E+0	3.971100E-2	-9.818000E-3	-5.462500E+0	1.797346E+0	1.766481E+0	1.060300E+0	1.873000E-3	1.000000E-2	0.000000E+0	5.000000E+1	2.000000E+0	5.000000E+1	2.000000E+0	1.000000E+0	1.150000E+2
3.019406E+0	-3.000000E+2	-3.003800E-1	-8.164700E+0	3.679008E+1	3.746298E+1	1.067000E+0	3.997300E-2	-1.450000E-2	-8.164700E+0	1.775938E+0	1.875351E+0	1.067000E+0	2.001000E-3	1.000000E-2	0.000000E+0	5.000000E+1	2.000000E+0	5.000000E+1	2.000000E+0	1.000000E+0	1.160000E+2
3.041191E+0	-4.000000E+2	-4.001930E-1	-1.085630E+1	3.686274E+1	3.733670E+1	1.068600E+0	3.989800E-2	-1.994900E-2	-1.085630E+1	1.837551E+0	1.781771E+0	1.068600E+0	1.904000E-3	1.000000E-2	0.000000E+0	5.000000E+1	2.000000E+0	5.000000E+1	2.000000E+0	1.000000E+0	1.170000E+2
3.063325E+0	-5.000000E+2	-5.002320E-1	-1.356020E+1	3.688972E+1	3.741332E+1	1.084400E+0	4.057100E-2	-2.505200E-2	-1.356020E+1	1.847465E+0	1.492069E+0	1.084400E+0	1.618000E-3	1.000000E-2	0.000000E+0	5.000000E+1	2.000000E+0	5.000000E+1	2.000000E+0	1.000000E+0	1.180000E+2
3.085160E+0	-6.000000E+2	-6.001200E-1	-1.623940E+1	3.695457E+1	3.744360E+1	1.072600E+0	4.016200E-2	-2.947400E-2	-1.623940E+1	1.814969E+0	2.205855E+0	1.072600E+0	2.366000E-3	1.000000E-2	0.000000E+0	5.000000E+1	2.000000E+0	5.000000E+1	2.000000E+0	1.000000E+0	1.190000E+2
3.107778E+0	-7.000000E+2	-7.003590E-1	-1.893660E+1	3.698441E+1	3.767221E+1	1.040900E+0	3.921300E-2	-3.430900E-2	-1.893660E+1	1.811782E+0	2.220194E+0	1.040900E+0	2.311000E-3	1.000000E-2	0.000000E+0	5.000000E+1	2.000000E+0	5.000000E+1	2.000000E+0	1.000000E+0	1.200000E+2
3.129562E+0	-8.000000E+2	-7.995310E-1	-2.157320E+1	3.706131E+1	3.754046E+1	1.068900E+0	4.012700E-2	-3.935400E-2	-2.157320E+1	1.824208E+0	1.436056E+0	1.068900E+0	1.535000E-3	1.000000E-2	0.000000E+0	5.000000E+1	2.000000E+0	5.000000E+1	2.000000E+0	1.000000E+0	1.210000E+2
3.151714E+0	-9.000000E+2	-8.998270E-1	-2.420850E+1	3.716988E+1	3.757883E+1	1.065600E+0	4.004400E-2	-4.401400E-2	-2.420850E+1	1.818122E+0	2.685811E+0	1.065600E+0	2.862000E-3	1.000000E-2	0.000000E+0	5.000000E+1	2.000000E+0	5.000000E+1	2.000000E+0	1.000000E+0	1.220000E+2
3.173565E+0	-1.000000E+3	-9.999780E-1	-2.657920E+1	3.762258E+1	3.812589E+1	1.051700E+0	4.009700E-2	-4.854100E-2	-2.657920E+1	1.826278E+0	1.611676E+0	1.051700E+0	1.695000E-3	1.000000E-2	0.000000E+0	5.000000E+1	2.000000E+0	5.000000E+1	2.000000E+0	1.000000E+0	1.230000E+2
3.195966E+0	-1.100000E+3	-1.099295E+0	-2.741760E+1	4.009450E+1	3.983885E+1	1.011500E+0	4.029700E-2	-5.028100E-2	-2.741760E+1	1.833895E+0	1.784478E+0	1.011500E+0	1.805000E-3	1.000000E-2	0.000000E+0	5.000000E+1	2.000000E+0	5.000000E+1	2.000000E+0	1.000000E+0	1.240000E+2
3.217784E+0	-1.200000E+3	-1.199582E+0	-2.923350E+1	4.103450E+1	3.969682E+1	1.002700E+0	3.980400E-2	-5.355400E-2	-2.923350E+1	1.831939E+0	1.963698E+0	1.002700E+0	1.969000E-3	1.000000E-2	0.000000E+0	5.000000E+1	2.000000E+0	5.000000E+1	2.000000E+0	1.000000E+0	1.250000E+2
3.240235E+0	-1.300000E+3	-1.300182E+0	-3.152820E+1	4.123870E+1	4.018171E+1	1.001600E+0	4.024600E-2	-5.732500E-2	-3.152820E+1	1.818214E+0	1.708267E+0	1.001600E+0	1.711000E-3	1.000000E-2	0.000000E+0	5.000000E+1	2.000000E+0	5.000000E+1	2.000000E+0	1.000000E+0	1.260000E+2
3.261870E+0	-1.400000E+3	-1.399663E+0	-3.377170E+1	4.144485E+1	4.060618E+1	9.964000E-1	4.046000E-2	-6.167100E-2	-3.377170E+1	1.826115E+0	1.849659E+0	9.964000E-1	1.843000E-3	1.000000E-2	0.000000E+0	5.000000E+1	2.000000E+0	5.000000E+1	2.000000E+0	1.000000E+0	1.270000E+2
3.284505E+0	-1.500000E+3	-1.500194E+0	-3.712470E+1	4.040959E+1	3.990213E+1	9.911000E-1	3.954700E-2	-6.773700E-2	-3.712470E+1	1.824580E+0	1.852487E+0	9.911000E-1	1.836000E-3	1.000000E-2	0.000000E+0	5.000000E+1	2.000000E+0	5.000000E+1	2.000000E+0	1.000000E+0	1.280000E+2
3.306372E+0	-1.500000E+3	-1.499966E+0	-3.717770E+1	4.034585E+1	3.946265E+1	1.006800E+0	3.973100E-2	-6.791300E-2	-3.717770E+1	1.826713E+0	1.928884E+0	1.006800E+0	1.942000E-3	1.000000E-2	0.000000E+0	5.000000E+1	2.000000E+0	5.000000E+1	2.000000E+0	1.000000E+0	1.290000E+2
3.328874E+0	-1.400000E+3	-1.399732E+0	-3.505260E+1	3.993233E+1	3.957134E+1	1.007800E+0	3.988000E-2	-6.437300E-2	-3.505260E+1	1.836469E+0	1.560826E+0	1.007800E+0	1.573000E-3	1.000000E-2	0.000000E+0	5.000000E+1	2.000000E+0	5.000000E+1	2.000000E+0	1.000000E+0	1.300000E+2
3.350692E+0	-1.300000E+3	-1.300123E+0	-3.279890E+1	3.963923E+1	3.938838E+1	1.018600E+0	4.012100E-2	-5.989600E-2	-3.279890E+1	1.826159E+0	1.633615E+0	1.018600E+0	1.664000E-3	1.000000E-2	0.000000E+0	5.000000E+1	2.000000E+0	5.000000E+1	2.000000E+0	1.000000E+0	1.310000E+2
3.373160E+0	-1.200000E+3	-1.199984E+0	-3.041240E+1	3.945706E+1	3.970273E+1	1.009200E+0	4.006800E-2	-5.553000E-2	-3.041240E+1	1.825900E+0	2.142291E+0	1.009200E+0	2.162000E-3	1.000000E-2	0.000000E+0	5.000000E+1	2.000000E+0	5.000000E+1	2.000000E+0	1.000000E+0	1.320000E+2
3.394828E+0	-1.100000E+3	-1.099928E+0	-2.796470E+1	3.933273E+1	3.936019E+1	1.012800E+0	3.986400E-2	-5.084100E-2	-2.796470E+1	1.818042E+0	2.029028E+0	1.012800E+0	2.055000E-3	1.000000E-2	0.000000E+0	5.000000E+1	2.000000E+0	5.000000E+1	2.000000E+0	1.000000E+0	1.330000E+2
3.417312E+0	-1.000000E+3	-9.999000E-1	-2.550740E+1	3.920039E+1	3.951885E+1	1.018400E+0	4.024600E-2	-4.633300E-2	-2.550740E+1	1.816453E+0	2.159269E+0	1.018400E+0	2.199000E-3	1.000000E-2	0.000000E+0	5.000000E+1	2.000000E+0	5.000000E+1	2.000000E+0	1.000000E+0	1.340000E+2
3.438980E+0	-9.000000E+2	-9.001420E-1	-2.301210E+1	3.911603E+1	3.921989E+1	1.017800E+0	3.991800E-2	-4.229900E-2	-2.301210E+1	1.838120E+0	2.299076E+0	1.017800E+0	2.340000E-3	1.000000E-2	0.000000E+0	5.000000E+1	2.000000E+0	5.000000E+1	2.000000E+0	1.000000E+0	1.350000E+2
3.461465E+0	-8.000000E+2	-8.002440E-1	-2.050370E+1	3.902925E+1	3.955795E+1	1.004400E+0	3.973200E-2	-3.756600E-2	-2.050370E+1	1.832157E+0	2.165472E+0	1.004400E+0	2.175000E-3	1.000000E-2	0.000000E+0	5.000000E+1	2.000000E+0	5.000000E+1	2.000000E+0	1.000000E+0	1.360000E+2
3.483266E+0	-7.000000E+2	-7.003610E-1	-1.799070E+1	3.892906E+1	3.912427E+1	1.022000E+0	3.998500E-2	-3.307100E-2	-1.799070E+1	1.838228E+0	2.030333E+0	1.022000E+0	2.075000E-3	1.000000E-2	0.000000E+0	5.000000E+1	2.000000E+0	5.000000E+1	2.000000E+0	1.000000E+0	1.370000E+2
3.505684E+0	-6.000000E+2	-5.996730E-1	-1.543160E+1	3.886007E+1	3.922195E+1	1.038500E+0	4.073200E-2	-2.853600E-2	-1.543160E+1	1.849193E+0	2.062590E+0	1.038500E+0	2.142000E-3	1.000000E-2	0.000000E+0	5.000000E+1	2.000000E+0	5.000000E+1	2.000000E+0	1.000000E+0	1.380000E+2
3.527352E+0	-5.000000E+2	-4.997960E-1	-1.287740E+1	3.881187E+1	3.934520E+1	1.011000E+0	3.977800E-2	-2.372500E-2	-1.287740E+1	1.842375E+0	1.931751E+0	1.011000E+0	1.953000E-3	1.000000E-2	0.000000E+0	5.000000E+1	2.000000E+0	5.000000E+1	2.000000E+0	1.000000E+0	1.390000E+2
3.550003E+0	-4.000000E+2	-4.001920E-1	-1.032910E+1	3.874413E+1	3.911733E+1	1.021900E+0	3.997400E-2	-1.876800E-2	-1.032910E+1	1.817002E+0	1.821118E+0	1.021900E+0	1.861000E-3	1.000000E-2	0.000000E+0	5.000000E+1	2.000000E+0	5.000000E+1	2.000000E+0	1.000000E+0	1.400000E+2
3.571638E+0	-3.000000E+2	-3.000310E-1	-7.756700E+0	3.868024E+1	3.921293E+1	1.008800E+0	3.955800E-2	-1.356300E-2	-7.756700E+0	1.748553E+0	1.122125E+0	1.008800E+0	1.132000E-3	1.000000E-2	0.000000E+0	5.000000E+1	2.000000E+0	5.000000E+1	2.000000E+0	1.000000E+0	1.410000E+2
3.593439E+0	-2.000000E+2	-1.998020E-1	-5.174500E+0	3.861281E+1	3.934188E+1	1.013500E+0	3.987300E-2	-9.453000E-3	-5.174500E+0	1.826843E+0	1.619142E+0	1.013500E+0	1.641000E-3	1.000000E-2	0.000000E+0	5.000000E+1	2.000000E+0	5.000000E+1	2.000000E+0	1.000000E+0	1.420000E+2
3.615123E+0	-1.000000E+2	-1.002380E-1	-2.608500E+0	3.842745E+1	3.924938E+1	1.004500E+0	3.942600E-2	-4.699000E-3	-2.608500E+0	1.801418E+0	1.924340E+0	1.004500E+0	1.933000E-3	1.000000E-2	0.000000E+0	5.000000E+1	2.000000E+0	5.000000E+1	2.000000E+0	1.000000E+0	1.430000E+2
3.637541E+0	0.000000E+0	4.800000E-4	2.100000E-3	2.285714E+2	3.914538E+1	1.018000E+0	3.985000E-2	5.000000E-6	2.100000E-3	2.380952E+0	1.821218E+0	1.018000E+0	1.854000E-3	1.000000E-2	0.000000E+0	5.000000E+1	2.000000E+0	5.000000E+1	2.000000E+0	1.000000E+0	1.440000E+2
3.659226E+0	1.000000E+2	1.001360E-1	2.569400E+0	3.897252E+1	3.931604E+1	1.005900E+0	3.954800E-2	5.342000E-3	2.569400E+0	2.079085E+0	2.048911E+0	1.005900E+0	2.061000E-3	1.000000E-2	0.000000E+0	5.000000E+1	2.000000E+0	5.000000E+1	2.000000E+0	1.000000E+0	1.450000E+2
3.681927E+0	2.000000E+2	1.999670E-1	5.154300E+0	3.879615E+1	3.901227E+1	1.026600E+0	4.005000E-2	9.685000E-3	5.154300E+0	1.879014E+0	1.667641E+0	1.026600E+0	1.712000E-3	1.000000E-2	0.000000E+0	5.000000E+1	2.000000E+0	5.000000E+1	2.000000E+0	1.000000E+0	1.460000E+2
3.703562E+0	3.000000E+2	2.998000E-1	7.718400E+0	3.884225E+1	3.920903E+1	1.019000E+0	3.995400E-2	1.441700E-2	7.718400E+0	1.867874E+0	2.038273E+0	1.019000E+0	2.077000E-3	1.000000E-2	0.000000E+0	5.000000E+1	2.000000E+0	5.000000E+1	2.000000E+0	1.000000E+0	1.470000E+2
3.725396E+0	4.000000E+2	4.003550E-1	1.029980E+1	3.887017E+1	3.962376E+1	1.010000E+0	4.002000E-2	1.862000E-2	1.029980E+1	1.807802E+0	1.813861E+0	1.010000E+0	1.832000E-3	1.000000E-2	0.000000E+0	5.000000E+1	2.000000E+0	5.000000E+1	2.000000E+0	1.000000E+0	1.480000E+2
3.747214E+0	5.000000E+2	4.998140E-1	1.285850E+1	3.887032E+1	3.921334E+1	1.019500E+0	3.997800E-2	2.358300E-2	1.285850E+1	1.834040E+0	2.203041E+0	1.019500E+0	2.246000E-3	1.000000E-2	0.000000E+0	5.000000E+1	2.000000E+0	5.000000E+1	2.000000E+0	1.000000E+0	1.490000E+2
3.769799E+0	6.000000E+2	5.999640E-1	1.541650E+1	3.891700E+1	3.929068E+1	1.022100E+0	4.015900E-2	2.836700E-2	1.541650E+1	1.840042E+0	1.832502E+0	1.022100E+0	1.873000E-3	1.000000E-2	0.000000E+0	5.000000E+1	2.000000E+0	5.000000E+1	2.000000E+0	1.000000E+0	1.500000E+2
3.791484E+0	7.000000E+2	6.999800E-1	1.795360E+1	3.898828E+1	3.923000E+1	1.000000E+0	3.923000E-2	3.301300E-2	1.795360E+1	1.838796E+0	1.738000E+0	1.000000E+0	1.738000E-3	1.000000E-2	0.000000E+0	5.000000E+1	2.000000E+0	5.000000E+1	2.000000E+0	1.000000E+0	1.510000E+2
3.814135E+0	8.000000E+2	7.999620E-1	2.048300E+1	3.905492E+1	3.934058E+1	1.011500E+0	3.979300E-2	3.784600E-2	2.048300E+1	1.847679E+0	2.392486E+0	1.011500E+0	2.420000E-3	1.000000E-2	0.000000E+0	5.000000E+1	2.000000E+0	5.000000E+1	2.000000E+0	1.000000E+0	1.520000E+2
3.835919E+0	9.000000E+2	9.002630E-1	2.299510E+1	3.915021E+1	3.954424E+1	1.007100E+0	3.982500E-2	4.226400E-2	2.299510E+1	1.837957E+0	2.059378E+0	1.007100E+0	2.074000E-3	1.000000E-2	0.000000E+0	5.000000E+1	2.000000E+0	5.000000E+1	2.000000E+0	1.000000E+0	1.530000E+2
3.858571E+0	1.000000E+3	9.999860E-1	2.547620E+1	3.925177E+1	3.971627E+1	9.939000E-1	3.947400E-2	4.679800E-2	2.547620E+1	1.836930E+0	2.467049E+0	9.939000E-1	2.452000E-3	1.000000E-2	0.000000E+0	5.000000E+1	2.000000E+0	5.000000E+1	2.000000E+0	1.000000E+0	1.540000E+2
3.880172E+0	1.100000E+3	1.099963E+0	2.793800E+1	3.937157E+1	3.962379E+1	1.015400E+0	4.023400E-2	5.099300E-2	2.793800E+1	1.825220E+0	1.930274E+0	1.015400E+0	1.960000E-3	1.000000E-2	0.000000E+0	5.000000E+1	2.000000E+0	5.000000E+1	2.000000E+0	1.000000E+0	1.550000E+2
3.902573E+0	1.200000E+3	1.200164E+0	3.057430E+1	3.925401E+1	3.898130E+1	1.037600E+0	4.044700E-2	5.618200E-2	3.057430E+1	1.837556E+0	1.671164E+0	1.037600E+0	1.734000E-3	1.000000E-2	0.000000E+0	5.000000E+1	2.000000E+0	5.000000E+1	2.000000E+0	1.000000E+0	1.560000E+2
3.924441E+0	1.300000E+3	1.299509E+0	3.346210E+1	3.883525E+1	3.733458E+1	1.067000E+0	3.983600E-2	6.179200E-2	3.346210E+1	1.846626E+0	1.711340E+0	1.067000E+0	1.826000E-3	1.000000E-2	0.000000E+0	5.000000E+1	2.000000E+0	5.000000E+1	2.000000E+0	1.000000E+0	1.570000E+2
3.947026E+0	1.400000E+3	1.399798E+0	3.667900E+1	3.816347E+1	3.741499E+1	1.064600E+0	3.983200E-2	6.748700E-2	3.667900E+1	1.839936E+0	2.079654E+0	1.064600E+0	2.214000E-3	1.000000E-2	0.000000E+0	5.000000E+1	2.000000E+0	5.000000E+1	2.000000E+0	1.000000E+0	1.580000E+2
3.968760E+0	1.500000E+3	1.500389E+0	3.950940E+1	3.797549E+1	3.690456E+1	1.084500E+0	4.002300E-2	7.196000E-2	3.950940E+1	1.821339E+0	1.858921E+0	1.084500E+0	2.016000E-3	1.000000E-2	0.000000E+0	5.000000E+1	2.000000E+0	5.000000E+1	2.000000E+0	1.000000E+0	1.590000E+2
3.991295E+0	1.500000E+3	1.499979E+0	3.964530E+1	3.783498E+1	3.714631E+1	1.075800E+0	3.996200E-2	7.306300E-2	3.964530E+1	1.842917E+0	1.850716E+0	1.075800E+0	1.991000E-3	1.000000E-2	0.000000E+0	5.000000E+1	2.000000E+0	5.000000E+1	2.000000E+0	1.000000E+0	1.600000E+2
4.013096E+0	1.400000E+3	1.400030E+0	3.706110E+1	3.777627E+1	3.685485E+1	1.098200E+0	4.047400E-2	6.762600E-2	3.706110E+1	1.824716E+0	1.946822E+0	1.098200E+0	2.138000E-3	1.000000E-2	0.000000E+0	5.000000E+1	2.000000E+0	5.000000E+1	2.000000E+0	1.000000E+0	1.610000E+2
4.035664E+0	1.300000E+3	1.299875E+0	3.547580E+1	3.664118E+1	3.713522E+1	1.084900E+0	4.028800E-2	6.539300E-2	3.547580E+1	1.843313E+0	2.224168E+0	1.084900E+0	2.413000E-3	1.000000E-2	0.000000E+0	5.000000E+1	2.000000E+0	5.000000E+1	2.000000E+0	1.000000E+0	1.620000E+2
4.057399E+0	1.200000E+3	1.199834E+0	3.280120E+1	3.657897E+1	3.705531E+1	1.072100E+0	3.972700E-2	6.034100E-2	3.280120E+1	1.839597E+0	1.725585E+0	1.072100E+0	1.850000E-3	1.000000E-2	0.000000E+0	5.000000E+1	2.000000E+0	5.000000E+1	2.000000E+0	1.000000E+0	1.630000E+2
4.079850E+0	1.100000E+3	1.100215E+0	3.010190E+1	3.654969E+1	3.698339E+1	1.084000E+0	4.009000E-2	5.561200E-2	3.010190E+1	1.847458E+0	1.982472E+0	1.084000E+0	2.149000E-3	1.000000E-2	0.000000E+0	5.000000E+1	2.000000E+0	5.000000E+1	2.000000E+0	1.000000E+0	1.640000E+2
4.101551E+0	1.000000E+3	1.000051E+0	2.739100E+1	3.651020E+1	3.697067E+1	1.091000E+0	4.033500E-2	5.055700E-2	2.739100E+1	1.845752E+0	2.012832E+0	1.091000E+0	2.196000E-3	1.000000E-2	0.000000E+0	5.000000E+1	2.000000E+0	5.000000E+1	2.000000E+0	1.000000E+0	1.650000E+2
4.124136E+0	9.000000E+2	8.998340E-1	2.467300E+1	3.647039E+1	3.722087E+1	1.065800E+0	3.967000E-2	4.527500E-2	2.467300E+1	1.835002E+0	2.017264E+0	1.065800E+0	2.150000E-3	1.000000E-2	0.000000E+0	5.000000E+1	2.000000E+0	5.000000E+1	2.000000E+0	1.000000E+0	1.660000E+2
4.146020E+0	8.000000E+2	7.998140E-1	2.194000E+1	3.645460E+1	3.698695E+1	1.073000E+0	3.968700E-2	4.067200E-2	2.194000E+1	1.853783E+0	2.008388E+0	1.073000E+0	2.155000E-3	1.000000E-2	0.000000E+0	5.000000E+1	2.000000E+0	5.000000E+1	2.000000E+0	1.000000E+0	1.670000E+2
4.168188E+0	7.000000E+2	6.999550E-1	1.919270E+1	3.646986E+1	3.701987E+1	1.091900E+0	4.042200E-2	3.534200E-2	1.919270E+1	1.841429E+0	2.253869E+0	1.091900E+0	2.461000E-3	1.000000E-2	0.000000E+0	5.000000E+1	2.000000E+0	5.000000E+1	2.000000E+0	1.000000E+0	1.680000E+2
4.189956E+0	6.000000E+2	5.999290E-1	1.644600E+1	3.647872E+1	3.686441E+1	1.073800E+0	3.958500E-2	3.023600E-2	1.644600E+1	1.838502E+0	2.003166E+0	1.073800E+0	2.151000E-3	1.000000E-2	0.000000E+0	5.000000E+1	2.000000E+0	5.000000E+1	2.000000E+0	1.000000E+0	1.690000E+2
4.211941E+0	5.000000E+2	5.002230E-1	1.371410E+1	3.647509E+1	3.721531E+1	1.068700E+0	3.977200E-2	2.522300E-2	1.371410E+1	1.839202E+0	2.056704E+0	1.068700E+0	2.198000E-3	1.000000E-2	0.000000E+0	5.000000E+1	2.000000E+0	5.000000E+1	2.000000E+0	1.000000E+0	1.700000E+2
4.233792E+0	4.000000E+2	4.000360E-1	1.097130E+1	3.646204E+1	3.719880E+1	1.062400E+0	3.952000E-2	1.965500E-2	1.097130E+1	1.791492E+0	2.059488E+0	1.062400E+0	2.188000E-3	1.000000E-2	0.000000E+0	5.000000E+1	2.000000E+0	5.000000E+1	2.000000E+0	1.000000E+0	1.710000E+2
4.255727E+0	3.000000E+2	3.003860E-1	8.228600E+0	3.650512E+1	3.691525E+1	1.071400E+0	3.955100E-2	1.539700E-2	8.228600E+0	1.871157E+0	2.178458E+0	1.071400E+0	2.334000E-3	1.000000E-2	0.000000E+0	5.000000E+1	2.000000E+0	5.000000E+1	2.000000E+0	1.000000E+0	1.720000E+2
4.277928E+0	2.000000E+2	1.999720E-1	5.469300E+0	3.656263E+1	3.695584E+1	1.089300E+0	4.025600E-2	1.005900E-2	5.469300E+0	1.839175E+0	1.419260E+0	1.089300E+0	1.546000E-3	1.000000E-2	0.000000E+0	5.000000E+1	2.000000E+0	5.000000E+1	2.000000E+0	1.000000E+0	1.730000E+2
4.299379E+0	1.000000E+2	1.001940E-1	2.733000E+0	3.666081E+1	3.686427E+1	1.083000E+0	3.992400E-2	5.453000E-3	2.733000E+0	1.995243E+0	1.833795E+0	1.083000E+0	1.986000E-3	1.000000E-2	0.000000E+0	5.000000E+1	2.000000E+0	5.000000E+1	2.000000E+0	1.000000E+0	1.740000E+2
4.321214E+0	0.000000E+0	8.900000E-5	-1.570000E-2	-5.668790E+0	3.730150E+1	1.074300E+0	4.007300E-2	2.100000E-5	-1.570000E-2	-1.337580E+0	2.068324E+0	1.074300E+0	2.222000E-3	1.000000E-2	0.000000E+0	5.000000E+1	2.000000E+0	5.000000E+1	2.000000E+0	1.000000E+0	1.750000E+2
4.342832E+0	-1.000000E+2	-9.964900E-2	-2.755100E+0	3.616892E+1	3.692414E+1	1.088800E+0	4.020300E-2	-5.138000E-3	-2.755100E+0	1.864905E+0	1.703711E+0	1.088800E+0	1.855000E-3	1.000000E-2	0.000000E+0	5.000000E+1	2.000000E+0	5.000000E+1	2.000000E+0	1.000000E+0	1.760000E+2
4.364683E+0	-2.000000E+2	-2.003300E-1	-5.513700E+0	3.633313E+1	3.691889E+1	1.083700E+0	4.000900E-2	-1.016800E-2	-5.513700E+0	1.844134E+0	2.320753E+0	1.083700E+0	2.515000E-3	1.000000E-2	0.000000E+0	5.000000E+1	2.000000E+0	5.000000E+1	2.000000E+0	1.000000E+0	1.770000E+2
4.386368E+0	-3.000000E+2	-3.001880E-1	-8.251100E+0	3.638157E+1	3.681469E+1	1.092200E+0	4.020900E-2	-1.529300E-2	-8.251100E+0	1.853450E+0	2.430873E+0	1.092200E+0	2.655000E-3	1.000000E-2	0.000000E+0	5.000000E+1	2.000000E+0	5.000000E+1	2.000000E+0	1.000000E+0	1.780000E+2
4.408569E+0	-4.000000E+2	-4.000180E-1	-1.099780E+1	3.637255E+1	3.697902E+1	1.082100E+0	4.001500E-2	-2.014000E-2	-1.099780E+1	1.831275E+0	1.777100E+0	1.082100E+0	1.923000E-3	1.000000E-2	0.000000E+0	5.000000E+1	2.000000E+0	5.000000E+1	2.000000E+0	1.000000E+0	1.790000E+2
4.430187E+0	-5.000000E+2	-5.001710E-1	-1.374410E+1	3.639169E+1	3.715069E+1	1.076400E+0	3.998900E-2	-2.516600E-2	-1.374410E+1	1.831040E+0	1.710331E+0	1.076400E+0	1.841000E-3	1.000000E-2	0.000000E+0	5.000000E+1	2.000000E+0	5.000000E+1	2.000000E+0	1.000000E+0	1.800000E+2
4.452321E+0	-6.000000E+2	-6.002800E-1	-1.648740E+1	3.640841E+1	3.699122E+1	1.093800E+0	4.046100E-2	-2.994700E-2	-1.648740E+1	1.816357E+0	1.985738E+0	1.093800E+0	2.172000E-3	1.000000E-2	0.000000E+0	5.000000E+1	2.000000E+0	5.000000E+1	2.000000E+0	1.000000E+0	1.810000E+2
4.474173E+0	-7.000000E+2	-6.999660E-1	-1.921990E+1	3.641882E+1	3.705996E+1	1.084000E+0	4.017300E-2	-3.545500E-2	-1.921990E+1	1.844703E+0	2.270295E+0	1.084000E+0	2.461000E-3	1.000000E-2	0.000000E+0	5.000000E+1	2.000000E+0	5.000000E+1	2.000000E+0	1.000000E+0	1.820000E+2
4.496741E+0	-8.000000E+2	-7.999170E-1	-2.194600E+1	3.644933E+1	3.730204E+1	1.076000E+0	4.013700E-2	-4.039600E-2	-2.194600E+1	1.840700E+0	1.998141E+0	1.076000E+0	2.150000E-3	1.000000E-2	0.000000E+0	5.000000E+1	2.000000E+0	5.000000E+1	2.000000E+0	1.000000E+0	1.830000E+2
4.518375E+0	-9.000000E+2	-9.005180E-1	-2.466390E+1	3.651158E+1	3.721539E+1	1.073400E+0	3.994700E-2	-4.520300E-2	-2.466390E+1	1.832760E+0	2.263835E+0	1.073400E+0	2.430000E-3	1.000000E-2	0.000000E+0	5.000000E+1	2.000000E+0	5.000000E+1	2.000000E+0	1.000000E+0	1.840000E+2
4.540910E+0	-1.000000E+3	-1.000089E+0	-2.721540E+1	3.674717E+1	3.715557E+1	1.067700E+0	3.967100E-2	-4.995900E-2	-2.721540E+1	1.835689E+0	1.901283E+0	1.067700E+0	2.030000E-3	1.000000E-2	0.000000E+0	5.000000E+1	2.000000E+0	5.000000E+1	2.000000E+0	1.000000E+0	1.850000E+2
4.562561E+0	-1.100000E+3	-1.100114E+0	-2.832270E+1	3.884213E+1	3.889345E+1	1.023900E+0	3.982300E-2	-5.140500E-2	-2.832270E+1	1.814975E+0	2.213107E+0	1.023900E+0	2.266000E-3	1.000000E-2	0.000000E+0	5.000000E+1	2.000000E+0	5.000000E+1	2.000000E+0	1.000000E+0	1.860000E+2
4.585162E+0	-1.200000E+3	-1.199771E+0	-3.042990E+1	3.942737E+1	3.936525E+1	1.013000E+0	3.987700E-2	-5.563700E-2	-3.042990E+1	1.828366E+0	2.436328E+0	1.013000E+0	2.468000E-3	1.000000E-2	0.000000E+0	5.000000E+1	2.000000E+0	5.000000E+1	2.000000E+0	1.000000E+0	1.870000E+2
4.606797E+0	-1.300000E+3	-1.299806E+0	-3.291000E+1	3.949578E+1	3.933424E+1	1.024400E+0	4.029400E-2	-5.998500E-2	-3.291000E+1	1.822698E+0	1.415463E+0	1.024400E+0	1.450000E-3	1.000000E-2	0.000000E+0	5.000000E+1	2.000000E+0	5.000000E+1	2.000000E+0	1.000000E+0	1.880000E+2
4.628931E+0	-1.400000E+3	-1.400113E+0	-3.545560E+1	3.948919E+1	3.893555E+1	1.028700E+0	4.005300E-2	-6.563900E-2	-3.545560E+1	1.851301E+0	2.059881E+0	1.028700E+0	2.119000E-3	1.000000E-2	0.000000E+0	5.000000E+1	2.000000E+0	5.000000E+1	2.000000E+0	1.000000E+0	1.890000E+2
4.650533E+0	-1.500000E+3	-1.499508E+0	-3.785130E+1	3.961576E+1	3.887146E+1	1.019900E+0	3.964500E-2	-6.908200E-2	-3.785130E+1	1.825089E+0	1.967840E+0	1.019900E+0	2.007000E-3	1.000000E-2	0.000000E+0	5.000000E+1	2.000000E+0	5.000000E+1	2.000000E+0	1.000000E+0	1.900000E+2
4.673067E+0	-1.500000E+3	-1.500004E+0	-3.795000E+1	3.952580E+1	3.909091E+1	1.024100E+0	4.003300E-2	-6.988500E-2	-3.795000E+1	1.841502E+0	2.565179E+0	1.024100E+0	2.627000E-3	1.000000E-2	0.000000E+0	5.000000E+1	2.000000E+0	5.000000E+1	2.000000E+0	1.000000E+0	1.910000E+2
4.694769E+0	-1.400000E+3	-1.400285E+0	-3.573620E+1	3.918394E+1	3.896936E+1	1.031400E+0	4.019300E-2	-6.536600E-2	-3.573620E+1	1.829126E+0	2.162110E+0	1.031400E+0	2.230000E-3	1.000000E-2	0.000000E+0	5.000000E+1	2.000000E+0	5.000000E+1	2.000000E+0	1.000000E+0	1.920000E+2
4.717270E+0	-1.300000E+3	-1.299902E+0	-3.334630E+1	3.898190E+1	3.869739E+1	1.024100E+0	3.963000E-2	-6.123800E-2	-3.334630E+1	1.836426E+0	2.161898E+0	1.024100E+0	2.214000E-3	1.000000E-2	0.000000E+0	5.000000E+1	2.000000E+0	5.000000E+1	2.000000E+0	1.000000E+0	1.930000E+2
4.738904E+0	-1.200000E+3	-1.200114E+0	-3.090200E+1	3.883613E+1	3.864058E+1	1.035000E+0	3.999300E-2	-5.621400E-2	-3.090200E+1	1.819106E+0	1.773913E+0	1.035000E+0	1.836000E-3	1.000000E-2	0.000000E+0	5.000000E+1	2.000000E+0	5.000000E+1	2.000000E+0	1.000000E+0	1.940000E+2
4.761422E+0	-1.100000E+3	-1.099843E+0	-2.842020E+1	3.869934E+1	3.868429E+1	1.044300E+0	4.039800E-2	-5.201100E-2	-2.842020E+1	1.830072E+0	1.735134E+0	1.044300E+0	1.812000E-3	1.000000E-2	0.000000E+0	5.000000E+1	2.000000E+0	5.000000E+1	2.000000E+0	1.000000E+0	1.950000E+2
4.783190E+0	-1.000000E+3	-9.997000E-1	-2.589540E+1	3.860531E+1	3.869071E+1	1.028800E+0	3.980500E-2	-4.785300E-2	-2.589540E+1	1.847934E+0	1.782659E+0	1.028800E+0	1.834000E-3	1.000000E-2	0.000000E+0	5.000000E+1	2.000000E+0	5.000000E+1	2.000000E+0	1.000000E+0	1.960000E+2
4.805742E+0	-9.000000E+2	-9.000690E-1	-2.338380E+1	3.849113E+1	3.894773E+1	1.021600E+0	3.978900E-2	-4.275500E-2	-2.338380E+1	1.828403E+0	1.723767E+0	1.021600E+0	1.761000E-3	1.000000E-2	0.000000E+0	5.000000E+1	2.000000E+0	5.000000E+1	2.000000E+0	1.000000E+0	1.970000E+2
4.827493E+0	-8.000000E+2	-7.993830E-1	-2.081060E+1	3.841230E+1	3.863658E+1	1.032700E+0	3.990000E-2	-3.851300E-2	-2.081060E+1	1.850643E+0	1.873729E+0	1.032700E+0	1.935000E-3	1.000000E-2	0.000000E+0	5.000000E+1	2.000000E+0	5.000000E+1	2.000000E+0	1.000000E+0	1.980000E+2
4.849911E+0	-7.000000E+2	-6.999500E-1	-1.826300E+1	3.832612E+1	3.873683E+1	1.034700E+0	4.008100E-2	-3.356700E-2	-1.826300E+1	1.837978E+0	1.830482E+0	1.034700E+0	1.894000E-3	1.000000E-2	0.000000E+0	5.000000E+1	2.000000E+0	5.000000E+1	2.000000E+0	1.000000E+0	1.990000E+2
4.871712E+0	-6.000000E+2	-5.998570E-1	-1.568090E+1	3.825399E+1	3.859072E+1	1.036700E+0	4.000700E-2	-2.858100E-2	-1.568090E+1	1.822663E+0	1.594482E+0	1.036700E+0	1.653000E-3	1.000000E-2	0.000000E+0	5.000000E+1	2.000000E+0	5.000000E+1	2.000000E+0	1.000000E+0	2.000000E+2
4.894230E+0	-5.000000E+2	-5.007150E-1	-1.311020E+1	3.819278E+1	3.848672E+1	1.038800E+0	3.998000E-2	-2.414900E-2	-1.311020E+1	1.842001E+0	1.916635E+0	1.038800E+0	1.991000E-3	1.000000E-2	0.000000E+0	5.000000E+1	2.000000E+0	5.000000E+1	2.000000E+0	1.000000E+0	2.010000E+2
4.916198E+0	-4.000000E+2	-4.001480E-1	-1.049190E+1	3.813875E+1	3.851368E+1	1.026700E+0	3.954200E-2	-1.957300E-2	-1.049190E+1	1.865534E+0	1.796046E+0	1.026700E+0	1.844000E-3	1.000000E-2	0.000000E+0	5.000000E+1	2.000000E+0	5.000000E+1	2.000000E+0	1.000000E+0	2.020000E+2
