Tiempo (min)	I pulso(mA)	Vinst 1 (V)	Iinst 1 (mA)	Rinst 1(Ohm)	Rrem 1 (Ohm)	Ibias 1 (mA)	Vbias 1 (V)	Vinst 2 (V)	Iinst 2 (mA)	Rinst 2(Ohm)	Rrem 2 (Ohm)	Ibias 2 (mA)	Vbias 2 (V)	Ancho pulso (s)	Periodo (s)	Icc 1 (mA)	Vcc 1 (V)	Icc 2 (mA)	Vcc 2 (V)	2W 1?	N1.631743E+0	2.000000E+2	2.002000E-1	2.184200E+0	9.165827E+1	9.145726E+1	3.267100E+0	2.988000E-1	9.910000E+37	2.184200E+0	4.537130E+40	3.033271E+40	3.267100E+0	9.910000E+37	1.000000E-3	5.000000E+0	1.000000E+2	1.000000E+1	1.000000E+2	1.000000E+1	1.000000E+0	1.000000E+0
1.785852E+0	2.000000E+2	2.000000E-1	2.191900E+0	9.124504E+1	9.159654E+1	3.279600E+0	3.004000E-1	9.910000E+37	2.191900E+0	4.521192E+40	3.021710E+40	3.279600E+0	9.910000E+37	1.000000E-3	5.000000E+0	1.000000E+2	1.000000E+1	1.000000E+2	1.000000E+1	1.000000E+0	2.000000E+0
1.941144E+0	2.000000E+2	2.002000E-1	2.182500E+0	9.172967E+1	9.138819E+1	3.282700E+0	3.000000E-1	9.910000E+37	2.182500E+0	4.540664E+40	3.018856E+40	3.282700E+0	9.910000E+37	1.000000E-3	5.000000E+0	1.000000E+2	1.000000E+1	1.000000E+2	1.000000E+1	1.000000E+0	3.000000E+0
2.095036E+0	2.000000E+2	1.996000E-1	2.190600E+0	9.111659E+1	9.176241E+1	3.281300E+0	3.011000E-1	9.910000E+37	2.190600E+0	4.523875E+40	3.020144E+40	3.281300E+0	9.910000E+37	1.000000E-3	5.000000E+0	1.000000E+2	1.000000E+1	1.000000E+2	1.000000E+1	1.000000E+0	4.000000E+0
2.248929E+0	2.000000E+2	1.992000E-1	2.181800E+0	9.130076E+1	9.187009E+1	3.273100E+0	3.007000E-1	9.910000E+37	2.181800E+0	4.542121E+40	3.027711E+40	3.273100E+0	9.910000E+37	1.000000E-3	5.000000E+0	1.000000E+2	1.000000E+1	1.000000E+2	1.000000E+1	1.000000E+0	5.000000E+0
2.402837E+0	2.000000E+2	1.993000E-1	2.187000E+0	9.112940E+1	9.084834E+1	3.292300E+0	2.991000E-1	9.910000E+37	2.187000E+0	4.531321E+40	3.010054E+40	3.292300E+0	9.910000E+37	1.000000E-3	5.000000E+0	1.000000E+2	1.000000E+1	1.000000E+2	1.000000E+1	1.000000E+0	6.000000E+0
2.556730E+0	2.200000E+2	2.206000E-1	2.415500E+0	9.132685E+1	9.180929E+1	3.272000E+0	3.004000E-1	9.910000E+37	2.415500E+0	4.102670E+40	3.028729E+40	3.272000E+0	9.910000E+37	1.000000E-3	5.000000E+0	1.000000E+2	1.000000E+1	1.000000E+2	1.000000E+1	1.000000E+0	7.000000E+0
2.710638E+0	2.400000E+2	2.407000E-1	2.624300E+0	9.171970E+1	9.139457E+1	3.277000E+0	2.995000E-1	9.910000E+37	2.624300E+0	3.776245E+40	3.024107E+40	3.277000E+0	9.910000E+37	1.000000E-3	5.000000E+0	1.000000E+2	1.000000E+1	1.000000E+2	1.000000E+1	1.000000E+0	8.000000E+0
2.864564E+0	2.600000E+2	2.594000E-1	2.849800E+0	9.102393E+1	9.104704E+1	3.295000E+0	3.000000E-1	9.910000E+37	2.849800E+0	3.477437E+40	3.007587E+40	3.295000E+0	9.910000E+37	1.000000E-3	5.000000E+0	1.000000E+2	1.000000E+1	1.000000E+2	1.000000E+1	1.000000E+0	9.000000E+0
3.018473E+0	2.800000E+2	2.796000E-1	3.067000E+0	9.116400E+1	9.129680E+1	3.282700E+0	2.997000E-1	9.910000E+37	3.067000E+0	3.231171E+40	3.018856E+40	3.282700E+0	9.910000E+37	1.000000E-3	5.000000E+0	1.000000E+2	1.000000E+1	1.000000E+2	1.000000E+1	1.000000E+0	1.000000E+1
3.172365E+0	3.000000E+2	3.014000E-1	3.290200E+0	9.160537E+1	9.155593E+1	3.288700E+0	3.011000E-1	9.910000E+37	3.290200E+0	3.011975E+40	3.013349E+40	3.288700E+0	9.910000E+37	1.000000E-3	5.000000E+0	1.000000E+2	1.000000E+1	1.000000E+2	1.000000E+1	1.000000E+0	1.100000E+1
3.326307E+0	3.200000E+2	3.197000E-1	3.488100E+0	9.165448E+1	9.157464E+1	3.278200E+0	3.002000E-1	9.910000E+37	3.488100E+0	2.841088E+40	3.023000E+40	3.278200E+0	9.910000E+37	1.000000E-3	5.000000E+0	1.000000E+2	1.000000E+1	1.000000E+2	1.000000E+1	1.000000E+0	1.200000E+1
3.480199E+0	3.400000E+2	3.386000E-1	3.718200E+0	9.106557E+1	9.145432E+1	3.284700E+0	3.004000E-1	9.910000E+37	3.718200E+0	2.665268E+40	3.017018E+40	3.284700E+0	9.910000E+37	1.000000E-3	5.000000E+0	1.000000E+2	1.000000E+1	1.000000E+2	1.000000E+1	1.000000E+0	1.300000E+1
3.634108E+0	3.600000E+2	3.602000E-1	3.937600E+0	9.147704E+1	9.148689E+1	3.272600E+0	2.994000E-1	9.910000E+37	3.937600E+0	2.516761E+40	3.028173E+40	3.272600E+0	9.910000E+37	1.000000E-3	5.000000E+0	1.000000E+2	1.000000E+1	1.000000E+2	1.000000E+1	1.000000E+0	1.400000E+1
3.788017E+0	3.800000E+2	3.797000E-1	4.153300E+0	9.142128E+1	9.166616E+1	3.266200E+0	2.994000E-1	9.910000E+37	4.153300E+0	2.386054E+40	3.034107E+40	3.266200E+0	9.910000E+37	1.000000E-3	5.000000E+0	1.000000E+2	1.000000E+1	1.000000E+2	1.000000E+1	1.000000E+0	1.500000E+1
3.941942E+0	4.000000E+2	4.008000E-1	4.370200E+0	9.171205E+1	9.137536E+1	3.275500E+0	2.993000E-1	9.910000E+37	4.370200E+0	2.267631E+40	3.025492E+40	3.275500E+0	9.910000E+37	1.000000E-3	5.000000E+0	1.000000E+2	1.000000E+1	1.000000E+2	1.000000E+1	1.000000E+0	1.600000E+1
4.095851E+0	4.200000E+2	4.210000E-1	4.585800E+0	9.180514E+1	9.135011E+1	3.277500E+0	2.994000E-1	9.910000E+37	4.585800E+0	2.161019E+40	3.023646E+40	3.277500E+0	9.910000E+37	1.000000E-3	5.000000E+0	1.000000E+2	1.000000E+1	1.000000E+2	1.000000E+1	1.000000E+0	1.700000E+1
4.249810E+0	4.400000E+2	4.386000E-1	4.796400E+0	9.144358E+1	9.164503E+1	3.273500E+0	3.000000E-1	9.910000E+37	4.796400E+0	2.066133E+40	3.027341E+40	3.273500E+0	9.910000E+37	1.000000E-3	5.000000E+0	1.000000E+2	1.000000E+1	1.000000E+2	1.000000E+1	1.000000E+0	1.800000E+1
4.403719E+0	4.600000E+2	4.609000E-1	5.025300E+0	9.171592E+1	9.164634E+1	3.280000E+0	3.006000E-1	9.910000E+37	5.025300E+0	1.972022E+40	3.021341E+40	3.280000E+0	9.910000E+37	1.000000E-3	5.000000E+0	1.000000E+2	1.000000E+1	1.000000E+2	1.000000E+1	1.000000E+0	1.900000E+1
4.557644E+0	4.800000E+2	4.800000E-1	5.227600E+0	9.182034E+1	9.166488E+1	3.271700E+0	2.999000E-1	9.910000E+37	5.227600E+0	1.895707E+40	3.029006E+40	3.271700E+0	9.910000E+37	1.000000E-3	5.000000E+0	1.000000E+2	1.000000E+1	1.000000E+2	1.000000E+1	1.000000E+0	2.000000E+1
4.711569E+0	5.000000E+2	5.006000E-1	5.452800E+0	9.180604E+1	9.122177E+1	3.285400E+0	2.997000E-1	9.910000E+37	5.452800E+0	1.817415E+40	3.016375E+40	3.285400E+0	9.910000E+37	1.000000E-3	5.000000E+0	1.000000E+2	1.000000E+1	1.000000E+2	1.000000E+1	1.000000E+0	2.100000E+1
4.865528E+0	5.000000E+2	5.002000E-1	5.448700E+0	9.180171E+1	9.149669E+1	3.279900E+0	3.001000E-1	9.910000E+37	5.448700E+0	1.818782E+40	3.021434E+40	3.279900E+0	9.910000E+37	1.000000E-3	5.000000E+0	1.000000E+2	1.000000E+1	1.000000E+2	1.000000E+1	1.000000E+0	2.200000E+1
5.019454E+0	4.800000E+2	4.805000E-1	5.229800E+0	9.187732E+1	9.136051E+1	3.282600E+0	2.999000E-1	9.910000E+37	5.229800E+0	1.894910E+40	3.018948E+40	3.282600E+0	9.910000E+37	1.000000E-3	5.000000E+0	1.000000E+2	1.000000E+1	1.000000E+2	1.000000E+1	1.000000E+0	2.300000E+1
5.173396E+0	4.600000E+2	4.601000E-1	5.017700E+0	9.169540E+1	9.150287E+1	3.276400E+0	2.998000E-1	9.910000E+37	5.017700E+0	1.975008E+40	3.024661E+40	3.276400E+0	9.910000E+37	1.000000E-3	5.000000E+0	1.000000E+2	1.000000E+1	1.000000E+2	1.000000E+1	1.000000E+0	2.400000E+1
5.327305E+0	4.400000E+2	4.406000E-1	4.810600E+0	9.158941E+1	9.161235E+1	3.283400E+0	3.008000E-1	9.910000E+37	4.810600E+0	2.060034E+40	3.018213E+40	3.283400E+0	9.910000E+37	1.000000E-3	5.000000E+0	1.000000E+2	1.000000E+1	1.000000E+2	1.000000E+1	1.000000E+0	2.500000E+1
5.481247E+0	4.200000E+2	4.198000E-1	4.578000E+0	9.169943E+1	9.160189E+1	3.280500E+0	3.005000E-1	9.910000E+37	4.578000E+0	2.164701E+40	3.020881E+40	3.280500E+0	9.910000E+37	1.000000E-3	5.000000E+0	1.000000E+2	1.000000E+1	1.000000E+2	1.000000E+1	1.000000E+0	2.600000E+1
5.635206E+0	4.000000E+2	4.002000E-1	4.364000E+0	9.170486E+1	9.152843E+1	3.273300E+0	2.996000E-1	9.910000E+37	4.364000E+0	2.270852E+40	3.027526E+40	3.273300E+0	9.910000E+37	1.000000E-3	5.000000E+0	1.000000E+2	1.000000E+1	1.000000E+2	1.000000E+1	1.000000E+0	2.700000E+1
5.789131E+0	3.800000E+2	3.802000E-1	4.153300E+0	9.154167E+1	9.147889E+1	3.270700E+0	2.992000E-1	9.910000E+37	4.153300E+0	2.386054E+40	3.029932E+40	3.270700E+0	9.910000E+37	1.000000E-3	5.000000E+0	1.000000E+2	1.000000E+1	1.000000E+2	1.000000E+1	1.000000E+0	2.800000E+1
5.943223E+0	3.600000E+2	3.602000E-1	3.923700E+0	9.180111E+1	9.166768E+1	3.283600E+0	3.010000E-1	9.910000E+37	3.923700E+0	2.525677E+40	3.018029E+40	3.283600E+0	9.910000E+37	1.000000E-3	5.000000E+0	1.000000E+2	1.000000E+1	1.000000E+2	1.000000E+1	1.000000E+0	2.900000E+1
6.097132E+0	3.400000E+2	3.411000E-1	3.721700E+0	9.165166E+1	9.167920E+1	3.258100E+0	2.987000E-1	9.910000E+37	3.721700E+0	2.662762E+40	3.041650E+40	3.258100E+0	9.910000E+37	1.000000E-3	5.000000E+0	1.000000E+2	1.000000E+1	1.000000E+2	1.000000E+1	1.000000E+0	3.000000E+1
6.251124E+0	3.200000E+2	3.207000E-1	3.501500E+0	9.158932E+1	9.141950E+1	3.277200E+0	2.996000E-1	9.910000E+37	3.501500E+0	2.830216E+40	3.023923E+40	3.277200E+0	9.910000E+37	1.000000E-3	5.000000E+0	1.000000E+2	1.000000E+1	1.000000E+2	1.000000E+1	1.000000E+0	3.100000E+1
6.405066E+0	3.000000E+2	3.004000E-1	3.278000E+0	9.164124E+1	9.127263E+1	3.275900E+0	2.990000E-1	9.910000E+37	3.278000E+0	3.023185E+40	3.025123E+40	3.275900E+0	9.910000E+37	1.000000E-3	5.000000E+0	1.000000E+2	1.000000E+1	1.000000E+2	1.000000E+1	1.000000E+0	3.200000E+1
6.559042E+0	3.000000E+2	2.994000E-1	3.281500E+0	9.123876E+1	9.165900E+1	3.261000E+0	2.989000E-1	9.910000E+37	3.281500E+0	3.019960E+40	3.038945E+40	3.261000E+0	9.910000E+37	1.000000E-3	5.000000E+0	1.000000E+2	1.000000E+1	1.000000E+2	1.000000E+1	1.000000E+0	3.300000E+1
6.713017E+0	3.000000E+2	3.009000E-1	3.295900E+0	9.129525E+1	9.127672E+1	3.288900E+0	3.002000E-1	9.910000E+37	3.295900E+0	3.006766E+40	3.013165E+40	3.288900E+0	9.910000E+37	1.000000E-3	5.000000E+0	1.000000E+2	1.000000E+1	1.000000E+2	1.000000E+1	1.000000E+0	3.400000E+1
6.866976E+0	3.000000E+2	3.000000E-1	3.279100E+0	9.148852E+1	9.127382E+1	3.290100E+0	3.003000E-1	9.910000E+37	3.279100E+0	3.022171E+40	3.012067E+40	3.290100E+0	9.910000E+37	1.000000E-3	5.000000E+0	1.000000E+2	1.000000E+1	1.000000E+2	1.000000E+1	1.000000E+0	3.500000E+1
7.020902E+0	3.000000E+2	2.995000E-1	3.266700E+0	9.168274E+1	9.155445E+1	3.282200E+0	3.005000E-1	9.910000E+37	3.266700E+0	3.033643E+40	3.019316E+40	3.282200E+0	9.910000E+37	1.000000E-3	5.000000E+0	1.000000E+2	1.000000E+1	1.000000E+2	1.000000E+1	1.000000E+0	3.600000E+1
7.174844E+0	3.000000E+2	2.994000E-1	3.267500E+0	9.162969E+1	9.174481E+1	3.263400E+0	2.994000E-1	9.910000E+37	3.267500E+0	3.032900E+40	3.036710E+40	3.263400E+0	9.910000E+37	1.000000E-3	5.000000E+0	1.000000E+2	1.000000E+1	1.000000E+2	1.000000E+1	1.000000E+0	3.700000E+1
7.328803E+0	3.000000E+2	2.985000E-1	3.264200E+0	9.144660E+1	9.100607E+1	3.281100E+0	2.986000E-1	9.910000E+37	3.264200E+0	3.035966E+40	3.020329E+40	3.281100E+0	9.910000E+37	1.000000E-3	5.000000E+0	1.000000E+2	1.000000E+1	1.000000E+2	1.000000E+1	1.000000E+0	3.800000E+1
7.482728E+0	3.000000E+2	3.008000E-1	3.283800E+0	9.160119E+1	9.169640E+1	3.279300E+0	3.007000E-1	9.910000E+37	3.283800E+0	3.017845E+40	3.021986E+40	3.279300E+0	9.910000E+37	1.000000E-3	5.000000E+0	1.000000E+2	1.000000E+1	1.000000E+2	1.000000E+1	1.000000E+0	3.900000E+1
7.636703E+0	3.000000E+2	2.992000E-1	3.272600E+0	9.142578E+1	9.121683E+1	3.279000E+0	2.991000E-1	9.910000E+37	3.272600E+0	3.028173E+40	3.022263E+40	3.279000E+0	9.910000E+37	1.000000E-3	5.000000E+0	1.000000E+2	1.000000E+1	1.000000E+2	1.000000E+1	1.000000E+0	4.000000E+1
7.790679E+0	3.000000E+2	2.999000E-1	3.284000E+0	9.132156E+1	9.154671E+1	3.265000E+0	2.989000E-1	9.910000E+37	3.284000E+0	3.017661E+40	3.035222E+40	3.265000E+0	9.910000E+37	1.000000E-3	5.000000E+0	1.000000E+2	1.000000E+1	1.000000E+2	1.000000E+1	1.000000E+0	4.100000E+1
7.944671E+0	3.000000E+2	2.999000E-1	3.280900E+0	9.140785E+1	9.133589E+1	3.280200E+0	2.996000E-1	9.910000E+37	3.280900E+0	3.020513E+40	3.021157E+40	3.280200E+0	9.910000E+37	1.000000E-3	5.000000E+0	1.000000E+2	1.000000E+1	1.000000E+2	1.000000E+1	1.000000E+0	4.200000E+1
1.099195E+1	3.000000E+2	2.993000E-1	3.279700E+0	9.125835E+1	9.134777E+1	3.274300E+0	2.991000E-1	9.910000E+37	3.279700E+0	3.021618E+40	3.026601E+40	3.274300E+0	9.910000E+37	1.000000E-2	1.000000E+1	1.000000E+2	1.000000E+1	1.000000E+2	1.000000E+1	1.000000E+0	4.300000E+1
1.131246E+1	3.500000E+2	3.501000E-1	3.829800E+0	9.141470E+1	9.122240E+1	3.278800E+0	2.991000E-1	9.910000E+37	3.829800E+0	2.587602E+40	3.022447E+40	3.278800E+0	9.910000E+37	1.000000E-2	1.000000E+1	1.000000E+2	1.000000E+1	1.000000E+2	1.000000E+1	1.000000E+0	4.400000E+1
1.163283E+1	4.000000E+2	4.001000E-1	4.378100E+0	9.138667E+1	9.143554E+1	3.281000E+0	3.000000E-1	9.910000E+37	4.378100E+0	2.263539E+40	3.020421E+40	3.281000E+0	9.910000E+37	1.000000E-2	1.000000E+1	1.000000E+2	1.000000E+1	1.000000E+2	1.000000E+1	1.000000E+0	4.500000E+1
1.195348E+1	4.500000E+2	4.504000E-1	4.903500E+0	9.185276E+1	9.143589E+1	3.278800E+0	2.998000E-1	9.910000E+37	4.903500E+0	2.021005E+40	3.022447E+40	3.278800E+0	9.910000E+37	1.000000E-2	1.000000E+1	1.000000E+2	1.000000E+1	1.000000E+2	1.000000E+1	1.000000E+0	4.600000E+1
1.227400E+1	5.000000E+2	4.994000E-1	5.444100E+0	9.173233E+1	9.164758E+1	3.274500E+0	3.001000E-1	9.910000E+37	5.444100E+0	1.820319E+40	3.026416E+40	3.274500E+0	9.910000E+37	1.000000E-2	1.000000E+1	1.000000E+2	1.000000E+1	1.000000E+2	1.000000E+1	1.000000E+0	4.700000E+1
1.259444E+1	5.000000E+2	5.006000E-1	5.459500E+0	9.169338E+1	9.141097E+1	3.278600E+0	2.997000E-1	9.910000E+37	5.459500E+0	1.815185E+40	3.022632E+40	3.278600E+0	9.910000E+37	1.000000E-2	1.000000E+1	1.000000E+2	1.000000E+1	1.000000E+2	1.000000E+1	1.000000E+0	4.800000E+1
1.291499E+1	5.000000E+2	4.998000E-1	5.455600E+0	9.161229E+1	9.151942E+1	3.276900E+0	2.999000E-1	9.910000E+37	5.455600E+0	1.816482E+40	3.024200E+40	3.276900E+0	9.910000E+37	1.000000E-2	1.000000E+1	1.000000E+2	1.000000E+1	1.000000E+2	1.000000E+1	1.000000E+0	4.900000E+1
1.323561E+1	5.000000E+2	4.997000E-1	5.447200E+0	9.173520E+1	9.133283E+1	3.282500E+0	2.998000E-1	9.910000E+37	5.447200E+0	1.819283E+40	3.019040E+40	3.282500E+0	9.910000E+37	1.000000E-1	1.000000E+1	1.000000E+2	1.000000E+1	1.000000E+2	1.000000E+1	1.000000E+0	5.000000E+1
1.356198E+1	5.000000E+2	5.010000E-1	5.475400E+0	9.150016E+1	9.134060E+1	3.286600E+0	3.002000E-1	9.910000E+37	5.475400E+0	1.809913E+40	3.015274E+40	3.286600E+0	9.910000E+37	1.000000E-1	1.000000E+1	1.000000E+2	1.000000E+1	1.000000E+2	1.000000E+1	1.000000E+0	5.100000E+1
1.388836E+1	5.000000E+2	5.006000E-1	5.489500E+0	9.119228E+1	9.143170E+1	3.287700E+0	3.006000E-1	9.910000E+37	5.489500E+0	1.805265E+40	3.014265E+40	3.287700E+0	9.910000E+37	1.000000E-1	1.000000E+1	1.000000E+2	1.000000E+1	1.000000E+2	1.000000E+1	1.000000E+0	5.200000E+1
1.421475E+1	5.000000E+2	4.984000E-1	5.467200E+0	9.116184E+1	9.093670E+1	3.292400E+0	2.994000E-1	9.910000E+37	5.467200E+0	1.812628E+40	3.009962E+40	3.292400E+0	9.910000E+37	1.000000E-1	1.000000E+1	1.000000E+2	1.000000E+1	1.000000E+2	1.000000E+1	1.000000E+0	5.300000E+1
1.454133E+1	5.000000E+2	4.995000E-1	5.474600E+0	9.123954E+1	9.076313E+1	3.300900E+0	2.996000E-1	9.910000E+37	5.474600E+0	1.810178E+40	3.002212E+40	3.300900E+0	9.910000E+37	1.000000E-1	1.000000E+1	1.000000E+2	1.000000E+1	1.000000E+2	1.000000E+1	1.000000E+0	5.400000E+1
1.486780E+1	5.000000E+2	5.003000E-1	5.482400E+0	9.125565E+1	9.131071E+1	3.282200E+0	2.997000E-1	9.910000E+37	5.482400E+0	1.807603E+40	3.019316E+40	3.282200E+0	9.910000E+37	1.000000E-1	1.000000E+1	1.000000E+2	1.000000E+1	1.000000E+2	1.000000E+1	1.000000E+0	5.500000E+1
1.519424E+1	5.000000E+2	4.991000E-1	5.476200E+0	9.113984E+1	9.100033E+1	3.287900E+0	2.992000E-1	9.910000E+37	5.476200E+0	1.809649E+40	3.014082E+40	3.287900E+0	9.910000E+37	1.000000E-1	1.000000E+1	1.000000E+2	1.000000E+1	1.000000E+2	1.000000E+1	1.000000E+0	5.600000E+1
1.552067E+1	5.000000E+2	5.000000E-1	5.488100E+0	9.110621E+1	9.095047E+1	3.295200E+0	2.997000E-1	9.910000E+37	5.488100E+0	1.805725E+40	3.007405E+40	3.295200E+0	9.910000E+37	1.000000E-1	1.000000E+1	1.000000E+2	1.000000E+1	1.000000E+2	1.000000E+1	1.000000E+0	5.700000E+1
1.584716E+1	5.000000E+2	4.999000E-1	5.479000E+0	9.123928E+1	9.096145E+1	3.299200E+0	3.001000E-1	9.910000E+37	5.479000E+0	1.808724E+40	3.003758E+40	3.299200E+0	9.910000E+37	1.000000E-1	1.000000E+1	1.000000E+2	1.000000E+1	1.000000E+2	1.000000E+1	1.000000E+0	5.800000E+1
1.617356E+1	5.000000E+2	5.003000E-1	5.469600E+0	9.146921E+1	9.134835E+1	3.290700E+0	3.006000E-1	9.910000E+37	5.469600E+0	1.811833E+40	3.011517E+40	3.290700E+0	9.910000E+37	1.000000E-1	1.000000E+1	1.000000E+2	1.000000E+1	1.000000E+2	1.000000E+1	1.000000E+0	5.900000E+1
1.649999E+1	5.000000E+2	4.996000E-1	5.471000E+0	9.131786E+1	9.113847E+1	3.289500E+0	2.998000E-1	9.910000E+37	5.471000E+0	1.811369E+40	3.012616E+40	3.289500E+0	9.910000E+37	1.000000E-1	1.000000E+1	1.000000E+2	1.000000E+1	1.000000E+2	1.000000E+1	1.000000E+0	6.000000E+1
1.682636E+1	5.000000E+2	5.001000E-1	5.490500E+0	9.108460E+1	9.107219E+1	3.288600E+0	2.995000E-1	9.910000E+37	5.490500E+0	1.804936E+40	3.013440E+40	3.288600E+0	9.910000E+37	1.000000E-1	1.000000E+1	1.000000E+2	1.000000E+1	1.000000E+2	1.000000E+1	1.000000E+0	6.100000E+1
1.715273E+1	5.000000E+2	5.004000E-1	5.470200E+0	9.147746E+1	9.097237E+1	3.304300E+0	3.006000E-1	9.910000E+37	5.470200E+0	1.811634E+40	2.999122E+40	3.304300E+0	9.910000E+37	1.000000E-1	1.000000E+1	1.000000E+2	1.000000E+1	1.000000E+2	1.000000E+1	1.000000E+0	6.200000E+1
1.747917E+1	5.000000E+2	5.004000E-1	5.493700E+0	9.108615E+1	9.067271E+1	3.307500E+0	2.999000E-1	9.910000E+37	5.493700E+0	1.803884E+40	2.996221E+40	3.307500E+0	9.910000E+37	1.000000E-1	1.000000E+1	1.000000E+2	1.000000E+1	1.000000E+2	1.000000E+1	1.000000E+0	6.300000E+1
1.780559E+1	5.000000E+2	4.999000E-1	5.479300E+0	9.123428E+1	9.069881E+1	3.285600E+0	2.980000E-1	9.910000E+37	5.479300E+0	1.808625E+40	3.016192E+40	3.285600E+0	9.910000E+37	1.000000E-1	1.000000E+1	1.000000E+2	1.000000E+1	1.000000E+2	1.000000E+1	1.000000E+0	6.400000E+1
1.813199E+1	5.000000E+2	5.001000E-1	5.476800E+0	9.131245E+1	9.101684E+1	3.290600E+0	2.995000E-1	9.910000E+37	5.476800E+0	1.809451E+40	3.011609E+40	3.290600E+0	9.910000E+37	1.000000E-1	2.000000E+1	1.000000E+2	1.000000E+1	1.000000E+2	1.000000E+1	1.000000E+0	6.500000E+1
1.879174E+1	5.000000E+2	4.994000E-1	5.477100E+0	9.117964E+1	9.072146E+1	3.294700E+0	2.989000E-1	9.910000E+37	5.477100E+0	1.809352E+40	3.007861E+40	3.294700E+0	9.910000E+37	1.000000E-1	2.000000E+1	1.000000E+2	1.000000E+1	1.000000E+2	1.000000E+1	1.000000E+0	6.600000E+1
1.945318E+1	5.000000E+2	4.993000E-1	5.482300E+0	9.107491E+1	9.122339E+1	3.297400E+0	3.008000E-1	9.910000E+37	5.482300E+0	1.807635E+40	3.005398E+40	3.297400E+0	9.910000E+37	1.500000E-1	2.000000E+1	1.000000E+2	1.000000E+1	1.000000E+2	1.000000E+1	1.000000E+0	6.700000E+1
2.011640E+1	5.000000E+2	5.001000E-1	5.478100E+0	9.129078E+1	9.093388E+1	3.300200E+0	3.001000E-1	9.910000E+37	5.478100E+0	1.809021E+40	3.002848E+40	3.300200E+0	9.910000E+37	1.500000E-1	2.000000E+1	1.000000E+2	1.000000E+1	1.000000E+2	1.000000E+1	1.000000E+0	6.800000E+1
2.077969E+1	5.000000E+2	4.997000E-1	5.481400E+0	9.116284E+1	9.077723E+1	3.309200E+0	3.004000E-1	9.910000E+37	5.481400E+0	1.807932E+40	2.994681E+40	3.309200E+0	9.910000E+37	1.500000E-1	2.000000E+1	1.000000E+2	1.000000E+1	1.000000E+2	1.000000E+1	1.000000E+0	6.900000E+1
2.177783E+1	5.000000E+2	4.998000E-1	5.493000E+0	9.098853E+1	9.066433E+1	3.305600E+0	2.997000E-1	9.910000E+37	5.493000E+0	1.804114E+40	2.997943E+40	3.305600E+0	9.910000E+37	2.000000E-1	4.000000E+1	1.000000E+2	1.000000E+1	1.000000E+2	1.000000E+1	1.000000E+0	7.000000E+1
2.311092E+1	5.000000E+2	5.004000E-1	5.494600E+0	9.107123E+1	9.099457E+1	3.296900E+0	3.000000E-1	9.910000E+37	5.494600E+0	1.803589E+40	3.005854E+40	3.296900E+0	9.910000E+37	2.000000E-1	4.000000E+1	1.000000E+2	1.000000E+1	1.000000E+2	1.000000E+1	1.000000E+0	7.100000E+1
2.444423E+1	5.000000E+2	4.995000E-1	5.495100E+0	9.089916E+1	9.089531E+1	3.299400E+0	2.999000E-1	9.910000E+37	5.495100E+0	1.803425E+40	3.003576E+40	3.299400E+0	9.910000E+37	2.000000E-1	4.000000E+1	1.000000E+2	1.000000E+1	1.000000E+2	1.000000E+1	1.000000E+0	7.200000E+1
2.577756E+1	5.000000E+2	4.996000E-1	5.492500E+0	9.096040E+1	9.082082E+1	3.295500E+0	2.993000E-1	9.910000E+37	5.492500E+0	1.804279E+40	3.007131E+40	3.295500E+0	9.910000E+37	2.000000E-1	4.000000E+1	1.000000E+2	1.000000E+1	1.000000E+2	1.000000E+1	1.000000E+0	7.300000E+1
2.710750E+1	5.000000E+2	4.997000E-1	5.485700E+0	9.109138E+1	9.077064E+1	3.283000E+0	2.980000E-1	9.910000E+37	5.485700E+0	1.806515E+40	3.018581E+40	3.283000E+0	9.910000E+37	1.000000E-1	4.000000E+1	1.000000E+2	1.000000E+1	1.000000E+2	1.000000E+1	1.000000E+0	7.400000E+1
2.843428E+1	5.000000E+2	5.002000E-1	5.495900E+0	9.101330E+1	9.068413E+1	3.313700E+0	3.005000E-1	9.910000E+37	5.495900E+0	1.803162E+40	2.990615E+40	3.313700E+0	9.910000E+37	1.000000E-1	4.000000E+1	1.000000E+2	1.000000E+1	1.000000E+2	1.000000E+1	1.000000E+0	7.500000E+1
2.976087E+1	5.200000E+2	5.208000E-1	5.721700E+0	9.102190E+1	9.081245E+1	3.292500E+0	2.990000E-1	9.910000E+37	5.721700E+0	1.732003E+40	3.009871E+40	3.292500E+0	9.910000E+37	1.000000E-1	4.000000E+1	1.000000E+2	1.000000E+1	1.000000E+2	1.000000E+1	1.000000E+0	7.600000E+1
3.108746E+1	5.400000E+2	5.399000E-1	5.919700E+0	9.120395E+1	9.068338E+1	3.302700E+0	2.995000E-1	9.910000E+37	5.919700E+0	1.674071E+40	3.000575E+40	3.302700E+0	9.910000E+37	1.000000E-1	4.000000E+1	1.000000E+2	1.000000E+1	1.000000E+2	1.000000E+1	1.000000E+0	7.700000E+1
3.241419E+1	5.600000E+2	5.599000E-1	6.144600E+0	9.112066E+1	9.080185E+1	3.306100E+0	3.002000E-1	9.910000E+37	6.144600E+0	1.612798E+40	2.997489E+40	3.306100E+0	9.910000E+37	1.000000E-1	4.000000E+1	1.000000E+2	1.000000E+1	1.000000E+2	1.000000E+1	1.000000E+0	7.800000E+1
3.374081E+1	5.800000E+2	5.796000E-1	6.376000E+0	9.090339E+1	9.073324E+1	3.308600E+0	3.002000E-1	9.910000E+37	6.376000E+0	1.554266E+40	2.995225E+40	3.308600E+0	9.910000E+37	1.000000E-1	4.000000E+1	1.000000E+2	1.000000E+1	1.000000E+2	1.000000E+1	1.000000E+0	7.900000E+1
3.506726E+1	6.000000E+2	5.994000E-1	6.584400E+0	9.103335E+1	9.034709E+1	3.316100E+0	2.996000E-1	9.910000E+37	6.584400E+0	1.505073E+40	2.988450E+40	3.316100E+0	9.910000E+37	1.000000E-1	4.000000E+1	1.000000E+2	1.000000E+1	1.000000E+2	1.000000E+1	1.000000E+0	8.000000E+1
3.639366E+1	6.000000E+2	6.001000E-1	6.587400E+0	9.109816E+1	9.057038E+1	3.301300E+0	2.990000E-1	9.910000E+37	6.587400E+0	1.504387E+40	3.001848E+40	3.301300E+0	9.910000E+37	1.000000E-1	4.000000E+1	1.000000E+2	1.000000E+1	1.000000E+2	1.000000E+1	1.000000E+0	8.100000E+1
3.772011E+1	6.000000E+2	5.992000E-1	6.590600E+0	9.091737E+1	9.076018E+1	3.296600E+0	2.992000E-1	9.910000E+37	6.590600E+0	1.503657E+40	3.006128E+40	3.296600E+0	9.910000E+37	1.000000E-1	4.000000E+1	1.000000E+2	1.000000E+1	1.000000E+2	1.000000E+1	1.000000E+0	8.200000E+1
3.904652E+1	6.000000E+2	6.000000E-1	6.599000E+0	9.092287E+1	9.045181E+1	3.320000E+0	3.003000E-1	9.910000E+37	6.599000E+0	1.501743E+40	2.984940E+40	3.320000E+0	9.910000E+37	1.000000E-1	4.000000E+1	1.000000E+2	1.000000E+1	1.000000E+2	1.000000E+1	1.000000E+0	8.300000E+1
4.037296E+1	6.000000E+2	5.991000E-1	6.596200E+0	9.082502E+1	9.020021E+1	3.321500E+0	2.996000E-1	9.910000E+37	6.596200E+0	1.502380E+40	2.983592E+40	3.321500E+0	9.910000E+37	1.000000E-1	4.000000E+1	1.000000E+2	1.000000E+1	1.000000E+2	1.000000E+1	1.000000E+0	8.400000E+1
4.169947E+1	6.000000E+2	5.998000E-1	6.596200E+0	9.093114E+1	9.054381E+1	3.310000E+0	2.997000E-1	9.910000E+37	6.596200E+0	1.502380E+40	2.993958E+40	3.310000E+0	9.910000E+37	1.010000E-1	4.000000E+1	1.000000E+2	1.000000E+1	1.000000E+2	1.000000E+1	1.000000E+0	8.500000E+1
4.302598E+1	6.000000E+2	5.997000E-1	6.599200E+0	9.087465E+1	9.047045E+1	3.316000E+0	3.000000E-1	9.910000E+37	6.599200E+0	1.501697E+40	2.988540E+40	3.316000E+0	9.910000E+37	1.010000E-1	4.000000E+1	1.000000E+2	1.000000E+1	1.000000E+2	1.000000E+1	1.000000E+0	8.600000E+1
4.435250E+1	6.000000E+2	5.994000E-1	6.589600E+0	9.096152E+1	9.052702E+1	3.307300E+0	2.994000E-1	9.910000E+37	6.589600E+0	1.503885E+40	2.996402E+40	3.307300E+0	9.910000E+37	1.010000E-1	4.000000E+1	1.000000E+2	1.000000E+1	1.000000E+2	1.000000E+1	1.000000E+0	8.700000E+1
4.567900E+1	6.000000E+2	6.006000E-1	6.602800E+0	9.096141E+1	7.628438E+1	3.854000E-1	2.940000E-2	9.910000E+37	6.602800E+0	1.500878E+40	2.571354E+41	3.854000E-1	9.910000E+37	1.000000E-1	4.000000E+1	1.000000E+2	1.000000E+1	1.000000E+2	1.000000E+1	1.000000E+0	8.800000E+1
4.700544E+1	6.000000E+2	5.993000E-1	6.595700E+0	9.086223E+1	7.626693E+1	3.986000E-1	3.040000E-2	9.910000E+37	6.595700E+0	1.502494E+40	2.486202E+41	3.986000E-1	9.910000E+37	1.000000E-1	4.000000E+1	1.000000E+2	1.000000E+1	1.000000E+2	1.000000E+1	1.000000E+0	8.900000E+1
4.833191E+1	6.000000E+2	5.997000E-1	6.601800E+0	9.083886E+1	7.825862E+1	3.859000E-1	3.020000E-2	9.910000E+37	6.601800E+0	1.501106E+40	2.568023E+41	3.859000E-1	9.910000E+37	1.000000E-1	4.000000E+1	1.000000E+2	1.000000E+1	1.000000E+2	1.000000E+1	1.000000E+0	9.000000E+1
4.965839E+1	6.000000E+2	5.992000E-1	6.606800E+0	9.069444E+1	7.603223E+1	3.972000E-1	3.020000E-2	9.910000E+37	6.606800E+0	1.499970E+40	2.494965E+41	3.972000E-1	9.910000E+37	1.000000E-1	4.000000E+1	1.000000E+2	1.000000E+1	1.000000E+2	1.000000E+1	1.000000E+0	9.100000E+1
5.098480E+1	6.000000E+2	6.003000E-1	6.602400E+0	9.092148E+1	7.612199E+1	4.033000E-1	3.070000E-2	9.910000E+37	6.602400E+0	1.500969E+40	2.457228E+41	4.033000E-1	9.910000E+37	1.000000E-1	4.000000E+1	1.000000E+2	1.000000E+1	1.000000E+2	1.000000E+1	1.000000E+0	9.200000E+1
5.231126E+1	6.000000E+2	6.010000E-1	6.614300E+0	9.086373E+1	9.037346E+1	3.309600E+0	2.991000E-1	9.910000E+37	6.614300E+0	1.498269E+40	2.994320E+40	3.309600E+0	9.910000E+37	1.000000E-1	4.000000E+1	1.000000E+2	1.000000E+1	1.000000E+2	1.000000E+1	1.000000E+0	9.300000E+1
5.363773E+1	6.000000E+2	6.001000E-1	6.608800E+0	9.080317E+1	9.060040E+1	3.327800E+0	3.015000E-1	9.910000E+37	6.608800E+0	1.499516E+40	2.977943E+40	3.327800E+0	9.910000E+37	1.000000E-1	4.000000E+1	1.000000E+2	1.000000E+1	1.000000E+2	1.000000E+1	1.000000E+0	9.400000E+1
5.496763E+1	6.000000E+2	6.004000E-1	6.643200E+0	9.037813E+1	9.033380E+1	3.334300E+0	3.012000E-1	9.910000E+37	6.643200E+0	1.491751E+40	2.972138E+40	3.334300E+0	9.910000E+37	2.000000E-1	4.000000E+1	1.000000E+2	1.000000E+1	1.000000E+2	1.000000E+1	1.000000E+0	9.500000E+1
5.630069E+1	6.000000E+2	6.006000E-1	6.631200E+0	9.057184E+1	9.012657E+1	3.334200E+0	3.005000E-1	9.910000E+37	6.631200E+0	1.494450E+40	2.972227E+40	3.334200E+0	9.910000E+37	2.000000E-1	4.000000E+1	1.000000E+2	1.000000E+1	1.000000E+2	1.000000E+1	1.000000E+0	9.600000E+1
5.763376E+1	6.000000E+2	6.004000E-1	6.639000E+0	9.043531E+1	9.047361E+1	3.319200E+0	3.003000E-1	9.910000E+37	6.639000E+0	1.492695E+40	2.985659E+40	3.319200E+0	9.910000E+37	2.000000E-1	4.000000E+1	1.000000E+2	1.000000E+1	1.000000E+2	1.000000E+1	1.000000E+0	9.700000E+1
5.896687E+1	6.000000E+2	6.004000E-1	6.634200E+0	9.050074E+1	9.053287E+1	3.310400E+0	2.997000E-1	9.910000E+37	6.634200E+0	1.493775E+40	2.993596E+40	3.310400E+0	9.910000E+37	2.000000E-1	4.000000E+1	1.000000E+2	1.000000E+1	1.000000E+2	1.000000E+1	1.000000E+0	9.800000E+1
6.030010E+1	5.500000E+2	5.508000E-1	6.071600E+0	9.071744E+1	9.024046E+1	3.331100E+0	3.006000E-1	9.910000E+37	6.071600E+0	1.632189E+40	2.974993E+40	3.331100E+0	9.910000E+37	2.000000E-1	4.000000E+1	1.000000E+2	1.000000E+1	1.000000E+2	1.000000E+1	1.000000E+0	9.900000E+1
6.163321E+1	5.000000E+2	4.998000E-1	5.515400E+0	9.061899E+1	9.024934E+1	3.320800E+0	2.997000E-1	9.910000E+37	5.515400E+0	1.796787E+40	2.984221E+40	3.320800E+0	9.910000E+37	2.000000E-1	4.000000E+1	1.000000E+2	1.000000E+1	1.000000E+2	1.000000E+1	1.000000E+0	1.000000E+2
6.296658E+1	4.500000E+2	4.489000E-1	4.953000E+0	9.063194E+1	9.035909E+1	3.322300E+0	3.002000E-1	9.910000E+37	4.953000E+0	2.000808E+40	2.982873E+40	3.322300E+0	9.910000E+37	2.000000E-1	4.000000E+1	1.000000E+2	1.000000E+1	1.000000E+2	1.000000E+1	1.000000E+0	1.010000E+2
6.430001E+1	4.000000E+2	4.001000E-1	4.429000E+0	9.033642E+1	9.018186E+1	3.337700E+0	3.010000E-1	9.910000E+37	4.429000E+0	2.237525E+40	2.969110E+40	3.337700E+0	9.910000E+37	1.000000E+0	4.000000E+1	1.000000E+2	1.000000E+1	1.000000E+2	1.000000E+1	1.000000E+0	1.020000E+2
6.568757E+1	3.500000E+2	3.499000E-1	3.875100E+0	9.029444E+1	8.992589E+1	3.319400E+0	2.985000E-1	9.910000E+37	3.875100E+0	2.557353E+40	2.985479E+40	3.319400E+0	9.910000E+37	1.000000E+0	4.000000E+1	1.000000E+2	1.000000E+1	1.000000E+2	1.000000E+1	1.000000E+0	1.030000E+2
6.707517E+1	3.000000E+2	3.001000E-1	3.327100E+0	9.019867E+1	8.976860E+1	3.331900E+0	2.991000E-1	9.910000E+37	3.327100E+0	2.978570E+40	2.974279E+40	3.331900E+0	9.910000E+37	1.000000E+0	4.000000E+1	1.000000E+2	1.000000E+1	1.000000E+2	1.000000E+1	1.000000E+0	1.040000E+2
6.846225E+1	3.000000E+2	2.993000E-1	3.332000E+0	8.982593E+1	9.003041E+1	3.321100E+0	2.990000E-1	9.910000E+37	3.332000E+0	2.974190E+40	2.983951E+40	3.321100E+0	9.910000E+37	1.000000E+0	4.000000E+1	1.000000E+2	1.000000E+1	1.000000E+2	1.000000E+1	1.000000E+0	1.050000E+2
6.984936E+1	3.000000E+2	3.001000E-1	3.318100E+0	9.044333E+1	9.029305E+1	3.320300E+0	2.998000E-1	9.910000E+37	3.318100E+0	2.986649E+40	2.984670E+40	3.320300E+0	9.910000E+37	1.000000E+0	4.000000E+1	1.000000E+2	1.000000E+1	1.000000E+2	1.000000E+1	1.000000E+0	1.060000E+2
7.123649E+1	3.000000E+2	3.004000E-1	3.334500E+0	9.008847E+1	9.034982E+1	3.316000E+0	2.996000E-1	9.910000E+37	3.334500E+0	2.971960E+40	2.988540E+40	3.316000E+0	9.910000E+37	1.000000E+0	4.000000E+1	1.000000E+2	1.000000E+1	1.000000E+2	1.000000E+1	1.000000E+0	1.070000E+2
7.262357E+1	3.000000E+2	2.994000E-1	3.324200E+0	9.006678E+1	8.987482E+1	3.331300E+0	2.994000E-1	9.910000E+37	3.324200E+0	2.981168E+40	2.974815E+40	3.331300E+0	9.910000E+37	1.000000E+0	4.000000E+1	1.000000E+2	1.000000E+1	1.000000E+2	1.000000E+1	1.000000E+0	1.080000E+2
7.401067E+1	3.000000E+2	3.000000E-1	3.324900E+0	9.022828E+1	9.006603E+1	3.332000E+0	3.001000E-1	9.910000E+37	3.324900E+0	2.980541E+40	2.974190E+40	3.332000E+0	9.910000E+37	1.500000E+0	4.000000E+1	1.000000E+2	1.000000E+1	1.000000E+2	1.000000E+1	1.000000E+0	1.090000E+2
7.543108E+1	3.000000E+2	2.999000E-1	3.330700E+0	9.004113E+1	9.019372E+1	3.329500E+0	3.003000E-1	9.910000E+37	3.330700E+0	2.975351E+40	2.976423E+40	3.329500E+0	9.910000E+37	1.500000E+0	4.000000E+1	1.000000E+2	1.000000E+1	1.000000E+2	1.000000E+1	1.000000E+0	1.100000E+2
7.685151E+1	3.000000E+2	2.996000E-1	3.335400E+0	8.982431E+1	9.012786E+1	3.339700E+0	3.010000E-1	9.910000E+37	3.335400E+0	2.971158E+40	2.967332E+40	3.339700E+0	9.910000E+37	1.500000E+0	4.000000E+1	1.000000E+2	1.000000E+1	1.000000E+2	1.000000E+1	1.000000E+0	1.110000E+2
7.827198E+1	3.000000E+2	2.995000E-1	3.335600E+0	8.978894E+1	8.978625E+1	3.335700E+0	2.995000E-1	9.910000E+37	3.335600E+0	2.970980E+40	2.970891E+40	3.335700E+0	9.910000E+37	1.500000E+0	4.000000E+1	1.000000E+2	1.000000E+1	1.000000E+2	1.000000E+1	1.000000E+0	1.120000E+2
7.969236E+1	3.000000E+2	2.995000E-1	3.326600E+0	9.003186E+1	9.003206E+1	3.337700E+0	3.005000E-1	9.910000E+37	3.326600E+0	2.979018E+40	2.969110E+40	3.337700E+0	9.910000E+37	1.500000E+0	4.000000E+1	1.000000E+2	1.000000E+1	1.000000E+2	1.000000E+1	1.000000E+0	1.130000E+2
8.111272E+1	3.000000E+2	3.004000E-1	3.329100E+0	9.023460E+1	9.005038E+1	3.334800E+0	3.003000E-1	9.910000E+37	3.329100E+0	2.976781E+40	2.971692E+40	3.334800E+0	9.910000E+37	1.500000E+0	4.000000E+1	1.000000E+2	1.000000E+1	1.000000E+2	1.000000E+1	1.000000E+0	1.140000E+2
8.253310E+1	3.000000E+2	2.999000E-1	3.333500E+0	8.996550E+1	9.017057E+1	3.335900E+0	3.008000E-1	9.910000E+37	3.333500E+0	2.972851E+40	2.970713E+40	3.335900E+0	9.910000E+37	1.500000E+0	4.000000E+1	1.000000E+2	1.000000E+1	1.000000E+2	1.000000E+1	1.000000E+0	1.150000E+2
8.395349E+1	3.000000E+2	3.000000E-1	3.335900E+0	8.993075E+1	9.013146E+1	3.331800E+0	3.003000E-1	9.910000E+37	3.335900E+0	2.970713E+40	2.974368E+40	3.331800E+0	9.910000E+37	1.500000E+0	4.000000E+1	1.000000E+2	1.000000E+1	1.000000E+2	1.000000E+1	1.000000E+0	1.160000E+2
8.537385E+1	3.000000E+2	3.009000E-1	3.350500E+0	8.980749E+1	8.972282E+1	3.333600E+0	2.991000E-1	9.910000E+37	3.350500E+0	2.957767E+40	2.972762E+40	3.333600E+0	9.910000E+37	1.500000E+0	4.000000E+1	1.000000E+2	1.000000E+1	1.000000E+2	1.000000E+1	1.000000E+0	1.170000E+2
8.679420E+1	3.000000E+2	3.002000E-1	3.340000E+0	8.988024E+1	9.017742E+1	3.342300E+0	3.014000E-1	9.910000E+37	3.340000E+0	2.967066E+40	2.965024E+40	3.342300E+0	9.910000E+37	2.000000E+0	4.000000E+1	1.000000E+2	1.000000E+1	1.000000E+2	1.000000E+1	1.000000E+0	1.180000E+2
8.824786E+1	3.000000E+2	3.006000E-1	3.332100E+0	9.021338E+1	8.997112E+1	3.324400E+0	2.991000E-1	9.910000E+37	3.332100E+0	2.974100E+40	2.980989E+40	3.324400E+0	9.910000E+37	2.000000E+0	4.000000E+1	1.000000E+2	1.000000E+1	1.000000E+2	1.000000E+1	1.000000E+0	1.190000E+2
8.970160E+1	3.000000E+2	3.001000E-1	3.326700E+0	9.020952E+1	8.976790E+1	3.321900E+0	2.982000E-1	9.910000E+37	3.326700E+0	2.978928E+40	2.983232E+40	3.321900E+0	9.910000E+37	2.000000E+0	4.000000E+1	1.000000E+2	1.000000E+1	1.000000E+2	1.000000E+1	1.000000E+0	1.200000E+2
9.115538E+1	3.000000E+2	2.998000E-1	3.338200E+0	8.980888E+1	8.985239E+1	3.346600E+0	3.007000E-1	9.910000E+37	3.338200E+0	2.968666E+40	2.961214E+40	3.346600E+0	9.910000E+37	2.000000E+0	4.000000E+1	1.000000E+2	1.000000E+1	1.000000E+2	1.000000E+1	1.000000E+0	1.210000E+2
9.260925E+1	3.000000E+2	3.005000E-1	3.331000E+0	9.021315E+1	8.984047E+1	3.334800E+0	2.996000E-1	9.910000E+37	3.331000E+0	2.975083E+40	2.971692E+40	3.334800E+0	9.910000E+37	2.000000E+0	4.000000E+1	1.000000E+2	1.000000E+1	1.000000E+2	1.000000E+1	1.000000E+0	1.220000E+2
9.406306E+1	3.000000E+2	2.996000E-1	3.333400E+0	8.987820E+1	9.004682E+1	3.331600E+0	3.000000E-1	9.910000E+37	3.333400E+0	2.972941E+40	2.974547E+40	3.331600E+0	9.910000E+37	2.000000E+0	4.000000E+1	1.000000E+2	1.000000E+1	1.000000E+2	1.000000E+1	1.000000E+0	1.230000E+2
9.551691E+1	3.000000E+2	2.994000E-1	3.337100E+0	8.971862E+1	8.970549E+1	3.330900E+0	2.988000E-1	9.910000E+37	3.337100E+0	2.969644E+40	2.975172E+40	3.330900E+0	9.910000E+37	2.000000E+0	4.000000E+1	1.000000E+2	1.000000E+1	1.000000E+2	1.000000E+1	1.000000E+0	1.240000E+2
9.697075E+1	3.000000E+2	3.002000E-1	3.333800E+0	9.004739E+1	9.018735E+1	3.325300E+0	2.999000E-1	9.910000E+37	3.333800E+0	2.972584E+40	2.980182E+40	3.325300E+0	9.910000E+37	2.000000E+0	4.000000E+1	1.000000E+2	1.000000E+1	1.000000E+2	1.000000E+1	1.000000E+0	1.250000E+2
9.842501E+1	3.000000E+2	3.004000E-1	3.334500E+0	9.008847E+1	9.032918E+1	3.323400E+0	3.002000E-1	9.910000E+37	3.334500E+0	2.971960E+40	2.981886E+40	3.323400E+0	9.910000E+37	2.000000E+0	4.000000E+1	1.000000E+2	1.000000E+1	1.000000E+2	1.000000E+1	1.000000E+0	1.260000E+2
9.987881E+1	3.000000E+2	2.999000E-1	3.331200E+0	9.002762E+1	8.973820E+1	3.330800E+0	2.989000E-1	9.910000E+37	3.331200E+0	2.974904E+40	2.975261E+40	3.330800E+0	9.910000E+37	2.500000E+0	4.000000E+1	1.000000E+2	1.000000E+1	1.000000E+2	1.000000E+1	1.000000E+0	1.270000E+2
1.013660E+2	3.000000E+2	2.999000E-1	3.329400E+0	9.007629E+1	8.953176E+1	3.353000E+0	3.002000E-1	9.910000E+37	3.329400E+0	2.976512E+40	2.955562E+40	3.353000E+0	9.910000E+37	2.500000E+0	4.000000E+1	1.000000E+2	1.000000E+1	1.000000E+2	1.000000E+1	1.000000E+0	1.280000E+2
1.028533E+2	3.000000E+2	2.995000E-1	3.323500E+0	9.011584E+1	8.997068E+1	3.342200E+0	3.007000E-1	9.910000E+37	3.323500E+0	2.981796E+40	2.965113E+40	3.342200E+0	9.910000E+37	2.500000E+0	4.000000E+1	1.000000E+2	1.000000E+1	1.000000E+2	1.000000E+1	1.000000E+0	1.290000E+2
1.043403E+2	3.000000E+2	3.004000E-1	3.342900E+0	8.986210E+1	8.985299E+1	3.339900E+0	3.001000E-1	9.910000E+37	3.342900E+0	2.964492E+40	2.967155E+40	3.339900E+0	9.910000E+37	2.000000E+0	4.000000E+1	1.000000E+2	1.000000E+1	1.000000E+2	1.000000E+1	1.000000E+0	1.300000E+2
1.057939E+2	3.000000E+2	2.997000E-1	3.339100E+0	8.975472E+1	8.989100E+1	3.339600E+0	3.002000E-1	9.910000E+37	3.339100E+0	2.967866E+40	2.967421E+40	3.339600E+0	9.910000E+37	2.000000E+0	4.000000E+1	1.000000E+2	1.000000E+1	1.000000E+2	1.000000E+1	1.000000E+0	1.310000E+2
1.072477E+2	2.500000E+2	2.508000E-1	2.797200E+0	8.966109E+1	9.021269E+1	3.328800E+0	3.003000E-1	9.910000E+37	2.797200E+0	3.542829E+40	2.977049E+40	3.328800E+0	9.910000E+37	2.000000E+0	4.000000E+1	1.000000E+2	1.000000E+1	1.000000E+2	1.000000E+1	1.000000E+0	1.320000E+2
1.087014E+2	2.000000E+2	1.998000E-1	2.246100E+0	8.895419E+1	8.959106E+1	3.345200E+0	2.997000E-1	9.910000E+37	2.246100E+0	4.412092E+40	2.962454E+40	3.345200E+0	9.910000E+37	2.000000E+0	4.000000E+1	1.000000E+2	1.000000E+1	1.000000E+2	1.000000E+1	1.000000E+0	1.330000E+2
1.101218E+2	2.000000E+2	1.993000E-1	2.238300E+0	8.904079E+1	9.012914E+1	3.321900E+0	2.994000E-1	9.910000E+37	2.238300E+0	4.427467E+40	2.983232E+40	3.321900E+0	9.910000E+37	1.000000E+0	4.000000E+1	1.000000E+2	1.000000E+1	1.000000E+2	1.000000E+1	1.000000E+0	1.340000E+2
1.115088E+2	2.000000E+2	2.006000E-1	2.254100E+0	8.899339E+1	9.023415E+1	3.326900E+0	3.002000E-1	9.910000E+37	2.254100E+0	4.396433E+40	2.978749E+40	3.326900E+0	9.910000E+37	1.000000E+0	4.000000E+1	1.000000E+2	1.000000E+1	1.000000E+2	1.000000E+1	1.000000E+0	1.350000E+2
1.128959E+2	2.000000E+2	1.995000E-1	2.239300E+0	8.909034E+1	8.977847E+1	3.344900E+0	3.003000E-1	9.910000E+37	2.239300E+0	4.425490E+40	2.962719E+40	3.344900E+0	9.910000E+37	1.000000E+0	4.000000E+1	1.000000E+2	1.000000E+1	1.000000E+2	1.000000E+1	1.000000E+0	1.360000E+2
1.142831E+2	2.000000E+2	2.015000E-1	2.251600E+0	8.949192E+1	8.991801E+1	3.329700E+0	2.994000E-1	9.910000E+37	2.251600E+0	4.401315E+40	2.976244E+40	3.329700E+0	9.910000E+37	1.000000E+0	4.000000E+1	1.000000E+2	1.000000E+1	1.000000E+2	1.000000E+1	1.000000E+0	1.370000E+2
1.156703E+2	2.000000E+2	2.004000E-1	2.248300E+0	8.913401E+1	8.990853E+1	3.334500E+0	2.998000E-1	9.910000E+37	2.248300E+0	4.407775E+40	2.971960E+40	3.334500E+0	9.910000E+37	1.000000E+0	4.000000E+1	1.000000E+2	1.000000E+1	1.000000E+2	1.000000E+1	1.000000E+0	1.380000E+2
1.170574E+2	2.000000E+2	2.002000E-1	2.235800E+0	8.954289E+1	8.982772E+1	3.337500E+0	2.998000E-1	9.910000E+37	2.235800E+0	4.432418E+40	2.969288E+40	3.337500E+0	9.910000E+37	1.000000E+0	4.000000E+1	1.000000E+2	1.000000E+1	1.000000E+2	1.000000E+1	1.000000E+0	1.390000E+2
1.184445E+2	3.000000E+2	3.006000E-1	3.335700E+0	9.011602E+1	8.979274E+1	3.338800E+0	2.998000E-1	9.910000E+37	3.335700E+0	2.970891E+40	2.968132E+40	3.338800E+0	9.910000E+37	1.000000E+0	4.000000E+1	1.000000E+2	1.000000E+1	1.000000E+2	1.000000E+1	1.000000E+0	1.400000E+2
1.198316E+2	4.000000E+2	3.995000E-1	4.429100E+0	9.019891E+1	9.016935E+1	3.330400E+0	3.003000E-1	9.910000E+37	4.429100E+0	2.237475E+40	2.975619E+40	3.330400E+0	9.910000E+37	1.000000E+0	4.000000E+1	1.000000E+2	1.000000E+1	1.000000E+2	1.000000E+1	1.000000E+0	1.410000E+2
1.212188E+2	5.000000E+2	5.006000E-1	5.552300E+0	9.016083E+1	8.986541E+1	3.336100E+0	2.998000E-1	9.910000E+37	5.552300E+0	1.784846E+40	2.970534E+40	3.336100E+0	9.910000E+37	1.000000E+0	4.000000E+1	1.000000E+2	1.000000E+1	1.000000E+2	1.000000E+1	1.000000E+0	1.420000E+2
1.226059E+2	6.000000E+2	6.000000E-1	6.638400E+0	9.038322E+1	9.007978E+1	3.321500E+0	2.992000E-1	9.910000E+37	6.638400E+0	1.492830E+40	2.983592E+40	3.321500E+0	9.910000E+37	1.000000E+0	4.000000E+1	1.000000E+2	1.000000E+1	1.000000E+2	1.000000E+1	1.000000E+0	1.430000E+2
1.239930E+2	7.000000E+2	7.000000E-1	7.770400E+0	9.008545E+1	9.012565E+1	3.318700E+0	2.991000E-1	9.910000E+37	7.770400E+0	1.275353E+40	2.986109E+40	3.318700E+0	9.910000E+37	1.000000E+0	4.000000E+1	1.000000E+2	1.000000E+1	1.000000E+2	1.000000E+1	1.000000E+0	1.440000E+2
1.253801E+2	8.000000E+2	7.993000E-1	8.889900E+0	8.991102E+1	9.016615E+1	3.328300E+0	3.001000E-1	9.910000E+37	8.889900E+0	1.114748E+40	2.977496E+40	3.328300E+0	9.910000E+37	1.000000E+0	4.000000E+1	1.000000E+2	1.000000E+1	1.000000E+2	1.000000E+1	1.000000E+0	1.450000E+2
1.267672E+2	9.000000E+2	9.013000E-1	1.004700E+1	8.970837E+1	9.039343E+1	3.314400E+0	2.996000E-1	9.910000E+37	1.004700E+1	9.863641E+39	2.989983E+40	3.314400E+0	9.910000E+37	1.000000E+0	4.000000E+1	1.000000E+2	1.200000E+1	1.000000E+2	1.000000E+1	1.000000E+0	1.460000E+2
1.281543E+2	1.000000E+3	9.997000E-1	1.095760E+1	9.123348E+1	9.103574E+1	3.302000E+0	3.006000E-1	9.910000E+37	1.095760E+1	9.043951E+39	3.001211E+40	3.302000E+0	9.910000E+37	1.000000E+0	4.000000E+1	1.000000E+2	1.200000E+1	1.000000E+2	1.000000E+1	1.000000E+0	1.470000E+2
1.295415E+2	1.100000E+3	1.099800E+0	1.185090E+1	9.280308E+1	9.083482E+1	3.304900E+0	3.002000E-1	9.910000E+37	1.185090E+1	8.362234E+39	2.998578E+40	3.304900E+0	9.910000E+37	1.000000E+0	4.000000E+1	1.000000E+2	1.200000E+1	1.000000E+2	1.000000E+1	1.000000E+0	1.480000E+2
1.309285E+2	1.200000E+3	1.199600E+0	1.274930E+1	9.409144E+1	9.081297E+1	3.310100E+0	3.006000E-1	9.910000E+37	1.274930E+1	7.772976E+39	2.993867E+40	3.310100E+0	9.910000E+37	1.000000E+0	4.000000E+1	1.000000E+2	1.200000E+1	1.000000E+2	1.000000E+1	1.000000E+0	1.490000E+2
1.323157E+2	1.200000E+3	1.199700E+0	1.275390E+1	9.406534E+1	9.099156E+1	3.306900E+0	3.009000E-1	9.910000E+37	1.275390E+1	7.770172E+39	2.996764E+40	3.306900E+0	9.910000E+37	1.000000E+0	4.000000E+1	1.000000E+2	1.400000E+1	1.000000E+2	1.000000E+1	1.000000E+0	1.500000E+2
1.337028E+2	1.200000E+3	1.199600E+0	1.281780E+1	9.358860E+1	9.101949E+1	3.293800E+0	2.998000E-1	9.910000E+37	1.281780E+1	7.731436E+39	3.008683E+40	3.293800E+0	9.910000E+37	1.000000E+0	4.000000E+1	1.000000E+2	1.400000E+1	1.000000E+2	1.000000E+1	1.000000E+0	1.510000E+2
1.350899E+2	1.200000E+3	1.199500E+0	1.281930E+1	9.356985E+1	9.124609E+1	3.291100E+0	3.003000E-1	9.910000E+37	1.281930E+1	7.730531E+39	3.011151E+40	3.291100E+0	9.910000E+37	1.000000E+0	4.000000E+1	1.000000E+2	1.400000E+1	1.000000E+2	1.000000E+1	1.000000E+0	1.520000E+2
1.364769E+2	1.200000E+3	1.201100E+0	1.284530E+1	9.350502E+1	9.059233E+1	3.300500E+0	2.990000E-1	9.910000E+37	1.284530E+1	7.714884E+39	3.002575E+40	3.300500E+0	9.910000E+37	1.000000E+0	4.000000E+1	1.000000E+2	1.400000E+1	1.000000E+2	1.000000E+1	1.000000E+0	1.530000E+2
1.378637E+2	1.200000E+3	1.200300E+0	1.285400E+1	9.337949E+1	9.091733E+1	3.308500E+0	3.008000E-1	9.910000E+37	1.285400E+1	7.709662E+39	2.995315E+40	3.308500E+0	9.910000E+37	1.000000E+0	4.000000E+1	1.000000E+2	1.400000E+1	1.000000E+2	1.000000E+1	1.000000E+0	1.540000E+2
1.392509E+2	1.200000E+3	1.200600E+0	1.286530E+1	9.332079E+1	9.078276E+1	3.310100E+0	3.005000E-1	9.910000E+37	1.286530E+1	7.702891E+39	2.993867E+40	3.310100E+0	9.910000E+37	1.000000E+0	4.000000E+1	1.000000E+2	1.400000E+1	1.000000E+2	1.000000E+1	1.000000E+0	1.550000E+2
1.406413E+2	1.200000E+3	1.199700E+0	1.288150E+1	9.313356E+1	9.062679E+1	3.316900E+0	3.006000E-1	9.910000E+37	1.288150E+1	7.693203E+39	2.987730E+40	3.316900E+0	9.910000E+37	1.100000E+0	4.000000E+1	1.000000E+2	1.000000E+1	1.000000E+2	1.000000E+1	1.000000E+0	1.560000E+2
1.420352E+2	1.200000E+3	1.200000E+0	1.288690E+1	9.311782E+1	9.057960E+1	3.310900E+0	2.999000E-1	9.910000E+37	1.288690E+1	7.689980E+39	2.993144E+40	3.310900E+0	9.910000E+37	1.100000E+0	4.000000E+1	1.000000E+2	1.000000E+1	1.000000E+2	1.000000E+1	1.000000E+0	1.570000E+2
1.428424E+2	1.200000E+3	1.200700E+0	1.286460E+1	9.333364E+1	9.111044E+1	3.296000E+0	3.003000E-1	9.910000E+37	1.286460E+1	7.703310E+39	3.006675E+40	3.296000E+0	9.910000E+37	1.000000E+0	5.000000E+0	1.000000E+2	1.000000E+1	1.000000E+2	1.000000E+1	1.000000E+0	1.580000E+2
1.430627E+2	1.200000E+3	1.200400E+0	1.284030E+1	9.348691E+1	9.082906E+1	3.294100E+0	2.992000E-1	9.910000E+37	1.284030E+1	7.717888E+39	3.008409E+40	3.294100E+0	9.910000E+37	1.000000E+0	5.000000E+0	1.000000E+2	1.000000E+1	1.000000E+2	1.000000E+1	1.000000E+0	1.590000E+2
1.432832E+2	1.200000E+3	1.200000E+0	1.278080E+1	9.389084E+1	9.084307E+1	3.304600E+0	3.002000E-1	9.910000E+37	1.278080E+1	7.753818E+39	2.998850E+40	3.304600E+0	9.910000E+37	1.000000E+0	5.000000E+0	1.000000E+2	1.000000E+1	1.000000E+2	1.000000E+1	1.000000E+0	1.600000E+2
1.435037E+2	1.200000E+3	1.199000E+0	1.275860E+1	9.397583E+1	9.071922E+1	3.303600E+0	2.997000E-1	9.910000E+37	1.275860E+1	7.767310E+39	2.999758E+40	3.303600E+0	9.910000E+37	1.000000E+0	5.000000E+0	1.000000E+2	1.000000E+1	1.000000E+2	1.000000E+1	1.000000E+0	1.610000E+2
1.437241E+2	1.200000E+3	1.200500E+0	1.280190E+1	9.377514E+1	9.070055E+1	3.313100E+0	3.005000E-1	9.910000E+37	1.280190E+1	7.741038E+39	2.991156E+40	3.313100E+0	9.910000E+37	1.000000E+0	5.000000E+0	1.000000E+2	1.000000E+1	1.000000E+2	1.000000E+1	1.000000E+0	1.620000E+2
1.439447E+2	1.200000E+3	1.199000E+0	1.288070E+1	9.308500E+1	9.059360E+1	3.313700E+0	3.002000E-1	9.910000E+37	1.288070E+1	7.693681E+39	2.990615E+40	3.313700E+0	9.910000E+37	1.000000E+0	5.000000E+0	1.000000E+2	1.000000E+1	1.000000E+2	1.000000E+1	1.000000E+0	1.630000E+2
1.441652E+2	1.200000E+3	1.200800E+0	1.304850E+1	9.202590E+1	8.994487E+1	3.337600E+0	3.002000E-1	9.910000E+37	1.304850E+1	7.594743E+39	2.969199E+40	3.337600E+0	9.910000E+37	1.000000E+0	5.000000E+0	1.000000E+2	1.000000E+1	1.000000E+2	1.000000E+1	1.000000E+0	1.640000E+2
1.443856E+2	1.200000E+3	1.199300E+0	1.313980E+1	9.127232E+1	8.938114E+1	3.349700E+0	2.994000E-1	9.910000E+37	1.313980E+1	7.541972E+39	2.958474E+40	3.349700E+0	9.910000E+37	1.000000E+0	5.000000E+0	1.000000E+2	1.000000E+1	1.000000E+2	1.000000E+1	1.000000E+0	1.650000E+2
1.446061E+2	1.200000E+3	1.199800E+0	1.327200E+1	9.040084E+1	8.908165E+1	3.377800E+0	3.009000E-1	9.910000E+37	1.327200E+1	7.466847E+39	2.933862E+40	3.377800E+0	9.910000E+37	1.000000E+0	5.000000E+0	1.000000E+2	1.000000E+1	1.000000E+2	1.000000E+1	1.000000E+0	1.660000E+2
1.448265E+2	1.200000E+3	1.200400E+0	1.343280E+1	8.936335E+1	8.835863E+1	3.386200E+0	2.992000E-1	9.910000E+37	1.343280E+1	7.377464E+39	2.926584E+40	3.386200E+0	9.910000E+37	1.000000E+0	1.000000E+1	1.000000E+2	1.000000E+1	1.000000E+2	1.000000E+1	1.000000E+0	1.670000E+2
1.464787E+2	1.200000E+3	1.200500E+0	1.341180E+1	8.951073E+1	8.864618E+1	3.378600E+0	2.995000E-1	9.910000E+37	1.341180E+1	7.389016E+39	2.933168E+40	3.378600E+0	9.910000E+37	1.000000E+0	1.000000E+1	1.000000E+2	1.000000E+1	1.000000E+2	1.000000E+1	1.000000E+0	1.680000E+2
1.470325E+2	1.200000E+3	1.200500E+0	1.341920E+1	8.946137E+1	8.890469E+1	3.374400E+0	3.000000E-1	9.910000E+37	1.341920E+1	7.384941E+39	2.936818E+40	3.374400E+0	9.910000E+37	1.000000E+0	2.000000E+1	1.000000E+2	1.000000E+1	1.000000E+2	1.000000E+1	1.000000E+0	1.690000E+2
1.477530E+2	1.200000E+3	1.200400E+0	1.341950E+1	8.945192E+1	8.855241E+1	3.394600E+0	3.006000E-1	9.910000E+37	1.341950E+1	7.384776E+39	2.919342E+40	3.394600E+0	9.910000E+37	1.000000E+0	2.000000E+1	1.000000E+2	1.000000E+1	1.000000E+2	1.000000E+1	1.000000E+0	1.700000E+2
1.484735E+2	1.200000E+3	1.199800E+0	1.329530E+1	9.024242E+1	8.840251E+1	3.394700E+0	3.001000E-1	9.910000E+37	1.329530E+1	7.453762E+39	2.919256E+40	3.394700E+0	9.910000E+37	1.000000E+0	2.000000E+1	1.000000E+2	1.000000E+1	1.000000E+2	1.000000E+1	1.000000E+0	1.710000E+2
