Tiempo (min)	I pulso(mA)	Vinst 1 (V)	Iinst 1 (mA)	Rinst 1(Ohm)	Rrem 1 (Ohm)	Ibias 1 (mA)	Vbias 1 (V)	Vinst 2 (V)	Iinst 2 (mA)	Rinst 2(Ohm)	Rrem 2 (Ohm)	Ibias 2 (mA)	Vbias 2 (V)	Ancho pulso (s)	Periodo (s)	Icc 1 (mA)	Vcc 1 (V)	Icc 2 (mA)	Vcc 2 (V)	2W 1?	N6.673048E-1	1.000000E+2	9.900000E-2	8.894000E-1	1.113110E+2	1.122001E+2	8.877000E-1	9.960000E-2	9.910000E+37	8.894000E-1	1.114234E+41	1.116368E+41	8.877000E-1	9.910000E+37	1.000000E+0	2.000000E+1	1.000000E+2	1.000000E+1	1.000000E+2	1.000000E+1	1.000000E+0	1.000000E+0
1.387813E+0	1.000000E+2	1.003000E-1	8.922000E-1	1.124187E+2	1.114955E+2	8.960000E-1	9.990000E-2	9.910000E+37	8.922000E-1	1.110738E+41	1.106027E+41	8.960000E-1	9.910000E+37	1.000000E+0	2.000000E+1	1.000000E+2	1.000000E+1	1.000000E+2	1.000000E+1	1.000000E+0	2.000000E+0
2.108171E+0	1.000000E+2	9.960000E-2	8.893000E-1	1.119982E+2	1.106715E+2	9.099000E-1	1.007000E-1	9.910000E+37	8.893000E-1	1.114360E+41	1.089131E+41	9.099000E-1	9.910000E+37	1.000000E+0	2.000000E+1	1.000000E+2	1.000000E+1	1.000000E+2	1.000000E+1	1.000000E+0	3.000000E+0
2.829829E+0	1.000000E+2	1.000000E-1	9.012000E-1	1.109632E+2	1.102771E+2	9.059000E-1	9.990000E-2	9.910000E+37	9.012000E-1	1.099645E+41	1.093940E+41	9.059000E-1	9.910000E+37	1.000000E+0	2.000000E+1	1.000000E+2	1.000000E+1	1.000000E+2	1.000000E+1	1.000000E+0	4.000000E+0
3.550236E+0	1.000000E+2	1.006000E-1	9.099000E-1	1.105616E+2	1.119713E+2	8.913000E-1	9.980000E-2	9.910000E+37	9.099000E-1	1.089131E+41	1.111859E+41	8.913000E-1	9.910000E+37	1.000000E+0	2.000000E+1	1.000000E+2	1.000000E+1	1.000000E+2	1.000000E+1	1.000000E+0	5.000000E+0
4.270661E+0	6.000000E+2	6.000000E-1	6.046000E+0	9.923917E+1	1.090431E+2	9.134000E-1	9.960000E-2	9.910000E+37	6.046000E+0	1.639100E+40	1.084957E+41	9.134000E-1	9.910000E+37	1.000000E+0	2.000000E+1	1.000000E+2	1.000000E+1	1.000000E+2	1.000000E+1	1.000000E+0	6.000000E+0
4.991119E+0	1.100000E+3	1.100100E+0	1.160290E+1	9.481250E+1	1.093272E+2	9.156000E-1	1.001000E-1	9.910000E+37	1.160290E+1	8.540968E+39	1.082350E+41	9.156000E-1	9.910000E+37	1.000000E+0	2.000000E+1	1.000000E+2	1.000000E+1	1.000000E+2	1.000000E+1	1.000000E+0	7.000000E+0
5.711477E+0	1.200000E+3	1.198600E+0	1.277060E+1	9.385620E+1	1.098426E+2	9.022000E-1	9.910000E-2	9.910000E+37	1.277060E+1	7.760011E+39	1.098426E+41	9.022000E-1	9.910000E+37	1.000000E+0	2.000000E+1	1.000000E+2	1.000000E+1	1.000000E+2	1.000000E+1	1.000000E+0	8.000000E+0
6.431835E+0	1.200000E+3	1.199700E+0	1.278390E+1	9.384460E+1	1.090949E+2	9.148000E-1	9.980000E-2	9.910000E+37	1.278390E+1	7.751938E+39	1.083297E+41	9.148000E-1	9.910000E+37	1.000000E+0	2.000000E+1	1.000000E+2	1.000000E+1	1.000000E+2	1.000000E+1	1.000000E+0	9.000000E+0
7.153059E+0	1.200000E+3	1.200000E+0	1.268270E+1	9.461708E+1	1.095518E+2	9.192000E-1	1.007000E-1	9.910000E+37	1.268270E+1	7.813794E+39	1.078111E+41	9.192000E-1	9.910000E+37	1.000000E+0	2.000000E+1	1.000000E+2	1.000000E+1	1.000000E+2	1.000000E+1	1.000000E+0	1.000000E+1
7.873450E+0	1.200000E+3	1.201000E+0	1.269660E+1	9.459225E+1	1.081348E+2	9.109000E-1	9.850000E-2	9.910000E+37	1.269660E+1	7.805239E+39	1.087935E+41	9.109000E-1	9.910000E+37	1.000000E+0	2.000000E+1	1.000000E+2	1.000000E+1	1.000000E+2	1.000000E+1	1.000000E+0	1.100000E+1
8.594658E+0	1.300000E+3	1.300700E+0	1.409470E+1	9.228291E+1	1.077637E+2	9.261000E-1	9.980000E-2	9.910000E+37	1.409470E+1	7.031012E+39	1.070079E+41	9.261000E-1	9.910000E+37	1.000000E+0	2.000000E+1	1.000000E+2	1.000000E+1	1.000000E+2	1.000000E+1	1.000000E+0	1.200000E+1
9.315083E+0	1.300000E+3	1.299400E+0	1.395840E+1	9.309090E+1	1.078888E+2	9.241000E-1	9.970000E-2	9.910000E+37	1.395840E+1	7.099668E+39	1.072395E+41	9.241000E-1	9.910000E+37	1.000000E+0	2.000000E+1	1.000000E+2	1.000000E+1	1.000000E+2	1.000000E+1	1.000000E+0	1.300000E+1
1.003544E+1	1.300000E+3	1.299900E+0	1.391320E+1	9.342926E+1	1.093597E+2	9.199000E-1	1.006000E-1	9.910000E+37	1.391320E+1	7.122732E+39	1.077291E+41	9.199000E-1	9.910000E+37	1.000000E+0	2.000000E+1	1.000000E+2	1.000000E+1	1.000000E+2	1.000000E+1	1.000000E+0	1.400000E+1
1.075578E+1	1.300000E+3	1.300300E+0	1.391540E+1	9.344324E+1	1.074210E+2	9.244000E-1	9.930000E-2	9.910000E+37	1.391540E+1	7.121606E+39	1.072047E+41	9.244000E-1	9.910000E+37	1.000000E+0	2.000000E+1	1.000000E+2	1.000000E+1	1.000000E+2	1.000000E+1	1.000000E+0	1.500000E+1
1.147622E+1	1.300000E+3	1.299700E+0	1.389660E+1	9.352647E+1	1.092593E+2	9.180000E-1	1.003000E-1	9.910000E+37	1.389660E+1	7.131241E+39	1.079521E+41	9.180000E-1	9.910000E+37	1.000000E+0	2.000000E+1	1.000000E+2	1.000000E+1	1.000000E+2	1.000000E+1	1.000000E+0	1.600000E+1
1.219671E+1	1.300000E+3	1.300100E+0	1.369920E+1	9.490335E+1	1.098522E+2	9.267000E-1	1.018000E-1	9.910000E+37	1.369920E+1	7.233999E+39	1.069386E+41	9.267000E-1	9.910000E+37	1.000000E+0	2.000000E+1	1.000000E+2	1.000000E+1	1.000000E+2	1.000000E+1	1.000000E+0	1.700000E+1
1.291709E+1	1.300000E+3	1.299600E+0	1.366070E+1	9.513422E+1	1.087147E+2	9.134000E-1	9.930000E-2	9.910000E+37	1.366070E+1	7.254387E+39	1.084957E+41	9.134000E-1	9.910000E+37	1.000000E+0	2.000000E+1	1.000000E+2	1.000000E+1	1.000000E+2	1.000000E+1	1.000000E+0	1.800000E+1
1.363755E+1	1.300000E+3	1.299800E+0	1.364060E+1	9.528906E+1	1.098443E+2	9.122000E-1	1.002000E-1	9.910000E+37	1.364060E+1	7.265076E+39	1.086385E+41	9.122000E-1	9.910000E+37	1.000000E+0	2.000000E+1	1.000000E+2	1.000000E+1	1.000000E+2	1.000000E+1	1.000000E+0	1.900000E+1
1.435802E+1	1.300000E+3	1.299500E+0	1.369030E+1	9.492122E+1	1.092766E+2	9.206000E-1	1.006000E-1	9.910000E+37	1.369030E+1	7.238702E+39	1.076472E+41	9.206000E-1	9.910000E+37	1.000000E+0	2.000000E+1	1.000000E+2	1.000000E+1	1.000000E+2	1.000000E+1	1.000000E+0	2.000000E+1
1.507845E+1	1.300000E+3	1.300500E+0	1.369990E+1	9.492770E+1	1.085894E+2	9.209000E-1	1.000000E-1	9.910000E+37	1.369990E+1	7.233629E+39	1.076121E+41	9.209000E-1	9.910000E+37	1.000000E+0	2.000000E+1	1.000000E+2	1.000000E+1	1.000000E+2	1.000000E+1	1.000000E+0	2.100000E+1
1.579887E+1	1.300000E+3	1.300300E+0	1.382810E+1	9.403316E+1	1.063694E+2	9.420000E-1	1.002000E-1	9.910000E+37	1.382810E+1	7.166567E+39	1.052017E+41	9.420000E-1	9.910000E+37	1.000000E+0	2.000000E+1	1.000000E+2	1.000000E+1	1.000000E+2	1.000000E+1	1.000000E+0	2.200000E+1
1.651936E+1	1.300000E+3	1.300000E+0	1.380270E+1	9.418447E+1	1.075532E+2	9.400000E-1	1.011000E-1	9.910000E+37	1.380270E+1	7.179755E+39	1.054255E+41	9.400000E-1	9.910000E+37	1.000000E+0	2.000000E+1	1.000000E+2	1.000000E+1	1.000000E+2	1.000000E+1	1.000000E+0	2.300000E+1
1.723977E+1	1.300000E+3	1.300900E+0	1.383520E+1	9.402828E+1	1.069148E+2	9.241000E-1	9.880000E-2	9.910000E+37	1.383520E+1	7.162889E+39	1.072395E+41	9.241000E-1	9.910000E+37	1.000000E+0	2.000000E+1	1.000000E+2	1.000000E+1	1.000000E+2	1.000000E+1	1.000000E+0	2.400000E+1
1.796023E+1	1.301000E+3	1.302100E+0	1.387400E+1	9.385181E+1	1.068719E+2	9.357000E-1	1.000000E-1	9.910000E+37	1.387400E+1	7.142857E+39	1.059100E+41	9.357000E-1	9.910000E+37	1.000000E+0	2.000000E+1	1.000000E+2	1.000000E+1	1.000000E+2	1.000000E+1	1.000000E+0	2.500000E+1
1.868064E+1	1.301000E+3	1.300500E+0	1.383880E+1	9.397491E+1	1.058463E+2	9.476000E-1	1.003000E-1	9.910000E+37	1.383880E+1	7.161026E+39	1.045800E+41	9.476000E-1	9.910000E+37	1.000000E+0	2.000000E+1	1.000000E+2	1.000000E+1	1.000000E+2	1.000000E+1	1.000000E+0	2.600000E+1
1.940118E+1	1.300000E+3	1.299800E+0	1.388690E+1	9.359900E+1	1.067920E+2	9.364000E-1	1.000000E-1	9.910000E+37	1.388690E+1	7.136222E+39	1.058308E+41	9.364000E-1	9.910000E+37	1.010000E+0	2.000000E+1	1.000000E+2	1.000000E+1	1.000000E+2	1.000000E+1	1.000000E+0	2.700000E+1
2.012197E+1	1.300000E+3	1.301000E+0	1.394210E+1	9.331449E+1	1.055703E+2	9.425000E-1	9.950000E-2	9.910000E+37	1.394210E+1	7.107968E+39	1.051459E+41	9.425000E-1	9.910000E+37	1.010000E+0	2.000000E+1	1.000000E+2	1.000000E+1	1.000000E+2	1.000000E+1	1.000000E+0	2.800000E+1
2.084313E+1	1.300000E+3	1.300400E+0	1.391570E+1	9.344841E+1	1.062440E+2	9.337000E-1	9.920000E-2	9.910000E+37	1.391570E+1	7.121453E+39	1.061369E+41	9.337000E-1	9.910000E+37	1.000000E+0	1.000000E+1	1.000000E+2	1.000000E+1	1.000000E+2	1.000000E+1	1.000000E+0	2.900000E+1
2.123063E+1	1.300000E+3	1.300200E+0	1.394790E+1	9.321833E+1	1.058140E+2	9.460000E-1	1.001000E-1	9.910000E+37	1.394790E+1	7.105012E+39	1.047569E+41	9.460000E-1	9.910000E+37	1.000000E+0	1.000000E+1	1.000000E+2	1.000000E+1	1.000000E+2	1.000000E+1	1.000000E+0	3.000000E+1
2.161774E+1	1.300000E+3	1.299600E+0	1.392390E+1	9.333592E+1	1.057549E+2	9.418000E-1	9.960000E-2	9.910000E+37	1.392390E+1	7.117259E+39	1.052240E+41	9.418000E-1	9.910000E+37	1.000000E+0	1.000000E+1	1.000000E+2	1.000000E+1	1.000000E+2	1.000000E+1	1.000000E+0	3.100000E+1
2.200489E+1	1.300000E+3	1.300100E+0	1.397140E+1	9.305438E+1	1.053128E+2	9.543000E-1	1.005000E-1	9.910000E+37	1.397140E+1	7.093062E+39	1.038458E+41	9.543000E-1	9.910000E+37	1.000000E+0	1.000000E+1	1.000000E+2	1.000000E+1	1.000000E+2	1.000000E+1	1.000000E+0	3.200000E+1
2.239200E+1	1.300000E+3	1.299900E+0	1.392040E+1	9.338094E+1	1.059421E+2	9.458000E-1	1.002000E-1	9.910000E+37	1.392040E+1	7.119048E+39	1.047790E+41	9.458000E-1	9.910000E+37	1.000000E+0	1.000000E+1	1.000000E+2	1.000000E+1	1.000000E+2	1.000000E+1	1.000000E+0	3.300000E+1
2.277912E+1	1.300000E+3	1.300600E+0	1.393090E+1	9.336080E+1	1.050248E+2	9.493000E-1	9.970000E-2	9.910000E+37	1.393090E+1	7.113683E+39	1.043927E+41	9.493000E-1	9.910000E+37	1.000000E+0	1.000000E+1	1.000000E+2	1.000000E+1	1.000000E+2	1.000000E+1	1.000000E+0	3.400000E+1
2.316626E+1	1.300000E+3	1.300700E+0	1.394090E+1	9.330101E+1	1.052409E+2	9.464000E-1	9.960000E-2	9.910000E+37	1.394090E+1	7.108580E+39	1.047126E+41	9.464000E-1	9.910000E+37	1.000000E+0	1.000000E+1	1.000000E+2	1.000000E+1	1.000000E+2	1.000000E+1	1.000000E+0	3.500000E+1
2.355345E+1	1.300000E+3	1.298600E+0	1.394300E+1	9.313634E+1	1.044127E+2	9.654000E-1	1.008000E-1	9.910000E+37	1.394300E+1	7.107509E+39	1.026518E+41	9.654000E-1	9.910000E+37	1.000000E+0	1.000000E+1	1.000000E+2	1.000000E+1	1.000000E+2	1.000000E+1	1.000000E+0	3.600000E+1
2.394057E+1	1.300000E+3	1.300100E+0	1.395320E+1	9.317576E+1	1.044156E+2	9.625000E-1	1.005000E-1	9.910000E+37	1.395320E+1	7.102313E+39	1.029610E+41	9.625000E-1	9.910000E+37	1.000000E+0	5.000000E+0	1.000000E+2	1.000000E+1	1.000000E+2	1.000000E+1	1.000000E+0	3.700000E+1
2.416093E+1	1.300000E+3	1.298800E+0	1.395320E+1	9.308259E+1	1.035425E+2	9.513000E-1	9.850000E-2	9.910000E+37	1.395320E+1	7.102313E+39	1.041732E+41	9.513000E-1	9.910000E+37	1.000000E+0	5.000000E+0	1.000000E+2	1.000000E+1	1.000000E+2	1.000000E+1	1.000000E+0	3.800000E+1
2.438146E+1	1.300000E+3	1.299000E+0	1.400720E+1	9.273802E+1	1.053634E+2	9.453000E-1	9.960000E-2	9.910000E+37	1.400720E+1	7.074933E+39	1.048344E+41	9.453000E-1	9.910000E+37	1.000000E-4	5.000000E+0	1.000000E+2	1.000000E+1	1.000000E+2	1.000000E+1	1.000000E+0	3.900000E+1
2.453570E+1	1.300000E+3	1.299100E+0	1.313010E+1	9.894060E+1	1.054296E+2	9.485000E-1	1.000000E-1	9.910000E+37	1.313010E+1	7.547543E+39	1.044808E+41	9.485000E-1	9.910000E+37	1.000000E-4	5.000000E+0	1.000000E+2	1.000000E+1	1.000000E+2	1.000000E+1	1.000000E+0	4.000000E+1
2.469011E+1	1.300000E+3	1.299400E+0	1.313680E+1	9.891298E+1	1.053295E+2	9.513000E-1	1.002000E-1	9.910000E+37	1.313680E+1	7.543694E+39	1.041732E+41	9.513000E-1	9.910000E+37	1.000000E-4	5.000000E+0	1.000000E+2	1.000000E+1	1.000000E+2	1.000000E+1	1.000000E+0	4.100000E+1
2.484444E+1	1.300000E+3	1.300400E+0	1.315300E+1	9.886718E+1	1.034700E+2	9.539000E-1	9.870000E-2	9.910000E+37	1.315300E+1	7.534403E+39	1.038893E+41	9.539000E-1	9.910000E+37	1.000000E-4	5.000000E+0	1.000000E+2	1.000000E+1	1.000000E+2	1.000000E+1	1.000000E+0	4.200000E+1
2.499881E+1	1.300000E+3	1.300200E+0	1.314670E+1	9.889934E+1	1.038610E+2	9.609000E-1	9.980000E-2	9.910000E+37	1.314670E+1	7.538013E+39	1.031325E+41	9.609000E-1	9.910000E+37	1.000000E-4	5.000000E+0	1.000000E+2	1.000000E+1	1.000000E+2	1.000000E+1	1.000000E+0	4.300000E+1
2.515319E+1	1.300000E+3	1.300600E+0	1.314890E+1	9.891322E+1	1.045058E+2	9.521000E-1	9.950000E-2	9.910000E+37	1.314890E+1	7.536752E+39	1.040857E+41	9.521000E-1	9.910000E+37	1.000000E-4	5.000000E+0	1.000000E+2	1.000000E+1	1.000000E+2	1.000000E+1	1.000000E+0	4.400000E+1
2.555775E+1	1.300000E+3	1.300600E+0	1.314280E+1	9.895913E+1	1.055764E+2	9.576000E-1	1.011000E-1	9.910000E+37	1.314280E+1	7.540250E+39	1.034879E+41	9.576000E-1	9.910000E+37	1.000000E-4	2.000000E+1	1.000000E+2	1.000000E+1	1.000000E+2	1.000000E+1	1.000000E+0	4.500000E+1
2.621220E+1	1.300000E+3	1.299100E+0	1.312720E+1	9.896246E+1	1.045545E+2	9.507000E-1	9.940000E-2	9.910000E+37	1.312720E+1	7.549211E+39	1.042390E+41	9.507000E-1	9.910000E+37	1.000000E-4	2.000000E+1	1.000000E+2	1.000000E+1	1.000000E+2	1.000000E+1	1.000000E+0	4.600000E+1
2.686657E+1	1.300000E+3	1.300600E+0	1.313010E+1	9.905484E+1	1.045041E+2	9.569000E-1	1.000000E-1	9.910000E+37	1.313010E+1	7.547543E+39	1.035636E+41	9.569000E-1	9.910000E+37	1.000000E-4	2.000000E+1	1.000000E+2	1.000000E+1	1.000000E+2	1.000000E+1	1.000000E+0	4.700000E+1
2.752096E+1	1.300000E+3	1.299300E+0	1.313100E+1	9.894905E+1	1.051693E+2	9.537000E-1	1.003000E-1	9.910000E+37	1.313100E+1	7.547026E+39	1.039111E+41	9.537000E-1	9.910000E+37	1.000000E-4	2.000000E+1	1.000000E+2	1.000000E+1	1.000000E+2	1.000000E+1	1.000000E+0	4.800000E+1
2.817524E+1	1.300000E+3	1.300300E+0	1.314090E+1	9.895060E+1	1.043533E+2	9.487000E-1	9.900000E-2	9.910000E+37	1.314090E+1	7.541340E+39	1.044587E+41	9.487000E-1	9.910000E+37	1.000000E-4	2.000000E+1	1.000000E+2	1.000000E+1	1.000000E+2	1.000000E+1	1.000000E+0	4.900000E+1
2.882957E+1	1.300000E+3	1.300300E+0	1.312990E+1	9.903350E+1	1.056715E+2	9.539000E-1	1.008000E-1	9.910000E+37	1.312990E+1	7.547658E+39	1.038893E+41	9.539000E-1	9.910000E+37	1.000000E-4	2.000000E+1	1.000000E+2	1.000000E+1	1.000000E+2	1.000000E+1	1.000000E+0	5.000000E+1
2.948399E+1	8.000000E+2	8.018000E-1	8.055300E+0	9.953695E+1	1.048658E+2	9.536000E-1	1.000000E-1	9.910000E+37	8.055300E+0	1.230246E+40	1.039220E+41	9.536000E-1	9.910000E+37	1.000000E-4	2.000000E+1	1.000000E+2	1.000000E+1	1.000000E+2	1.000000E+1	1.000000E+0	5.100000E+1
3.013834E+1	3.000000E+2	2.999000E-1	2.982200E+0	1.005633E+2	1.038370E+2	9.669000E-1	1.004000E-1	9.910000E+37	2.982200E+0	3.323050E+40	1.024925E+41	9.669000E-1	9.910000E+37	1.000000E-4	2.000000E+1	1.000000E+2	1.000000E+1	1.000000E+2	1.000000E+1	1.000000E+0	5.200000E+1
3.079261E+1	-2.000000E+2	-2.007000E-1	-2.072100E+0	9.685826E+1	1.044714E+2	9.572000E-1	1.000000E-1	9.910000E+37	-2.072100E+0	-4.782588E+40	1.035311E+41	9.572000E-1	9.910000E+37	1.000000E-4	2.000000E+1	1.000000E+2	1.000000E+1	1.000000E+2	1.000000E+1	1.000000E+0	5.300000E+1
3.144688E+1	-7.000000E+2	-7.001000E-1	-7.134600E+0	9.812744E+1	1.044901E+2	9.532000E-1	9.960000E-2	9.910000E+37	-7.134600E+0	-1.389006E+40	1.039656E+41	9.532000E-1	9.910000E+37	1.000000E-4	2.000000E+1	1.000000E+2	1.000000E+1	1.000000E+2	1.000000E+1	1.000000E+0	5.400000E+1
3.210129E+1	-1.200000E+3	-1.199500E+0	-1.220410E+1	9.828664E+1	1.045990E+2	9.589000E-1	1.003000E-1	9.910000E+37	-1.220410E+1	-8.120222E+39	1.033476E+41	9.589000E-1	9.910000E+37	1.000000E-4	2.000000E+1	1.000000E+2	1.000000E+1	1.000000E+2	1.000000E+1	1.000000E+0	5.500000E+1
3.275571E+1	-1.300000E+3	-1.300200E+0	-1.322460E+1	9.831677E+1	1.047659E+2	9.526000E-1	9.980000E-2	9.910000E+37	-1.322460E+1	-7.493610E+39	1.040311E+41	9.526000E-1	9.910000E+37	1.000000E-4	2.000000E+1	1.000000E+2	1.000000E+1	1.000000E+2	1.000000E+1	1.000000E+0	5.600000E+1
3.341296E+1	-1.300000E+3	-1.298900E+0	-1.402320E+1	9.262508E+1	1.016430E+2	9.799000E-1	9.960000E-2	9.910000E+37	-1.402320E+1	-7.066861E+39	1.011328E+41	9.799000E-1	9.910000E+37	1.000000E-1	2.000000E+1	1.000000E+2	1.000000E+1	1.000000E+2	1.000000E+1	1.000000E+0	5.700000E+1
3.407303E+1	-1.300000E+3	-1.300000E+0	-1.398770E+1	9.293880E+1	1.045879E+2	9.743000E-1	1.019000E-1	9.910000E+37	-1.398770E+1	-7.084796E+39	1.017141E+41	9.743000E-1	9.910000E+37	1.000000E+0	2.000000E+1	1.000000E+2	1.000000E+1	1.000000E+2	1.000000E+1	1.000000E+0	5.800000E+1
3.479341E+1	-1.300000E+3	-1.299000E+0	-1.440220E+1	9.019455E+1	1.038486E+2	9.562000E-1	9.930000E-2	9.910000E+37	-1.440220E+1	-6.880893E+39	1.036394E+41	9.562000E-1	9.910000E+37	1.000000E+0	2.000000E+1	1.000000E+2	1.000000E+1	1.000000E+2	1.000000E+1	1.000000E+0	5.900000E+1
3.551380E+1	1.300000E+3	1.299800E+0	1.422370E+1	9.138269E+1	1.022091E+2	9.823000E-1	1.004000E-1	9.910000E+37	1.422370E+1	6.967245E+39	1.008857E+41	9.823000E-1	9.910000E+37	1.000000E+0	2.000000E+1	1.000000E+2	1.000000E+1	1.000000E+2	1.000000E+1	1.000000E+0	6.000000E+1
3.623421E+1	1.300000E+3	1.299600E+0	1.401710E+1	9.271533E+1	1.035134E+2	9.535000E-1	9.870000E-2	9.910000E+37	1.401710E+1	7.069936E+39	1.039329E+41	9.535000E-1	9.910000E+37	1.000000E+0	2.000000E+1	1.000000E+2	1.000000E+1	1.000000E+2	1.000000E+1	1.000000E+0	6.100000E+1
