39
0.341309 0.0674289 30.0
0.3532655 0.08751035 40.0
0.2971575 0.12914 50.0
0.3183785 0.2178245 60.0
0.461737 0.1582225 75.0
0.461429 0.288358 100.0
0.505421 0.469749 120.0
0.4884925 0.2747745 150.0
0.457827 0.110774 200.0
0.7001665 0.222833 250.0
0.769539 0.07941595 300.0
1.17853 -0.05793605 400.0
1.275125 -0.125343 500.0
1.08867 0.0748105 600.0
1.41371 -0.07587845 750.0
1.65735 -0.08845345 1000.0
1.60107 -0.145873 1200.0
1.51004 -0.130516 1500.0
1.45442 -0.07465535 2000.0
1.435225 -0.03022725 2500.0
1.21424 -0.0185602 3000.0
1.4558 0.02750085 4000.0
1.88895 0.02593305 5000.0
2.006465 0.02473695 6000.0
2.033135 0.0193412 7500.0
2.034955 0.02244945 10000.0
2.034625 0.0324452 12000.0
2.037155 0.0380173 15000.0
2.03766 0.0459537 20000.0
2.037035 0.06210515 25000.0
2.03719 0.0736253 30000.0
2.0394 0.09789335 40000.0
2.038685 0.1230125 50000.0
2.041805 0.151164 60000.0
2.046415 0.1935965 75000.0
2.051125 0.2618485 100000.0
2.055705 0.321554 120000.0
2.06402 0.409776 150000.0
2.015705 0.5850725 200000.0
