39
0.007293325 0.11027 30.0
0.04551145 0.1286085 40.0
0.06285825 0.161084 50.0
0.0349611 0.2162285 60.0
0.05368085 0.270212 75.0
0.1231755 0.336371 100.0
0.137903 0.413346 120.0
0.209858 0.4882 150.0
0.194422 0.3084385 200.0
0.07235375 0.458013 250.0
0.06373595 0.3658785 300.0
0.08384555 0.347092 400.0
0.05547635 0.197059 500.0
0.02787125 0.1141495 600.0
0.00166392 0.0415854 750.0
-0.01499415 0.0153019 1000.0
-0.0178089 0.00978703 1200.0
-0.01180555 0.01342075 1500.0
-0.01100451 0.01081105 2000.0
0.00152114 0.01932335 2500.0
0.003448335 0.01926355 3000.0
0.0034201 0.01329485 4000.0
0.00381836 0.0121499 5000.0
-0.005317755 0.007532585 6000.0
-0.009509285 0.00153963 7500.0
-0.01032675 0.00116765 10000.0
-0.005803985 0.002264565 12000.0
-0.00314178 0.00160652 15000.0
-0.00237648 -0.000202334 20000.0
-0.00376196 0.002473355 25000.0
-7.397e-05 -0.001183855 30000.0
-0.002632925 -0.0009336615 40000.0
-0.00509053 0.001508315 50000.0
-0.005552445 0.001210965 60000.0
-0.005666735 0.0005737 75000.0
-0.005768745 0.00041188 100000.0
-0.005368565 -0.0002045215 120000.0
-0.00573831 -0.0003421025 150000.0
-0.03351025 -0.00215483 200000.0
