39
0.00732096 0.110329 30.0
0.045384 0.1285835 40.0
0.0628244 0.16101 50.0
0.0350121 0.2162455 60.0
0.053763 0.2703115 75.0
0.1231805 0.3363505 100.0
0.1385605 0.413234 120.0
0.2103345 0.4880025 150.0
0.193985 0.308509 200.0
0.0727768 0.4582135 250.0
0.0637052 0.366012 300.0
0.0840818 0.347219 400.0
0.0554479 0.1971495 500.0
0.02770635 0.1140055 600.0
0.0001228755 0.04241455 750.0
-0.01550845 0.01528055 1000.0
-0.01783165 0.009825955 1200.0
-0.0123102 0.01323745 1500.0
-0.01099045 0.01950635 2000.0
0.00133014 0.01918695 2500.0
0.00359196 0.0193517 3000.0
0.003916835 0.01377105 4000.0
0.00385852 0.0121399 5000.0
-0.005274915 0.00758066 6000.0
-0.008667385 0.002711585 7500.0
-0.01015384 0.001007123 10000.0
-0.0062199 0.00270935 12000.0
-0.00317276 0.001604255 15000.0
-0.00233078 -0.000124989 20000.0
-0.003651925 0.00257153 25000.0
-0.005371035 0.002265721 30000.0
-0.00264113 -0.00088373 40000.0
-0.005106 0.001600335 50000.0
-0.00552943 0.00127538 60000.0
-0.005662025 0.000640006 75000.0
-0.00579314 0.000451194 100000.0
-0.00535283 -0.000192779 120000.0
-0.00581425 -0.000263579 150000.0
-0.03349455 -0.00213942 200000.0
