39
0.007312185 0.110333 30.0
0.04550755 0.128806 40.0
0.0627983 0.161125 50.0
0.0348133 0.216321 60.0
0.0536971 0.270287 75.0
0.1228025 0.336412 100.0
0.1390835 0.4132355 120.0
0.2100185 0.489077 150.0
0.1946095 0.308697 200.0
0.0727658 0.458433 250.0
0.0635156 0.3659535 300.0
0.08367145 0.346989 400.0
0.055299 0.1969895 500.0
0.02765725 0.114026 600.0
-0.0010269 0.04114935 750.0
-0.0152174 0.01521525 1000.0
-0.01793675 0.00983779 1200.0
-0.01196715 0.0135157 1500.0
-0.004499705 0.0181967 2000.0
0.00135288 0.01929075 2500.0
0.003393325 0.0193565 3000.0
0.00346122 0.01332215 4000.0
0.004197605 0.01220105 5000.0
-0.00533934 0.00754452 6000.0
-0.009396115 0.001559515 7500.0
-0.0102103 0.001025364 10000.0
-0.006309615 0.00292552 12000.0
-0.00311508 0.00158725 15000.0
-0.002245775 -0.0002197595 20000.0
-0.003454215 0.002237825 25000.0
7.3975e-05 0.000802935 30000.0
-0.00224577 -0.000927385 40000.0
-0.004669535 0.001542835 50000.0
-0.005109235 0.00122756 60000.0
-0.00524207 0.000619659 75000.0
-0.00539073 0.000470642 100000.0
-0.004976365 -0.000150162 120000.0
-0.005367325 -0.0002014515 150000.0
-0.0330112 -0.002093345 200000.0
