39
0.00732808 0.11037 30.0
0.0455151 0.128804 40.0
0.0628878 0.161197 50.0
0.0348026 0.21633 60.0
0.0537007 0.270378 75.0
0.1228795 0.3364 100.0
0.138811 0.4135915 120.0
0.2098405 0.489181 150.0
0.1941705 0.308759 200.0
0.0725545 0.45829 250.0
0.0635839 0.366113 300.0
0.0826652 0.3468965 400.0
0.0555468 0.197179 500.0
0.02767565 0.113971 600.0
-0.001129695 0.04100725 750.0
-0.01567195 0.0153728 1000.0
-0.0173542 0.00973512 1200.0
-0.011442 0.01318455 1500.0
-0.004558685 0.01822585 2000.0
0.001323405 0.01927065 2500.0
0.00343234 0.0193476 3000.0
0.003705205 0.01369455 4000.0
0.00392635 0.0121841 5000.0
-0.005290215 0.007596315 6000.0
-0.008667505 0.00276167 7500.0
-0.010047485 0.001019211 10000.0
-0.0059407 0.002386935 12000.0
-0.00314329 0.00161383 15000.0
-0.00221843 -0.00025214 20000.0
-0.00347495 0.002089455 25000.0
-0.000415155 0.002727925 30000.0
-0.002197675 -0.0009780075 40000.0
-0.004615855 0.001509595 50000.0
-0.00506678 0.00118131 60000.0
-0.005205555 0.00063941 75000.0
-0.00528449 0.0004624545 100000.0
-0.00487527 -0.0001624415 120000.0
-0.00529691 -0.0002367815 150000.0
-0.0329566 -0.002081 200000.0
