39
0.00728976 0.1103435 30.0
0.0454791 0.128798 40.0
0.06295575 0.1611555 50.0
0.03501525 0.2163775 60.0
0.05372305 0.2703995 75.0
0.123325 0.3363615 100.0
0.1383415 0.4136035 120.0
0.2105815 0.490111 150.0
0.1946405 0.308757 200.0
0.07277715 0.458549 250.0
0.0634416 0.3659325 300.0
0.0826085 0.346365 400.0
0.05539455 0.1969785 500.0
0.02762815 0.113893 600.0
-0.000312458 0.0409993 750.0
-0.01481485 0.01493585 1000.0
-0.01688915 0.00941438 1200.0
-0.01081525 0.01308435 1500.0
-0.00461856 0.0182353 2000.0
0.001285645 0.01921625 2500.0
0.003410575 0.0194187 3000.0
0.00352086 0.0135491 4000.0
0.00388097 0.01219865 5000.0
-0.005222005 0.007693975 6000.0
-0.00877205 0.0027242 7500.0
-0.01008207 0.001009224 10000.0
-0.00599543 0.002413285 12000.0
-0.00312147 0.00164913 15000.0
-0.002225795 -0.0002568305 20000.0
-0.003440515 0.002118125 25000.0
-0.00019372 -0.002264479 30000.0
-0.002212005 -0.001006005 40000.0
-0.004623145 0.00148899 50000.0
-0.005060245 0.00121432 60000.0
-0.00516673 0.000589198 75000.0
-0.0052626 0.000430892 100000.0
-0.00488038 -0.0002134255 120000.0
-0.005262385 -0.0002514685 150000.0
-0.0329207 -0.002032295 200000.0
