39
0.3110515 0.1157225 30.0
0.4109115 0.105847 40.0
0.368867 0.11927 50.0
0.3124155 0.1942735 60.0
0.4373765 0.2120855 75.0
0.3972475 0.4217435 100.0
0.367038 0.331446 120.0
0.6312075 0.4131785 150.0
0.4688635 0.176731 200.0
0.206131 0.1640985 250.0
0.1972045 0.0863171 300.0
0.2143625 0.06141075 400.0
0.1917675 -0.0427721 500.0
0.176035 -0.0878454 600.0
0.163951 -0.0885285 750.0
0.231402 0.0189904 1000.0
0.216344 0.00718266 1200.0
0.1957115 0.02522965 1500.0
0.200828 0.04739415 2000.0
0.2061785 0.06160885 2500.0
0.230076 0.0930975 3000.0
0.2254855 0.0985029 4000.0
0.262751 0.113923 5000.0
0.210958 0.0817334 6000.0
0.248411 0.06375095 7500.0
0.337045 0.03892285 10000.0
0.372036 0.0615683 12000.0
0.4318655 0.0956601 15000.0
0.9408525 0.0390445 20000.0
2.711405 -0.183205 25000.0
1.940635 0.0965601 30000.0
1.99672 0.04962445 40000.0
1.962545 0.0631828 50000.0
1.94309 0.08106045 60000.0
1.942235 0.1277975 75000.0
1.96697 0.2168485 100000.0
1.987315 0.2814185 120000.0
2.010335 0.378327 150000.0
1.978105 0.5641275 200000.0
