Tiempo (min)	I pulso(mA)	Vinst 1 (V)	Iinst 1 (mA)	Rinst 1(Ohm)	Rrem 1 (Ohm)	Ibias 1 (mA)	Vbias 1 (V)	Vinst 2 (V)	Iinst 2 (mA)	Rinst 2(Ohm)	Rrem 2 (Ohm)	Ibias 2 (mA)	Vbias 2 (V)	Ancho pulso (s)	Periodo (s)	Icc 1 (mA)	Vcc 1 (V)	Icc 2 (mA)	Vcc 2 (V)	2W 1?	N3.830386E-1	3.000000E+2	2.998000E-1	2.620000E-2	1.144275E+4	1.250000E+4	2.400000E-2	3.000000E-1	9.910000E+37	2.620000E-2	3.782443E+42	4.129167E+42	2.400000E-2	9.910000E+37	1.000000E-3	5.000000E+0	1.000000E+2	1.000000E+1	1.000000E+2	1.000000E+1	1.000000E+0	1.000000E+0
5.371474E-1	3.000000E+2	2.998000E-1	2.320000E-2	1.292241E+4	1.255042E+4	2.380000E-2	2.987000E-1	9.910000E+37	2.320000E-2	4.271552E+42	4.163866E+42	2.380000E-2	9.910000E+37	1.000000E-3	5.000000E+0	1.000000E+2	1.000000E+1	1.000000E+2	1.000000E+1	1.000000E+0	2.000000E+0
6.930396E-1	3.000000E+2	3.002000E-1	2.350000E-2	1.277447E+4	1.338839E+4	2.240000E-2	2.999000E-1	9.910000E+37	2.350000E-2	4.217021E+42	4.424107E+42	2.240000E-2	9.910000E+37	1.000000E-3	5.000000E+0	1.000000E+2	1.000000E+1	1.000000E+2	1.000000E+1	1.000000E+0	3.000000E+0
8.472318E-1	3.000000E+2	2.991000E-1	2.660000E-2	1.124436E+4	1.311842E+4	2.280000E-2	2.991000E-1	9.910000E+37	2.660000E-2	3.725564E+42	4.346491E+42	2.280000E-2	9.910000E+37	1.000000E-3	5.000000E+0	1.000000E+2	1.000000E+1	1.000000E+2	1.000000E+1	1.000000E+0	4.000000E+0
1.001441E+0	3.000000E+2	2.993000E-1	2.540000E-2	1.178346E+4	1.125468E+4	2.670000E-2	3.005000E-1	9.910000E+37	2.540000E-2	3.901575E+42	3.711610E+42	2.670000E-2	9.910000E+37	1.000000E-3	5.000000E+0	1.000000E+2	1.000000E+1	1.000000E+2	1.000000E+1	1.000000E+0	5.000000E+0
1.155633E+0	3.000000E+2	2.987000E-1	2.350000E-2	1.271064E+4	1.285837E+4	2.330000E-2	2.996000E-1	9.910000E+37	2.350000E-2	4.217021E+42	4.253219E+42	2.330000E-2	9.910000E+37	1.000000E-3	5.000000E+0	1.000000E+2	1.000000E+1	1.000000E+2	1.000000E+1	1.000000E+0	6.000000E+0
1.309892E+0	3.000000E+2	2.997000E-1	2.400000E-2	1.248750E+4	1.281974E+4	2.330000E-2	2.987000E-1	9.910000E+37	2.400000E-2	4.129167E+42	4.253219E+42	2.330000E-2	9.910000E+37	1.000000E+0	5.000000E+0	1.000000E+2	1.000000E+1	1.000000E+2	1.000000E+1	1.000000E+0	7.000000E+0
1.530104E+0	3.000000E+2	3.003000E-1	2.560000E-2	1.173047E+4	1.221951E+4	2.460000E-2	3.006000E-1	9.910000E+37	2.560000E-2	3.871094E+42	4.028455E+42	2.460000E-2	9.910000E+37	1.000000E+0	5.000000E+0	1.000000E+2	1.000000E+1	1.000000E+2	1.000000E+1	1.000000E+0	8.000000E+0
1.750500E+0	3.000000E+2	2.994000E-1	2.520000E-2	1.188095E+4	1.143893E+4	2.620000E-2	2.997000E-1	9.910000E+37	2.520000E-2	3.932540E+42	3.782443E+42	2.620000E-2	9.910000E+37	1.000000E+0	5.000000E+0	1.000000E+2	1.000000E+1	1.000000E+2	1.000000E+1	1.000000E+0	9.000000E+0
1.970929E+0	3.000000E+2	3.008000E-1	2.220000E-2	1.354955E+4	1.213360E+4	2.470000E-2	2.997000E-1	9.910000E+37	2.220000E-2	4.463964E+42	4.012146E+42	2.470000E-2	9.910000E+37	1.000000E+0	5.000000E+0	1.000000E+2	1.000000E+1	1.000000E+2	1.000000E+1	1.000000E+0	1.000000E+1
2.191225E+0	3.500000E+2	3.501000E-1	3.190000E-2	1.097492E+4	1.188492E+4	2.520000E-2	2.995000E-1	9.910000E+37	3.190000E-2	3.106583E+42	3.932540E+42	2.520000E-2	9.910000E+37	1.000000E+0	5.000000E+0	1.000000E+2	1.000000E+1	1.000000E+2	1.000000E+1	1.000000E+0	1.100000E+1
2.411488E+0	4.000000E+2	4.016000E-1	3.790000E-2	1.059631E+4	1.217409E+4	2.470000E-2	3.007000E-1	9.910000E+37	3.790000E-2	2.614776E+42	4.012146E+42	2.470000E-2	9.910000E+37	1.000000E+0	5.000000E+0	1.000000E+2	1.000000E+1	1.000000E+2	1.000000E+1	1.000000E+0	1.200000E+1
2.631917E+0	4.500000E+2	4.507000E-1	4.440000E-2	1.015090E+4	1.274576E+4	2.360000E-2	3.008000E-1	9.910000E+37	4.440000E-2	2.231982E+42	4.199153E+42	2.360000E-2	9.910000E+37	1.000000E+0	5.000000E+0	1.000000E+2	1.000000E+1	1.000000E+2	1.000000E+1	1.000000E+0	1.300000E+1
2.852313E+0	5.000000E+2	4.987000E-1	5.140000E-2	9.702335E+3	1.200000E+4	2.520000E-2	3.024000E-1	9.910000E+37	5.140000E-2	1.928016E+42	3.932540E+42	2.520000E-2	9.910000E+37	1.000000E+0	5.000000E+0	1.000000E+2	1.000000E+1	1.000000E+2	1.000000E+1	1.000000E+0	1.400000E+1
3.072659E+0	5.500000E+2	5.496000E-1	5.700000E-2	9.642105E+3	1.184980E+4	2.530000E-2	2.998000E-1	9.910000E+37	5.700000E-2	1.738596E+42	3.916996E+42	2.530000E-2	9.910000E+37	1.000000E+0	5.000000E+0	1.000000E+2	1.000000E+1	1.000000E+2	1.000000E+1	1.000000E+0	1.500000E+1
3.293038E+0	6.000000E+2	5.993000E-1	6.350000E-2	9.437795E+3	1.330667E+4	2.250000E-2	2.994000E-1	9.910000E+37	6.350000E-2	1.560630E+42	4.404444E+42	2.250000E-2	9.910000E+37	1.000000E+0	1.000000E+1	1.000000E+2	1.000000E+1	1.000000E+2	1.000000E+1	1.000000E+0	1.600000E+1
3.679994E+0	6.500000E+2	6.493000E-1	7.190000E-2	9.030598E+3	1.168872E+4	2.570000E-2	3.004000E-1	9.910000E+37	7.190000E-2	1.378303E+42	3.856031E+42	2.570000E-2	9.910000E+37	1.000000E+0	1.000000E+1	1.000000E+2	1.000000E+1	1.000000E+2	1.000000E+1	1.000000E+0	1.700000E+1
4.332364E+0	7.000000E+2	6.996000E-1	7.680000E-2	9.109375E+3	1.346396E+4	2.220000E-2	2.989000E-1	9.910000E+37	7.680000E-2	1.290365E+42	4.463964E+42	2.220000E-2	9.910000E+37	1.000000E+0	1.000000E+1	1.000000E+2	1.000000E+1	1.000000E+2	1.000000E+1	1.000000E+0	1.800000E+1
4.719370E+0	6.500000E+2	6.498000E-1	7.180000E-2	9.050139E+3	1.224180E+4	2.440000E-2	2.987000E-1	9.910000E+37	7.180000E-2	1.380223E+42	4.061475E+42	2.440000E-2	9.910000E+37	1.000000E+0	1.000000E+1	1.000000E+2	1.000000E+1	1.000000E+2	1.000000E+1	1.000000E+0	1.900000E+1
5.106409E+0	6.500000E+2	6.494000E-1	7.120000E-2	9.120787E+3	1.143893E+4	2.620000E-2	2.997000E-1	9.910000E+37	7.120000E-2	1.391854E+42	3.782443E+42	2.620000E-2	9.910000E+37	1.000000E+0	1.000000E+1	1.000000E+2	1.000000E+1	1.000000E+2	1.000000E+1	1.000000E+0	2.000000E+1
5.493364E+0	6.500000E+2	6.497000E-1	6.940000E-2	9.361671E+3	1.167315E+4	2.570000E-2	3.000000E-1	9.910000E+37	6.940000E-2	1.427954E+42	3.856031E+42	2.570000E-2	9.910000E+37	1.000000E+0	1.000000E+1	1.000000E+2	1.000000E+1	1.000000E+2	1.000000E+1	1.000000E+0	2.100000E+1
5.880420E+0	6.500000E+2	6.504000E-1	6.900000E-2	9.426087E+3	1.230738E+4	2.440000E-2	3.003000E-1	9.910000E+37	6.900000E-2	1.436232E+42	4.061475E+42	2.440000E-2	9.910000E+37	1.000000E+0	1.000000E+1	1.000000E+2	1.000000E+1	1.000000E+2	1.000000E+1	1.000000E+0	2.200000E+1
6.267508E+0	6.500000E+2	6.502000E-1	7.270000E-2	8.943604E+3	1.237860E+4	2.430000E-2	3.008000E-1	9.910000E+37	7.270000E-2	1.363136E+42	4.078189E+42	2.430000E-2	9.910000E+37	2.000000E+0	1.000000E+1	1.000000E+2	1.000000E+1	1.000000E+2	1.000000E+1	1.000000E+0	2.300000E+1
6.721201E+0	6.500000E+2	6.509000E-1	7.070000E-2	9.206506E+3	1.206800E+4	2.500000E-2	3.017000E-1	9.910000E+37	7.070000E-2	1.401697E+42	3.964000E+42	2.500000E-2	9.910000E+37	2.000000E+0	1.000000E+1	1.000000E+2	1.000000E+1	1.000000E+2	1.000000E+1	1.000000E+0	2.400000E+1
7.174944E+0	6.500000E+2	6.508000E-1	6.990000E-2	9.310443E+3	1.194024E+4	2.510000E-2	2.997000E-1	9.910000E+37	6.990000E-2	1.417740E+42	3.948207E+42	2.510000E-2	9.910000E+37	2.000000E+0	1.000000E+1	1.000000E+2	1.000000E+1	1.000000E+2	1.000000E+1	1.000000E+0	2.500000E+1
7.628720E+0	6.500000E+2	6.501000E-1	7.100000E-2	9.156338E+3	1.199600E+4	2.500000E-2	2.999000E-1	9.910000E+37	7.100000E-2	1.395775E+42	3.964000E+42	2.500000E-2	9.910000E+37	2.000000E+0	1.000000E+1	1.000000E+2	1.000000E+1	1.000000E+2	1.000000E+1	1.000000E+0	2.600000E+1
8.082496E+0	6.500000E+2	6.503000E-1	7.300000E-2	8.908219E+3	1.198400E+4	2.500000E-2	2.996000E-1	9.910000E+37	7.300000E-2	1.357534E+42	3.964000E+42	2.500000E-2	9.910000E+37	2.000000E+0	1.000000E+1	1.000000E+2	1.000000E+1	1.000000E+2	1.000000E+1	1.000000E+0	2.700000E+1
8.536272E+0	7.000000E+2	6.992000E-1	7.900000E-2	8.850633E+3	1.188142E+4	2.530000E-2	3.006000E-1	9.910000E+37	7.900000E-2	1.254430E+42	3.916996E+42	2.530000E-2	9.910000E+37	2.000000E+0	1.000000E+1	1.000000E+2	1.000000E+1	1.000000E+2	1.000000E+1	1.000000E+0	2.800000E+1
8.989998E+0	7.000000E+2	6.999000E-1	8.060000E-2	8.683623E+3	1.189683E+4	2.520000E-2	2.998000E-1	9.910000E+37	8.060000E-2	1.229529E+42	3.932540E+42	2.520000E-2	9.910000E+37	2.000000E+0	1.000000E+1	1.000000E+2	1.000000E+1	1.000000E+2	1.000000E+1	1.000000E+0	2.900000E+1
9.443640E+0	7.000000E+2	7.004000E-1	7.750000E-2	9.037419E+3	1.208468E+4	2.480000E-2	2.997000E-1	9.910000E+37	7.750000E-2	1.278710E+42	3.995968E+42	2.480000E-2	9.910000E+37	2.000000E+0	1.000000E+1	1.000000E+2	1.000000E+1	1.000000E+2	1.000000E+1	1.000000E+0	3.000000E+1
9.897466E+0	7.000000E+2	6.993000E-1	7.760000E-2	9.011598E+3	1.307424E+4	2.290000E-2	2.994000E-1	9.910000E+37	7.760000E-2	1.277062E+42	4.327511E+42	2.290000E-2	9.910000E+37	3.000000E+0	1.000000E+1	1.000000E+2	1.000000E+1	1.000000E+2	1.000000E+1	1.000000E+0	3.100000E+1
1.041788E+1	7.000000E+2	7.005000E-1	7.910000E-2	8.855879E+3	1.121269E+4	2.680000E-2	3.005000E-1	9.910000E+37	7.910000E-2	1.252845E+42	3.697761E+42	2.680000E-2	9.910000E+37	3.000000E+0	1.000000E+1	1.000000E+2	1.000000E+1	1.000000E+2	1.000000E+1	1.000000E+0	3.200000E+1
1.093834E+1	7.000000E+2	6.992000E-1	7.920000E-2	8.828283E+3	1.121348E+4	2.670000E-2	2.994000E-1	9.910000E+37	7.920000E-2	1.251263E+42	3.711610E+42	2.670000E-2	9.910000E+37	3.000000E+0	1.000000E+1	1.000000E+2	1.000000E+1	1.000000E+2	1.000000E+1	1.000000E+0	3.300000E+1
1.145884E+1	7.000000E+2	6.989000E-1	7.900000E-2	8.846835E+3	1.239669E+4	2.420000E-2	3.000000E-1	9.910000E+37	7.900000E-2	1.254430E+42	4.095041E+42	2.420000E-2	9.910000E+37	1.000000E+0	1.000000E+1	1.000000E+2	1.000000E+1	1.000000E+2	1.000000E+1	1.000000E+0	3.400000E+1
1.187938E+1	7.000000E+2	6.999000E-1	7.710000E-2	9.077821E+3	1.249583E+4	2.400000E-2	2.999000E-1	9.910000E+37	7.710000E-2	1.285344E+42	4.129167E+42	2.400000E-2	9.910000E+37	1.000000E+0	1.000000E+1	1.000000E+2	1.000000E+1	1.000000E+2	1.000000E+1	1.000000E+0	3.500000E+1
1.226657E+1	7.000000E+2	7.004000E-1	7.710000E-2	9.084306E+3	1.270464E+4	2.370000E-2	3.011000E-1	9.910000E+37	7.710000E-2	1.285344E+42	4.181435E+42	2.370000E-2	9.910000E+37	1.000000E+0	1.000000E+1	1.000000E+2	1.000000E+1	1.000000E+2	1.000000E+1	1.000000E+0	3.600000E+1
1.265366E+1	7.000000E+2	7.005000E-1	7.810000E-2	8.969270E+3	1.272152E+4	2.370000E-2	3.015000E-1	9.910000E+37	7.810000E-2	1.268886E+42	4.181435E+42	2.370000E-2	9.910000E+37	1.000000E+0	1.000000E+1	1.000000E+2	1.000000E+1	1.000000E+2	1.000000E+1	1.000000E+0	3.700000E+1
1.304073E+1	7.200000E+2	7.204000E-1	8.220000E-2	8.763990E+3	1.229796E+4	2.450000E-2	3.013000E-1	9.910000E+37	8.220000E-2	1.205596E+42	4.044898E+42	2.450000E-2	9.910000E+37	1.000000E+0	1.000000E+1	1.000000E+2	1.000000E+1	1.000000E+2	1.000000E+1	1.000000E+0	3.800000E+1
1.342782E+1	7.400000E+2	7.404000E-1	8.230000E-2	8.996355E+3	1.175591E+4	2.540000E-2	2.986000E-1	9.910000E+37	8.230000E-2	1.204131E+42	3.901575E+42	2.540000E-2	9.910000E+37	1.000000E+0	1.000000E+1	1.000000E+2	1.000000E+1	1.000000E+2	1.000000E+1	1.000000E+0	3.900000E+1
1.383159E+1	7.600000E+2	7.602000E-1	8.590000E-2	8.849825E+3	1.420853E+4	2.110000E-2	2.998000E-1	9.910000E+37	8.590000E-2	1.153667E+42	4.696682E+42	2.110000E-2	9.910000E+37	1.500000E+0	1.000000E+1	1.000000E+2	1.000000E+1	1.000000E+2	1.000000E+1	1.000000E+0	4.000000E+1
1.425207E+1	7.600000E+2	7.594000E-1	8.770000E-2	8.659065E+3	1.336000E+4	2.250000E-2	3.006000E-1	9.910000E+37	8.770000E-2	1.129989E+42	4.404444E+42	2.250000E-2	9.910000E+37	1.500000E+0	1.000000E+1	1.000000E+2	1.000000E+1	1.000000E+2	1.000000E+1	1.000000E+0	4.100000E+1
1.467249E+1	7.600000E+2	7.594000E-1	8.700000E-2	8.728736E+3	1.183071E+4	2.540000E-2	3.005000E-1	9.910000E+37	8.700000E-2	1.139080E+42	3.901575E+42	2.540000E-2	9.910000E+37	1.500000E+0	1.000000E+1	1.000000E+2	1.000000E+1	1.000000E+2	1.000000E+1	1.000000E+0	4.200000E+1
1.509286E+1	7.600000E+2	7.608000E-1	8.750000E-2	8.694857E+3	1.258996E+4	2.390000E-2	3.009000E-1	9.910000E+37	8.750000E-2	1.132571E+42	4.146444E+42	2.390000E-2	9.910000E+37	1.500000E+0	1.000000E+1	1.000000E+2	1.000000E+1	1.000000E+2	1.000000E+1	1.000000E+0	4.300000E+1
1.551339E+1	7.600000E+2	7.605000E-1	8.700000E-2	8.741379E+3	1.309607E+4	2.290000E-2	2.999000E-1	9.910000E+37	8.700000E-2	1.139080E+42	4.327511E+42	2.290000E-2	9.910000E+37	1.500000E+0	1.000000E+1	1.000000E+2	1.000000E+1	1.000000E+2	1.000000E+1	1.000000E+0	4.400000E+1
1.593364E+1	7.600000E+2	7.602000E-1	8.610000E-2	8.829268E+3	1.256067E+4	2.390000E-2	3.002000E-1	9.910000E+37	8.610000E-2	1.150987E+42	4.146444E+42	2.390000E-2	9.910000E+37	1.500000E+0	1.000000E+1	1.000000E+2	1.000000E+1	1.000000E+2	1.000000E+1	1.000000E+0	4.500000E+1
1.635404E+1	7.600000E+2	7.595000E-1	8.450000E-2	8.988166E+3	1.310526E+4	2.280000E-2	2.988000E-1	9.910000E+37	8.450000E-2	1.172781E+42	4.346491E+42	2.280000E-2	9.910000E+37	1.500000E+0	1.000000E+1	1.000000E+2	1.000000E+1	1.000000E+2	1.000000E+1	1.000000E+0	4.600000E+1
1.677439E+1	7.600000E+2	7.604000E-1	8.700000E-2	8.740230E+3	1.242562E+4	2.420000E-2	3.007000E-1	9.910000E+37	8.700000E-2	1.139080E+42	4.095041E+42	2.420000E-2	9.910000E+37	1.500000E+0	1.000000E+1	1.000000E+2	1.000000E+1	1.000000E+2	1.000000E+1	1.000000E+0	4.700000E+1
1.719483E+1	7.600000E+2	7.599000E-1	8.740000E-2	8.694508E+3	1.169531E+4	2.560000E-2	2.994000E-1	9.910000E+37	8.740000E-2	1.133867E+42	3.871094E+42	2.560000E-2	9.910000E+37	1.500000E+0	1.000000E+1	1.000000E+2	1.000000E+1	1.000000E+2	1.000000E+1	1.000000E+0	4.800000E+1
1.761522E+1	7.600000E+2	7.610000E-1	8.570000E-2	8.879813E+3	1.213306E+4	2.480000E-2	3.009000E-1	9.910000E+37	8.570000E-2	1.156359E+42	3.995968E+42	2.480000E-2	9.910000E+37	1.500000E+0	1.000000E+1	1.000000E+2	1.000000E+1	1.000000E+2	1.000000E+1	1.000000E+0	4.900000E+1
1.803561E+1	7.600000E+2	7.610000E-1	8.760000E-2	8.687215E+3	1.249583E+4	2.400000E-2	2.999000E-1	9.910000E+37	8.760000E-2	1.131279E+42	4.129167E+42	2.400000E-2	9.910000E+37	1.500000E+0	1.000000E+1	1.000000E+2	1.000000E+1	1.000000E+2	1.000000E+1	1.000000E+0	5.000000E+1
1.845609E+1	7.600000E+2	7.606000E-1	8.820000E-2	8.623583E+3	1.226122E+4	2.450000E-2	3.004000E-1	9.910000E+37	8.820000E-2	1.123583E+42	4.044898E+42	2.450000E-2	9.910000E+37	1.500000E+0	1.000000E+1	1.000000E+2	1.000000E+1	1.000000E+2	1.000000E+1	1.000000E+0	5.100000E+1
1.887646E+1	7.600000E+2	7.611000E-1	8.920000E-2	8.532511E+3	1.297414E+4	2.320000E-2	3.010000E-1	9.910000E+37	8.920000E-2	1.110987E+42	4.271552E+42	2.320000E-2	9.910000E+37	1.800000E+0	1.000000E+1	1.000000E+2	1.000000E+1	1.000000E+2	1.000000E+1	1.000000E+0	5.200000E+1
1.931697E+1	7.600000E+2	7.610000E-1	8.870000E-2	8.579481E+3	1.170703E+4	2.560000E-2	2.997000E-1	9.910000E+37	8.870000E-2	1.117249E+42	3.871094E+42	2.560000E-2	9.910000E+37	1.800000E+0	1.000000E+1	1.000000E+2	1.000000E+1	1.000000E+2	1.000000E+1	1.000000E+0	5.300000E+1
1.975733E+1	7.600000E+2	7.616000E-1	8.780000E-2	8.674260E+3	1.227642E+4	2.460000E-2	3.020000E-1	9.910000E+37	8.780000E-2	1.128702E+42	4.028455E+42	2.460000E-2	9.910000E+37	1.800000E+0	1.000000E+1	1.000000E+2	1.000000E+1	1.000000E+2	1.000000E+1	1.000000E+0	5.400000E+1
2.019776E+1	7.600000E+2	7.609000E-1	8.990000E-2	8.463849E+3	1.143893E+4	2.620000E-2	2.997000E-1	9.910000E+37	8.990000E-2	1.102336E+42	3.782443E+42	2.620000E-2	9.910000E+37	1.800000E+0	1.000000E+1	1.000000E+2	1.000000E+1	1.000000E+2	1.000000E+1	1.000000E+0	5.500000E+1
2.062813E+1	7.600000E+2	7.599000E-1	8.800000E-2	8.635227E+3	1.303913E+4	2.300000E-2	2.999000E-1	9.910000E+37	8.800000E-2	1.126136E+42	4.308696E+42	2.300000E-2	9.910000E+37	1.500000E+0	1.000000E+1	1.000000E+2	1.000000E+1	1.000000E+2	1.000000E+1	1.000000E+0	5.600000E+1
2.104857E+1	7.700000E+2	7.704000E-1	8.590000E-2	8.968568E+3	1.307860E+4	2.290000E-2	2.995000E-1	9.910000E+37	8.590000E-2	1.153667E+42	4.327511E+42	2.290000E-2	9.910000E+37	1.500000E+0	1.000000E+1	1.000000E+2	1.000000E+1	1.000000E+2	1.000000E+1	1.000000E+0	5.700000E+1
2.146888E+1	7.700000E+2	7.705000E-1	8.800000E-2	8.755682E+3	1.190873E+4	2.520000E-2	3.001000E-1	9.910000E+37	8.800000E-2	1.126136E+42	3.932540E+42	2.520000E-2	9.910000E+37	1.500000E+0	1.000000E+1	1.000000E+2	1.000000E+1	1.000000E+2	1.000000E+1	1.000000E+0	5.800000E+1
2.188922E+1	7.700000E+2	7.702000E-1	8.850000E-2	8.702825E+3	1.097436E+4	2.730000E-2	2.996000E-1	9.910000E+37	8.850000E-2	1.119774E+42	3.630037E+42	2.730000E-2	9.910000E+37	1.500000E+0	1.000000E+1	1.000000E+2	1.000000E+1	1.000000E+2	1.000000E+1	1.000000E+0	5.900000E+1
2.230973E+1	7.700000E+2	7.708000E-1	8.820000E-2	8.739229E+3	1.356306E+4	2.220000E-2	3.011000E-1	9.910000E+37	8.820000E-2	1.123583E+42	4.463964E+42	2.220000E-2	9.910000E+37	1.500000E+0	1.000000E+1	1.000000E+2	1.000000E+1	1.000000E+2	1.000000E+1	1.000000E+0	6.000000E+1
2.273012E+1	7.700000E+2	7.700000E-1	8.770000E-2	8.779932E+3	1.320264E+4	2.270000E-2	2.997000E-1	9.910000E+37	8.770000E-2	1.129989E+42	4.365639E+42	2.270000E-2	9.910000E+37	1.500000E+0	1.000000E+1	1.000000E+2	1.000000E+1	1.000000E+2	1.000000E+1	1.000000E+0	6.100000E+1
2.315069E+1	7.700000E+2	7.701000E-1	8.720000E-2	8.831422E+3	1.260504E+4	2.380000E-2	3.000000E-1	9.910000E+37	8.720000E-2	1.136468E+42	4.163866E+42	2.380000E-2	9.910000E+37	1.500000E+0	1.000000E+1	1.000000E+2	1.000000E+1	1.000000E+2	1.000000E+1	1.000000E+0	6.200000E+1
2.357118E+1	7.700000E+2	7.708000E-1	8.780000E-2	8.779043E+3	1.200400E+4	2.500000E-2	3.001000E-1	9.910000E+37	8.780000E-2	1.128702E+42	3.964000E+42	2.500000E-2	9.910000E+37	1.500000E+0	1.000000E+1	1.000000E+2	1.000000E+1	1.000000E+2	1.000000E+1	1.000000E+0	6.300000E+1
2.399169E+1	7.700000E+2	7.685000E-1	8.750000E-2	8.782857E+3	1.228689E+4	2.440000E-2	2.998000E-1	9.910000E+37	8.750000E-2	1.132571E+42	4.061475E+42	2.440000E-2	9.910000E+37	1.500000E+0	1.000000E+1	1.000000E+2	1.000000E+1	1.000000E+2	1.000000E+1	1.000000E+0	6.400000E+1
2.441215E+1	7.700000E+2	7.713000E-1	8.860000E-2	8.705418E+3	1.212955E+4	2.470000E-2	2.996000E-1	9.910000E+37	8.860000E-2	1.118510E+42	4.012146E+42	2.470000E-2	9.910000E+37	1.500000E+0	1.000000E+1	1.000000E+2	1.000000E+1	1.000000E+2	1.000000E+1	1.000000E+0	6.500000E+1
2.483249E+1	7.700000E+2	7.708000E-1	9.070000E-2	8.498346E+3	1.357014E+4	2.210000E-2	2.999000E-1	9.910000E+37	9.070000E-2	1.092613E+42	4.484163E+42	2.210000E-2	9.910000E+37	1.500000E+0	1.000000E+1	1.000000E+2	1.000000E+1	1.000000E+2	1.000000E+1	1.000000E+0	6.600000E+1
2.525293E+1	7.700000E+2	7.700000E-1	8.790000E-2	8.759954E+3	1.303913E+4	2.300000E-2	2.999000E-1	9.910000E+37	8.790000E-2	1.127418E+42	4.308696E+42	2.300000E-2	9.910000E+37	1.500000E+0	1.000000E+1	1.000000E+2	1.000000E+1	1.000000E+2	1.000000E+1	1.000000E+0	6.700000E+1
2.567672E+1	7.700000E+2	7.688000E-1	8.860000E-2	8.677201E+3	1.144656E+4	2.620000E-2	2.999000E-1	9.910000E+37	8.860000E-2	1.118510E+42	3.782443E+42	2.620000E-2	9.910000E+37	1.600000E+0	1.000000E+1	1.000000E+2	1.000000E+1	1.000000E+2	1.000000E+1	1.000000E+0	6.800000E+1
2.610374E+1	7.700000E+2	7.690000E-1	8.880000E-2	8.659910E+3	1.182283E+4	2.540000E-2	3.003000E-1	9.910000E+37	8.880000E-2	1.115991E+42	3.901575E+42	2.540000E-2	9.910000E+37	1.600000E+0	1.000000E+1	1.000000E+2	1.000000E+1	1.000000E+2	1.000000E+1	1.000000E+0	6.900000E+1
2.653093E+1	7.700000E+2	7.699000E-1	9.080000E-2	8.479075E+3	1.296121E+4	2.320000E-2	3.007000E-1	9.910000E+37	9.080000E-2	1.091410E+42	4.271552E+42	2.320000E-2	9.910000E+37	1.500000E+0	1.000000E+1	1.000000E+2	1.000000E+1	1.000000E+2	1.000000E+1	1.000000E+0	7.000000E+1
2.695137E+1	7.700000E+2	7.703000E-1	8.900000E-2	8.655056E+3	1.330088E+4	2.260000E-2	3.006000E-1	9.910000E+37	8.900000E-2	1.113483E+42	4.384956E+42	2.260000E-2	9.910000E+37	1.500000E+0	1.000000E+1	1.000000E+2	1.000000E+1	1.000000E+2	1.000000E+1	1.000000E+0	7.100000E+1
2.737185E+1	7.700000E+2	7.707000E-1	8.760000E-2	8.797945E+3	1.260504E+4	2.380000E-2	3.000000E-1	9.910000E+37	8.760000E-2	1.131279E+42	4.163866E+42	2.380000E-2	9.910000E+37	1.500000E+0	1.000000E+1	1.000000E+2	1.000000E+1	1.000000E+2	1.000000E+1	1.000000E+0	7.200000E+1
2.779239E+1	7.700000E+2	7.698000E-1	8.930000E-2	8.620381E+3	1.253138E+4	2.390000E-2	2.995000E-1	9.910000E+37	8.930000E-2	1.109742E+42	4.146444E+42	2.390000E-2	9.910000E+37	1.500000E+0	1.000000E+1	1.000000E+2	1.000000E+1	1.000000E+2	1.000000E+1	1.000000E+0	7.300000E+1
5.732936E+1	7.700000E+2	7.694000E-1	8.800000E-2	8.743182E+3	1.165116E+4	2.580000E-2	3.006000E-1	9.910000E+37	8.800000E-2	1.126136E+42	3.841085E+42	2.580000E-2	9.910000E+37	1.500000E+0	1.000000E+1	1.000000E+2	1.000000E+1	1.000000E+2	1.000000E+1	1.000000E+0	7.400000E+1
5.774987E+1	7.700000E+2	7.701000E-1	8.710000E-2	8.841561E+3	1.192857E+4	2.520000E-2	3.006000E-1	9.910000E+37	8.710000E-2	1.137773E+42	3.932540E+42	2.520000E-2	9.910000E+37	1.500000E+0	1.000000E+1	1.000000E+2	1.000000E+1	1.000000E+2	1.000000E+1	1.000000E+0	7.500000E+1
5.817023E+1	7.700000E+2	7.711000E-1	8.930000E-2	8.634938E+3	1.256485E+4	2.390000E-2	3.003000E-1	9.910000E+37	8.930000E-2	1.109742E+42	4.146444E+42	2.390000E-2	9.910000E+37	1.500000E+0	1.000000E+1	1.000000E+2	1.000000E+1	1.000000E+2	1.000000E+1	1.000000E+0	7.600000E+1
5.859065E+1	7.700000E+2	7.703000E-1	8.920000E-2	8.635650E+3	1.228279E+4	2.440000E-2	2.997000E-1	9.910000E+37	8.920000E-2	1.110987E+42	4.061475E+42	2.440000E-2	9.910000E+37	1.500000E+0	1.000000E+1	1.000000E+2	1.000000E+1	1.000000E+2	1.000000E+1	1.000000E+0	7.700000E+1
5.901099E+1	7.700000E+2	7.700000E-1	8.810000E-2	8.740068E+3	1.190476E+4	2.520000E-2	3.000000E-1	9.910000E+37	8.810000E-2	1.124858E+42	3.932540E+42	2.520000E-2	9.910000E+37	1.500000E+0	1.000000E+1	1.000000E+2	1.000000E+1	1.000000E+2	1.000000E+1	1.000000E+0	7.800000E+1
5.943128E+1	7.800000E+2	7.792000E-1	8.890000E-2	8.764904E+3	1.160465E+4	2.580000E-2	2.994000E-1	9.910000E+37	8.890000E-2	1.114736E+42	3.841085E+42	2.580000E-2	9.910000E+37	1.500000E+0	1.000000E+1	1.000000E+2	1.000000E+1	1.000000E+2	1.000000E+1	1.000000E+0	7.900000E+1
5.985177E+1	7.800000E+2	7.798000E-1	9.150000E-2	8.522404E+3	1.188889E+4	2.520000E-2	2.996000E-1	9.910000E+37	9.150000E-2	1.083060E+42	3.932540E+42	2.520000E-2	9.910000E+37	1.500000E+0	1.000000E+1	1.000000E+2	1.000000E+1	1.000000E+2	1.000000E+1	1.000000E+0	8.000000E+1
6.027203E+1	7.800000E+2	7.793000E-1	9.040000E-2	8.620575E+3	1.221224E+4	2.450000E-2	2.992000E-1	9.910000E+37	9.040000E-2	1.096239E+42	4.044898E+42	2.450000E-2	9.910000E+37	1.500000E+0	1.000000E+1	1.000000E+2	1.000000E+1	1.000000E+2	1.000000E+1	1.000000E+0	8.100000E+1
6.069259E+1	7.800000E+2	7.800000E-1	8.750000E-2	8.914286E+3	1.189286E+4	2.520000E-2	2.997000E-1	9.910000E+37	8.750000E-2	1.132571E+42	3.932540E+42	2.520000E-2	9.910000E+37	1.500000E+0	1.000000E+1	1.000000E+2	1.000000E+1	1.000000E+2	1.000000E+1	1.000000E+0	8.200000E+1
6.111301E+1	7.800000E+2	7.778000E-1	9.030000E-2	8.613511E+3	1.175686E+4	2.550000E-2	2.998000E-1	9.910000E+37	9.030000E-2	1.097453E+42	3.886275E+42	2.550000E-2	9.910000E+37	1.500000E+0	1.000000E+1	1.000000E+2	1.000000E+1	1.000000E+2	1.000000E+1	1.000000E+0	8.300000E+1
6.153337E+1	7.800000E+2	7.793000E-1	9.110000E-2	8.554336E+3	1.200400E+4	2.500000E-2	3.001000E-1	9.910000E+37	9.110000E-2	1.087816E+42	3.964000E+42	2.500000E-2	9.910000E+37	1.500000E+0	1.000000E+1	1.000000E+2	1.000000E+1	1.000000E+2	1.000000E+1	1.000000E+0	8.400000E+1
6.195381E+1	7.800000E+2	7.799000E-1	9.240000E-2	8.440476E+3	1.175781E+4	2.560000E-2	3.010000E-1	9.910000E+37	9.240000E-2	1.072511E+42	3.871094E+42	2.560000E-2	9.910000E+37	1.500000E+0	1.000000E+1	1.000000E+2	1.000000E+1	1.000000E+2	1.000000E+1	1.000000E+0	8.500000E+1
6.237417E+1	7.800000E+2	7.792000E-1	9.020000E-2	8.638581E+3	1.272458E+4	2.360000E-2	3.003000E-1	9.910000E+37	9.020000E-2	1.098670E+42	4.199153E+42	2.360000E-2	9.910000E+37	1.500000E+0	1.000000E+1	1.000000E+2	1.000000E+1	1.000000E+2	1.000000E+1	1.000000E+0	8.600000E+1
6.278454E+1	7.800000E+2	7.796000E-1	9.040000E-2	8.623894E+3	1.374312E+4	2.180000E-2	2.996000E-1	9.910000E+37	9.040000E-2	1.096239E+42	4.545872E+42	2.180000E-2	9.910000E+37	1.200000E+0	1.000000E+1	1.000000E+2	1.000000E+1	1.000000E+2	1.000000E+1	1.000000E+0	8.700000E+1
6.318490E+1	7.800000E+2	7.794000E-1	9.020000E-2	8.640798E+3	1.202400E+4	2.500000E-2	3.006000E-1	9.910000E+37	9.020000E-2	1.098670E+42	3.964000E+42	2.500000E-2	9.910000E+37	1.200000E+0	1.000000E+1	1.000000E+2	1.000000E+1	1.000000E+2	1.000000E+1	1.000000E+0	8.800000E+1
6.358527E+1	7.800000E+2	7.793000E-1	9.080000E-2	8.582599E+3	1.269915E+4	2.360000E-2	2.997000E-1	9.910000E+37	9.080000E-2	1.091410E+42	4.199153E+42	2.360000E-2	9.910000E+37	1.200000E+0	1.000000E+1	1.000000E+2	1.000000E+1	1.000000E+2	1.000000E+1	1.000000E+0	8.900000E+1
6.398569E+1	7.800000E+2	7.805000E-1	9.040000E-2	8.633850E+3	1.227869E+4	2.440000E-2	2.996000E-1	9.910000E+37	9.040000E-2	1.096239E+42	4.061475E+42	2.440000E-2	9.910000E+37	1.200000E+0	1.000000E+1	1.000000E+2	1.000000E+1	1.000000E+2	1.000000E+1	1.000000E+0	9.000000E+1
6.438603E+1	7.800000E+2	7.795000E-1	8.890000E-2	8.768279E+3	1.223265E+4	2.450000E-2	2.997000E-1	9.910000E+37	8.890000E-2	1.114736E+42	4.044898E+42	2.450000E-2	9.910000E+37	1.200000E+0	1.000000E+1	1.000000E+2	1.000000E+1	1.000000E+2	1.000000E+1	1.000000E+0	9.100000E+1
6.478646E+1	7.800000E+2	7.807000E-1	9.020000E-2	8.655211E+3	1.137262E+4	2.630000E-2	2.991000E-1	9.910000E+37	9.020000E-2	1.098670E+42	3.768061E+42	2.630000E-2	9.910000E+37	1.200000E+0	1.000000E+1	1.000000E+2	1.000000E+1	1.000000E+2	1.000000E+1	1.000000E+0	9.200000E+1
6.518691E+1	7.800000E+2	7.798000E-1	9.020000E-2	8.645233E+3	1.205242E+4	2.480000E-2	2.989000E-1	9.910000E+37	9.020000E-2	1.098670E+42	3.995968E+42	2.480000E-2	9.910000E+37	1.200000E+0	1.000000E+1	1.000000E+2	1.000000E+1	1.000000E+2	1.000000E+1	1.000000E+0	9.300000E+1
6.558743E+1	7.800000E+2	7.789000E-1	8.940000E-2	8.712528E+3	1.168750E+4	2.560000E-2	2.992000E-1	9.910000E+37	8.940000E-2	1.108501E+42	3.871094E+42	2.560000E-2	9.910000E+37	1.200000E+0	1.000000E+1	1.000000E+2	1.000000E+1	1.000000E+2	1.000000E+1	1.000000E+0	9.400000E+1
6.598774E+1	7.800000E+2	7.796000E-1	9.110000E-2	8.557629E+3	1.121723E+4	2.670000E-2	2.995000E-1	9.910000E+37	9.110000E-2	1.087816E+42	3.711610E+42	2.670000E-2	9.910000E+37	1.200000E+0	1.000000E+1	1.000000E+2	1.000000E+1	1.000000E+2	1.000000E+1	1.000000E+0	9.500000E+1
6.638805E+1	7.800000E+2	7.806000E-1	8.970000E-2	8.702341E+3	1.144275E+4	2.620000E-2	2.998000E-1	9.910000E+37	8.970000E-2	1.104794E+42	3.782443E+42	2.620000E-2	9.910000E+37	1.200000E+0	1.000000E+1	1.000000E+2	1.000000E+1	1.000000E+2	1.000000E+1	1.000000E+0	9.600000E+1
6.678845E+1	7.800000E+2	7.807000E-1	8.830000E-2	8.841450E+3	1.102941E+4	2.720000E-2	3.000000E-1	9.910000E+37	8.830000E-2	1.122310E+42	3.643382E+42	2.720000E-2	9.910000E+37	1.200000E+0	1.000000E+1	1.000000E+2	1.000000E+1	1.000000E+2	1.000000E+1	1.000000E+0	9.700000E+1
6.719043E+1	7.800000E+2	7.797000E-1	9.050000E-2	8.615470E+3	1.161390E+4	2.590000E-2	3.008000E-1	9.910000E+37	9.050000E-2	1.095028E+42	3.826255E+42	2.590000E-2	9.910000E+37	1.250000E+0	1.000000E+1	1.000000E+2	1.000000E+1	1.000000E+2	1.000000E+1	1.000000E+0	9.800000E+1
6.759412E+1	7.800000E+2	7.794000E-1	9.100000E-2	8.564835E+3	1.177255E+4	2.550000E-2	3.002000E-1	9.910000E+37	9.100000E-2	1.089011E+42	3.886275E+42	2.550000E-2	9.910000E+37	1.250000E+0	1.000000E+1	1.000000E+2	1.000000E+1	1.000000E+2	1.000000E+1	1.000000E+0	9.900000E+1
6.799792E+1	7.800000E+2	7.805000E-1	8.890000E-2	8.779528E+3	1.113383E+4	2.690000E-2	2.995000E-1	9.910000E+37	8.890000E-2	1.114736E+42	3.684015E+42	2.690000E-2	9.910000E+37	1.100000E+0	1.000000E+1	1.000000E+2	1.000000E+1	1.000000E+2	1.000000E+1	1.000000E+0	1.000000E+2
6.839656E+1	7.800000E+2	7.805000E-1	8.940000E-2	8.730425E+3	1.282479E+4	2.340000E-2	3.001000E-1	9.910000E+37	8.940000E-2	1.108501E+42	4.235043E+42	2.340000E-2	9.910000E+37	1.100000E+0	1.000000E+1	1.000000E+2	1.000000E+1	1.000000E+2	1.000000E+1	1.000000E+0	1.010000E+2
6.879033E+1	7.800000E+2	7.811000E-1	9.130000E-2	8.555312E+3	1.285470E+4	2.340000E-2	3.008000E-1	9.910000E+37	9.130000E-2	1.085433E+42	4.235043E+42	2.340000E-2	9.910000E+37	1.100000E+0	1.000000E+1	1.000000E+2	1.000000E+1	1.000000E+2	1.000000E+1	1.000000E+0	1.020000E+2
6.918409E+1	7.800000E+2	7.794000E-1	8.870000E-2	8.786922E+3	1.224490E+4	2.450000E-2	3.000000E-1	9.910000E+37	8.870000E-2	1.117249E+42	4.044898E+42	2.450000E-2	9.910000E+37	1.100000E+0	1.000000E+1	1.000000E+2	1.000000E+1	1.000000E+2	1.000000E+1	1.000000E+0	1.030000E+2
6.957776E+1	7.800000E+2	7.808000E-1	8.940000E-2	8.733781E+3	1.105882E+4	2.720000E-2	3.008000E-1	9.910000E+37	8.940000E-2	1.108501E+42	3.643382E+42	2.720000E-2	9.910000E+37	1.100000E+0	1.000000E+1	1.000000E+2	1.000000E+1	1.000000E+2	1.000000E+1	1.000000E+0	1.040000E+2
6.997152E+1	7.800000E+2	7.788000E-1	9.070000E-2	8.586549E+3	1.360909E+4	2.200000E-2	2.994000E-1	9.910000E+37	9.070000E-2	1.092613E+42	4.504545E+42	2.200000E-2	9.910000E+37	1.100000E+0	1.000000E+1	1.000000E+2	1.000000E+1	1.000000E+2	1.000000E+1	1.000000E+0	1.050000E+2
7.036522E+1	7.800000E+2	7.805000E-1	9.200000E-2	8.483696E+3	1.282051E+4	2.340000E-2	3.000000E-1	9.910000E+37	9.200000E-2	1.077174E+42	4.235043E+42	2.340000E-2	9.910000E+37	1.100000E+0	1.000000E+1	1.000000E+2	1.000000E+1	1.000000E+2	1.000000E+1	1.000000E+0	1.060000E+2
7.075903E+1	7.800000E+2	7.805000E-1	9.160000E-2	8.520742E+3	1.234156E+4	2.430000E-2	2.999000E-1	9.910000E+37	9.160000E-2	1.081878E+42	4.078189E+42	2.430000E-2	9.910000E+37	1.100000E+0	1.000000E+1	1.000000E+2	1.000000E+1	1.000000E+2	1.000000E+1	1.000000E+0	1.070000E+2
7.115272E+1	7.800000E+2	7.808000E-1	8.890000E-2	8.782902E+3	1.314978E+4	2.270000E-2	2.985000E-1	9.910000E+37	8.890000E-2	1.114736E+42	4.365639E+42	2.270000E-2	9.910000E+37	1.100000E+0	1.000000E+1	1.000000E+2	1.000000E+1	1.000000E+2	1.000000E+1	1.000000E+0	1.080000E+2
7.154639E+1	7.800000E+2	7.796000E-1	8.940000E-2	8.720358E+3	1.072857E+4	2.800000E-2	3.004000E-1	9.910000E+37	8.940000E-2	1.108501E+42	3.539286E+42	2.800000E-2	9.910000E+37	1.100000E+0	1.000000E+1	1.000000E+2	1.000000E+1	1.000000E+2	1.000000E+1	1.000000E+0	1.090000E+2
7.194016E+1	7.800000E+2	7.791000E-1	8.790000E-2	8.863481E+3	1.283333E+4	2.340000E-2	3.003000E-1	9.910000E+37	8.790000E-2	1.127418E+42	4.235043E+42	2.340000E-2	9.910000E+37	1.100000E+0	1.000000E+1	1.000000E+2	1.000000E+1	1.000000E+2	1.000000E+1	1.000000E+0	1.100000E+2
7.233392E+1	7.800000E+2	7.808000E-1	9.040000E-2	8.637168E+3	1.148276E+4	2.610000E-2	2.997000E-1	9.910000E+37	9.040000E-2	1.096239E+42	3.796935E+42	2.610000E-2	9.910000E+37	1.100000E+0	1.000000E+1	1.000000E+2	1.000000E+1	1.000000E+2	1.000000E+1	1.000000E+0	1.110000E+2
7.272784E+1	7.800000E+2	7.797000E-1	9.010000E-2	8.653718E+3	1.298701E+4	2.310000E-2	3.000000E-1	9.910000E+37	9.010000E-2	1.099889E+42	4.290043E+42	2.310000E-2	9.910000E+37	1.100000E+0	1.000000E+1	1.000000E+2	1.000000E+1	1.000000E+2	1.000000E+1	1.000000E+0	1.120000E+2
7.312160E+1	7.800000E+2	7.796000E-1	9.090000E-2	8.576458E+3	1.328319E+4	2.260000E-2	3.002000E-1	9.910000E+37	9.090000E-2	1.090209E+42	4.384956E+42	2.260000E-2	9.910000E+37	1.100000E+0	1.000000E+1	1.000000E+2	1.000000E+1	1.000000E+2	1.000000E+1	1.000000E+0	1.130000E+2
7.351540E+1	7.800000E+2	7.808000E-1	8.900000E-2	8.773034E+3	1.347534E+4	2.230000E-2	3.005000E-1	9.910000E+37	8.900000E-2	1.113483E+42	4.443946E+42	2.230000E-2	9.910000E+37	1.100000E+0	1.000000E+1	1.000000E+2	1.000000E+1	1.000000E+2	1.000000E+1	1.000000E+0	1.140000E+2
7.390911E+1	7.800000E+2	7.790000E-1	8.750000E-2	8.902857E+3	1.307424E+4	2.290000E-2	2.994000E-1	9.910000E+37	8.750000E-2	1.132571E+42	4.327511E+42	2.290000E-2	9.910000E+37	1.100000E+0	1.000000E+1	1.000000E+2	1.000000E+1	1.000000E+2	1.000000E+1	1.000000E+0	1.150000E+2
7.430277E+1	7.800000E+2	7.790000E-1	8.910000E-2	8.742985E+3	1.163953E+4	2.580000E-2	3.003000E-1	9.910000E+37	8.910000E-2	1.112233E+42	3.841085E+42	2.580000E-2	9.910000E+37	1.100000E+0	1.000000E+1	1.000000E+2	1.000000E+1	1.000000E+2	1.000000E+1	1.000000E+0	1.160000E+2
7.469647E+1	7.800000E+2	7.791000E-1	8.960000E-2	8.695312E+3	1.184980E+4	2.530000E-2	2.998000E-1	9.910000E+37	8.960000E-2	1.106027E+42	3.916996E+42	2.530000E-2	9.910000E+37	1.100000E+0	1.000000E+1	1.000000E+2	1.000000E+1	1.000000E+2	1.000000E+1	1.000000E+0	1.170000E+2
7.508998E+1	7.800000E+2	7.801000E-1	9.010000E-2	8.658158E+3	1.256067E+4	2.390000E-2	3.002000E-1	9.910000E+37	9.010000E-2	1.099889E+42	4.146444E+42	2.390000E-2	9.910000E+37	1.100000E+0	1.000000E+1	1.000000E+2	1.000000E+1	1.000000E+2	1.000000E+1	1.000000E+0	1.180000E+2
7.548362E+1	7.800000E+2	7.793000E-1	9.110000E-2	8.554336E+3	1.169531E+4	2.560000E-2	2.994000E-1	9.910000E+37	9.110000E-2	1.087816E+42	3.871094E+42	2.560000E-2	9.910000E+37	1.100000E+0	1.000000E+1	1.000000E+2	1.000000E+1	1.000000E+2	1.000000E+1	1.000000E+0	1.190000E+2
7.587712E+1	7.800000E+2	7.799000E-1	8.960000E-2	8.704241E+3	1.155000E+4	2.600000E-2	3.003000E-1	9.910000E+37	8.960000E-2	1.106027E+42	3.811538E+42	2.600000E-2	9.910000E+37	1.100000E+0	1.000000E+1	1.000000E+2	1.000000E+1	1.000000E+2	1.000000E+1	1.000000E+0	1.200000E+2
7.627075E+1	7.800000E+2	7.801000E-1	8.980000E-2	8.687082E+3	1.312719E+4	2.280000E-2	2.993000E-1	9.910000E+37	8.980000E-2	1.103563E+42	4.346491E+42	2.280000E-2	9.910000E+37	1.100000E+0	1.000000E+1	1.000000E+2	1.000000E+1	1.000000E+2	1.000000E+1	1.000000E+0	1.210000E+2
7.666452E+1	7.800000E+2	7.807000E-1	9.180000E-2	8.504357E+3	1.256723E+4	2.380000E-2	2.991000E-1	9.910000E+37	9.180000E-2	1.079521E+42	4.163866E+42	2.380000E-2	9.910000E+37	1.100000E+0	1.000000E+1	1.000000E+2	1.000000E+1	1.000000E+2	1.000000E+1	1.000000E+0	1.220000E+2
7.705817E+1	7.800000E+2	7.799000E-1	9.020000E-2	8.646341E+3	1.242975E+4	2.420000E-2	3.008000E-1	9.910000E+37	9.020000E-2	1.098670E+42	4.095041E+42	2.420000E-2	9.910000E+37	1.100000E+0	1.000000E+1	1.000000E+2	1.000000E+1	1.000000E+2	1.000000E+1	1.000000E+0	1.230000E+2
7.745196E+1	7.800000E+2	7.815000E-1	9.190000E-2	8.503808E+3	1.233197E+4	2.440000E-2	3.009000E-1	9.910000E+37	9.190000E-2	1.078346E+42	4.061475E+42	2.440000E-2	9.910000E+37	1.100000E+0	1.000000E+1	1.000000E+2	1.000000E+1	1.000000E+2	1.000000E+1	1.000000E+0	1.240000E+2
7.784569E+1	7.800000E+2	7.797000E-1	9.120000E-2	8.549342E+3	1.169261E+4	2.570000E-2	3.005000E-1	9.910000E+37	9.120000E-2	1.086623E+42	3.856031E+42	2.570000E-2	9.910000E+37	1.100000E+0	1.000000E+1	1.000000E+2	1.000000E+1	1.000000E+2	1.000000E+1	1.000000E+0	1.250000E+2
7.823926E+1	7.800000E+2	7.808000E-1	8.840000E-2	8.832579E+3	1.230328E+4	2.440000E-2	3.002000E-1	9.910000E+37	8.840000E-2	1.121041E+42	4.061475E+42	2.440000E-2	9.910000E+37	1.100000E+0	1.000000E+1	1.000000E+2	1.000000E+1	1.000000E+2	1.000000E+1	1.000000E+0	1.260000E+2
7.863295E+1	7.800000E+2	7.803000E-1	8.980000E-2	8.689310E+3	1.248133E+4	2.410000E-2	3.008000E-1	9.910000E+37	8.980000E-2	1.103563E+42	4.112033E+42	2.410000E-2	9.910000E+37	1.100000E+0	1.000000E+1	1.000000E+2	1.000000E+1	1.000000E+2	1.000000E+1	1.000000E+0	1.270000E+2
7.902655E+1	7.800000E+2	7.807000E-1	9.150000E-2	8.532240E+3	1.260504E+4	2.380000E-2	3.000000E-1	9.910000E+37	9.150000E-2	1.083060E+42	4.163866E+42	2.380000E-2	9.910000E+37	1.100000E+0	1.000000E+1	1.000000E+2	1.000000E+1	1.000000E+2	1.000000E+1	1.000000E+0	1.280000E+2
7.942008E+1	7.800000E+2	7.806000E-1	8.940000E-2	8.731544E+3	1.259244E+4	2.380000E-2	2.997000E-1	9.910000E+37	8.940000E-2	1.108501E+42	4.163866E+42	2.380000E-2	9.910000E+37	1.100000E+0	1.000000E+1	1.000000E+2	1.000000E+1	1.000000E+2	1.000000E+1	1.000000E+0	1.290000E+2
7.981367E+1	7.800000E+2	7.802000E-1	9.080000E-2	8.592511E+3	1.287124E+4	2.330000E-2	2.999000E-1	9.910000E+37	9.080000E-2	1.091410E+42	4.253219E+42	2.330000E-2	9.910000E+37	1.100000E+0	1.000000E+1	1.000000E+2	1.000000E+1	1.000000E+2	1.000000E+1	1.000000E+0	1.300000E+2
8.020732E+1	7.800000E+2	7.810000E-1	9.000000E-2	8.677778E+3	1.193227E+4	2.510000E-2	2.995000E-1	9.910000E+37	9.000000E-2	1.101111E+42	3.948207E+42	2.510000E-2	9.910000E+37	1.100000E+0	1.000000E+1	1.000000E+2	1.000000E+1	1.000000E+2	1.000000E+1	1.000000E+0	1.310000E+2
8.060118E+1	7.900000E+2	7.902000E-1	9.230000E-2	8.561213E+3	1.169531E+4	2.560000E-2	2.994000E-1	9.910000E+37	9.230000E-2	1.073673E+42	3.871094E+42	2.560000E-2	9.910000E+37	1.100000E+0	1.000000E+1	1.000000E+2	1.000000E+1	1.000000E+2	1.000000E+1	1.000000E+0	1.320000E+2
8.099500E+1	7.900000E+2	7.902000E-1	9.130000E-2	8.654984E+3	1.287124E+4	2.330000E-2	2.999000E-1	9.910000E+37	9.130000E-2	1.085433E+42	4.253219E+42	2.330000E-2	9.910000E+37	1.100000E+0	1.000000E+1	1.000000E+2	1.000000E+1	1.000000E+2	1.000000E+1	1.000000E+0	1.330000E+2
8.138879E+1	7.900000E+2	7.907000E-1	9.250000E-2	8.548108E+3	1.242975E+4	2.420000E-2	3.008000E-1	9.910000E+37	9.250000E-2	1.071351E+42	4.095041E+42	2.420000E-2	9.910000E+37	1.100000E+0	1.000000E+1	1.000000E+2	1.000000E+1	1.000000E+2	1.000000E+1	1.000000E+0	1.340000E+2
8.178256E+1	7.900000E+2	7.891000E-1	9.120000E-2	8.652412E+3	1.232099E+4	2.430000E-2	2.994000E-1	9.910000E+37	9.120000E-2	1.086623E+42	4.078189E+42	2.430000E-2	9.910000E+37	1.100000E+0	1.000000E+1	1.000000E+2	1.000000E+1	1.000000E+2	1.000000E+1	1.000000E+0	1.350000E+2
8.217620E+1	7.900000E+2	7.906000E-1	9.050000E-2	8.735912E+3	1.201606E+4	2.490000E-2	2.992000E-1	9.910000E+37	9.050000E-2	1.095028E+42	3.979920E+42	2.490000E-2	9.910000E+37	1.100000E+0	1.000000E+1	1.000000E+2	1.000000E+1	1.000000E+2	1.000000E+1	1.000000E+0	1.360000E+2
8.257001E+1	7.900000E+2	7.893000E-1	9.200000E-2	8.579348E+3	1.219919E+4	2.460000E-2	3.001000E-1	9.910000E+37	9.200000E-2	1.077174E+42	4.028455E+42	2.460000E-2	9.910000E+37	1.100000E+0	1.000000E+1	1.000000E+2	1.000000E+1	1.000000E+2	1.000000E+1	1.000000E+0	1.370000E+2
8.296371E+1	7.900000E+2	7.895000E-1	9.170000E-2	8.609597E+3	1.135227E+4	2.640000E-2	2.997000E-1	9.910000E+37	9.170000E-2	1.080698E+42	3.753788E+42	2.640000E-2	9.910000E+37	1.100000E+0	1.000000E+1	1.000000E+2	1.000000E+1	1.000000E+2	1.000000E+1	1.000000E+0	1.380000E+2
8.335730E+1	7.900000E+2	7.903000E-1	8.920000E-2	8.859865E+3	1.235950E+4	2.420000E-2	2.991000E-1	9.910000E+37	8.920000E-2	1.110987E+42	4.095041E+42	2.420000E-2	9.910000E+37	1.100000E+0	1.000000E+1	1.000000E+2	1.000000E+1	1.000000E+2	1.000000E+1	1.000000E+0	1.390000E+2
8.375102E+1	7.900000E+2	7.902000E-1	9.330000E-2	8.469453E+3	1.148276E+4	2.610000E-2	2.997000E-1	9.910000E+37	9.330000E-2	1.062165E+42	3.796935E+42	2.610000E-2	9.910000E+37	1.100000E+0	1.000000E+1	1.000000E+2	1.000000E+1	1.000000E+2	1.000000E+1	1.000000E+0	1.400000E+2
8.414471E+1	7.900000E+2	7.913000E-1	9.360000E-2	8.454060E+3	1.273729E+4	2.360000E-2	3.006000E-1	9.910000E+37	9.360000E-2	1.058761E+42	4.199153E+42	2.360000E-2	9.910000E+37	1.100000E+0	1.000000E+1	1.000000E+2	1.000000E+1	1.000000E+2	1.000000E+1	1.000000E+0	1.410000E+2
8.453842E+1	7.900000E+2	7.891000E-1	9.050000E-2	8.719337E+3	1.261765E+4	2.380000E-2	3.003000E-1	9.910000E+37	9.050000E-2	1.095028E+42	4.163866E+42	2.380000E-2	9.910000E+37	1.100000E+0	1.000000E+1	1.000000E+2	1.000000E+1	1.000000E+2	1.000000E+1	1.000000E+0	1.420000E+2
8.493227E+1	7.900000E+2	7.902000E-1	9.140000E-2	8.645514E+3	1.249583E+4	2.400000E-2	2.999000E-1	9.910000E+37	9.140000E-2	1.084245E+42	4.129167E+42	2.400000E-2	9.910000E+37	1.100000E+0	1.000000E+1	1.000000E+2	1.000000E+1	1.000000E+2	1.000000E+1	1.000000E+0	1.430000E+2
8.532603E+1	7.900000E+2	7.895000E-1	8.860000E-2	8.910835E+3	1.292241E+4	2.320000E-2	2.998000E-1	9.910000E+37	8.860000E-2	1.118510E+42	4.271552E+42	2.320000E-2	9.910000E+37	1.100000E+0	1.000000E+1	1.000000E+2	1.000000E+1	1.000000E+2	1.000000E+1	1.000000E+0	1.440000E+2
8.571980E+1	7.900000E+2	7.899000E-1	8.900000E-2	8.875281E+3	1.160618E+4	2.590000E-2	3.006000E-1	9.910000E+37	8.900000E-2	1.113483E+42	3.826255E+42	2.590000E-2	9.910000E+37	1.100000E+0	1.000000E+1	1.000000E+2	1.000000E+1	1.000000E+2	1.000000E+1	1.000000E+0	1.450000E+2
8.611369E+1	7.900000E+2	7.910000E-1	9.120000E-2	8.673246E+3	1.258996E+4	2.390000E-2	3.009000E-1	9.910000E+37	9.120000E-2	1.086623E+42	4.146444E+42	2.390000E-2	9.910000E+37	1.100000E+0	1.000000E+1	1.000000E+2	1.000000E+1	1.000000E+2	1.000000E+1	1.000000E+0	1.460000E+2
8.650746E+1	7.900000E+2	7.896000E-1	9.310000E-2	8.481203E+3	1.399535E+4	2.150000E-2	3.009000E-1	9.910000E+37	9.310000E-2	1.064447E+42	4.609302E+42	2.150000E-2	9.910000E+37	1.100000E+0	1.000000E+1	1.000000E+2	1.000000E+1	1.000000E+2	1.000000E+1	1.000000E+0	1.470000E+2
8.690129E+1	7.900000E+2	7.904000E-1	8.930000E-2	8.851064E+3	1.207661E+4	2.480000E-2	2.995000E-1	9.910000E+37	8.930000E-2	1.109742E+42	3.995968E+42	2.480000E-2	9.910000E+37	1.100000E+0	1.000000E+1	1.000000E+2	1.000000E+1	1.000000E+2	1.000000E+1	1.000000E+0	1.480000E+2
8.729498E+1	7.900000E+2	7.906000E-1	9.090000E-2	8.697470E+3	1.186220E+4	2.540000E-2	3.013000E-1	9.910000E+37	9.090000E-2	1.090209E+42	3.901575E+42	2.540000E-2	9.910000E+37	1.100000E+0	1.000000E+1	1.000000E+2	1.000000E+1	1.000000E+2	1.000000E+1	1.000000E+0	1.490000E+2
8.768880E+1	7.900000E+2	7.890000E-1	9.350000E-2	8.438503E+3	1.285837E+4	2.330000E-2	2.996000E-1	9.910000E+37	9.350000E-2	1.059893E+42	4.253219E+42	2.330000E-2	9.910000E+37	1.100000E+0	1.000000E+1	1.000000E+2	1.000000E+1	1.000000E+2	1.000000E+1	1.000000E+0	1.500000E+2
8.808240E+1	7.900000E+2	7.904000E-1	8.940000E-2	8.841163E+3	1.209312E+4	2.470000E-2	2.987000E-1	9.910000E+37	8.940000E-2	1.108501E+42	4.012146E+42	2.470000E-2	9.910000E+37	1.200000E+0	1.000000E+1	1.000000E+2	1.000000E+1	1.000000E+2	1.000000E+1	1.000000E+0	1.510000E+2
8.848281E+1	7.900000E+2	7.912000E-1	9.060000E-2	8.732892E+3	1.283691E+4	2.330000E-2	2.991000E-1	9.910000E+37	9.060000E-2	1.093819E+42	4.253219E+42	2.330000E-2	9.910000E+37	1.200000E+0	1.000000E+1	1.000000E+2	1.000000E+1	1.000000E+2	1.000000E+1	1.000000E+0	1.520000E+2
8.888312E+1	7.900000E+2	7.903000E-1	9.190000E-2	8.599565E+3	1.192460E+4	2.520000E-2	3.005000E-1	9.910000E+37	9.190000E-2	1.078346E+42	3.932540E+42	2.520000E-2	9.910000E+37	1.200000E+0	1.000000E+1	1.000000E+2	1.000000E+1	1.000000E+2	1.000000E+1	1.000000E+0	1.530000E+2
8.928359E+1	7.900000E+2	7.903000E-1	9.110000E-2	8.675082E+3	1.293103E+4	2.320000E-2	3.000000E-1	9.910000E+37	9.110000E-2	1.087816E+42	4.271552E+42	2.320000E-2	9.910000E+37	1.200000E+0	1.000000E+1	1.000000E+2	1.000000E+1	1.000000E+2	1.000000E+1	1.000000E+0	1.540000E+2
8.968403E+1	7.900000E+2	7.896000E-1	8.890000E-2	8.881890E+3	1.250000E+4	2.400000E-2	3.000000E-1	9.910000E+37	8.890000E-2	1.114736E+42	4.129167E+42	2.400000E-2	9.910000E+37	1.200000E+0	1.000000E+1	1.000000E+2	1.000000E+1	1.000000E+2	1.000000E+1	1.000000E+0	1.550000E+2
9.008440E+1	7.900000E+2	7.907000E-1	9.150000E-2	8.641530E+3	1.206048E+4	2.480000E-2	2.991000E-1	9.910000E+37	9.150000E-2	1.083060E+42	3.995968E+42	2.480000E-2	9.910000E+37	1.200000E+0	1.500000E+1	1.000000E+2	1.000000E+1	1.000000E+2	1.000000E+1	1.000000E+0	1.560000E+2
9.065138E+1	7.900000E+2	7.902000E-1	9.110000E-2	8.673985E+3	1.205645E+4	2.480000E-2	2.990000E-1	9.910000E+37	9.110000E-2	1.087816E+42	3.995968E+42	2.480000E-2	9.910000E+37	1.200000E+0	1.500000E+1	1.000000E+2	1.000000E+1	1.000000E+2	1.000000E+1	1.000000E+0	1.570000E+2
9.121845E+1	7.900000E+2	7.891000E-1	9.110000E-2	8.661910E+3	1.389815E+4	2.160000E-2	3.002000E-1	9.910000E+37	9.110000E-2	1.087816E+42	4.587963E+42	2.160000E-2	9.910000E+37	1.200000E+0	1.500000E+1	1.000000E+2	1.000000E+1	1.000000E+2	1.000000E+1	1.000000E+0	1.580000E+2
9.178545E+1	7.900000E+2	7.907000E-1	9.240000E-2	8.557359E+3	1.172656E+4	2.560000E-2	3.002000E-1	9.910000E+37	9.240000E-2	1.072511E+42	3.871094E+42	2.560000E-2	9.910000E+37	1.200000E+0	1.500000E+1	1.000000E+2	1.000000E+1	1.000000E+2	1.000000E+1	1.000000E+0	1.590000E+2
9.235253E+1	7.900000E+2	7.900000E-1	9.070000E-2	8.710033E+3	1.202410E+4	2.490000E-2	2.994000E-1	9.910000E+37	9.070000E-2	1.092613E+42	3.979920E+42	2.490000E-2	9.910000E+37	1.200000E+0	1.500000E+1	1.000000E+2	1.000000E+1	1.000000E+2	1.000000E+1	1.000000E+0	1.600000E+2
9.291956E+1	7.900000E+2	7.906000E-1	8.970000E-2	8.813824E+3	1.119776E+4	2.680000E-2	3.001000E-1	9.910000E+37	8.970000E-2	1.104794E+42	3.697761E+42	2.680000E-2	9.910000E+37	1.200000E+0	1.500000E+1	1.000000E+2	1.000000E+1	1.000000E+2	1.000000E+1	1.000000E+0	1.610000E+2
9.348668E+1	7.900000E+2	7.899000E-1	9.020000E-2	8.757206E+3	1.188095E+4	2.520000E-2	2.994000E-1	9.910000E+37	9.020000E-2	1.098670E+42	3.932540E+42	2.520000E-2	9.910000E+37	1.200000E+0	1.500000E+1	1.000000E+2	1.000000E+1	1.000000E+2	1.000000E+1	1.000000E+0	1.620000E+2
9.405355E+1	7.900000E+2	7.905000E-1	9.160000E-2	8.629913E+3	1.222857E+4	2.450000E-2	2.996000E-1	9.910000E+37	9.160000E-2	1.081878E+42	4.044898E+42	2.450000E-2	9.910000E+37	1.200000E+0	1.500000E+1	1.000000E+2	1.000000E+1	1.000000E+2	1.000000E+1	1.000000E+0	1.630000E+2
9.462073E+1	7.900000E+2	7.889000E-1	9.000000E-2	8.765556E+3	1.200400E+4	2.500000E-2	3.001000E-1	9.910000E+37	9.000000E-2	1.101111E+42	3.964000E+42	2.500000E-2	9.910000E+37	1.200000E+0	1.500000E+1	1.000000E+2	1.000000E+1	1.000000E+2	1.000000E+1	1.000000E+0	1.640000E+2
9.518784E+1	7.900000E+2	7.904000E-1	9.080000E-2	8.704846E+3	1.234979E+4	2.430000E-2	3.001000E-1	9.910000E+37	9.080000E-2	1.091410E+42	4.078189E+42	2.430000E-2	9.910000E+37	1.200000E+0	1.500000E+1	1.000000E+2	1.000000E+1	1.000000E+2	1.000000E+1	1.000000E+0	1.650000E+2
9.575491E+1	7.900000E+2	7.904000E-1	9.380000E-2	8.426439E+3	1.163566E+4	2.580000E-2	3.002000E-1	9.910000E+37	9.380000E-2	1.056503E+42	3.841085E+42	2.580000E-2	9.910000E+37	1.200000E+0	1.500000E+1	1.000000E+2	1.000000E+1	1.000000E+2	1.000000E+1	1.000000E+0	1.660000E+2
9.632213E+1	7.900000E+2	7.904000E-1	9.030000E-2	8.753045E+3	1.125094E+4	2.670000E-2	3.004000E-1	9.910000E+37	9.030000E-2	1.097453E+42	3.711610E+42	2.670000E-2	9.910000E+37	1.200000E+0	1.500000E+1	1.000000E+2	1.000000E+1	1.000000E+2	1.000000E+1	1.000000E+0	1.670000E+2
9.688908E+1	7.900000E+2	7.902000E-1	9.240000E-2	8.551948E+3	1.178431E+4	2.550000E-2	3.005000E-1	9.910000E+37	9.240000E-2	1.072511E+42	3.886275E+42	2.550000E-2	9.910000E+37	1.200000E+0	1.500000E+1	1.000000E+2	1.000000E+1	1.000000E+2	1.000000E+1	1.000000E+0	1.680000E+2
9.745624E+1	7.900000E+2	7.913000E-1	9.020000E-2	8.772727E+3	1.203200E+4	2.500000E-2	3.008000E-1	9.910000E+37	9.020000E-2	1.098670E+42	3.964000E+42	2.500000E-2	9.910000E+37	1.200000E+0	1.500000E+1	1.000000E+2	1.000000E+1	1.000000E+2	1.000000E+1	1.000000E+0	1.690000E+2
9.801992E+1	7.900000E+2	7.903000E-1	9.090000E-2	8.694169E+3	1.121642E+4	2.680000E-2	3.006000E-1	9.910000E+37	9.090000E-2	1.090209E+42	3.697761E+42	2.680000E-2	9.910000E+37	1.100000E+0	1.500000E+1	1.000000E+2	1.000000E+1	1.000000E+2	1.000000E+1	1.000000E+0	1.700000E+2
9.858021E+1	7.900000E+2	7.899000E-1	9.210000E-2	8.576547E+3	1.213765E+4	2.470000E-2	2.998000E-1	9.910000E+37	9.210000E-2	1.076004E+42	4.012146E+42	2.470000E-2	9.910000E+37	1.100000E+0	1.500000E+1	1.000000E+2	1.000000E+1	1.000000E+2	1.000000E+1	1.000000E+0	1.710000E+2
9.914067E+1	7.900000E+2	7.893000E-1	9.100000E-2	8.673626E+3	1.229098E+4	2.440000E-2	2.999000E-1	9.910000E+37	9.100000E-2	1.089011E+42	4.061475E+42	2.440000E-2	9.910000E+37	1.100000E+0	1.500000E+1	1.000000E+2	1.000000E+1	1.000000E+2	1.000000E+1	1.000000E+0	1.720000E+2
9.970125E+1	7.900000E+2	7.904000E-1	9.170000E-2	8.619411E+3	1.145802E+4	2.620000E-2	3.002000E-1	9.910000E+37	9.170000E-2	1.080698E+42	3.782443E+42	2.620000E-2	9.910000E+37	1.100000E+0	1.500000E+1	1.000000E+2	1.000000E+1	1.000000E+2	1.000000E+1	1.000000E+0	1.730000E+2
1.002618E+2	7.900000E+2	7.912000E-1	9.090000E-2	8.704070E+3	1.209274E+4	2.480000E-2	2.999000E-1	9.910000E+37	9.090000E-2	1.090209E+42	3.995968E+42	2.480000E-2	9.910000E+37	1.100000E+0	1.500000E+1	1.000000E+2	1.000000E+1	1.000000E+2	1.000000E+1	1.000000E+0	1.740000E+2
1.008222E+2	7.900000E+2	7.900000E-1	9.190000E-2	8.596300E+3	1.318062E+4	2.270000E-2	2.992000E-1	9.910000E+37	9.190000E-2	1.078346E+42	4.365639E+42	2.270000E-2	9.910000E+37	1.100000E+0	1.500000E+1	1.000000E+2	1.000000E+1	1.000000E+2	1.000000E+1	1.000000E+0	1.750000E+2
1.013827E+2	7.900000E+2	7.903000E-1	9.100000E-2	8.684615E+3	1.246473E+4	2.410000E-2	3.004000E-1	9.910000E+37	9.100000E-2	1.089011E+42	4.112033E+42	2.410000E-2	9.910000E+37	1.100000E+0	1.500000E+1	1.000000E+2	1.000000E+1	1.000000E+2	1.000000E+1	1.000000E+0	1.760000E+2
1.019431E+2	7.900000E+2	7.899000E-1	9.340000E-2	8.457173E+3	1.183399E+4	2.530000E-2	2.994000E-1	9.910000E+37	9.340000E-2	1.061028E+42	3.916996E+42	2.530000E-2	9.910000E+37	1.100000E+0	1.500000E+1	1.000000E+2	1.000000E+1	1.000000E+2	1.000000E+1	1.000000E+0	1.770000E+2
1.025035E+2	7.900000E+2	7.907000E-1	8.950000E-2	8.834637E+3	1.261765E+4	2.380000E-2	3.003000E-1	9.910000E+37	8.950000E-2	1.107263E+42	4.163866E+42	2.380000E-2	9.910000E+37	1.100000E+0	1.500000E+1	1.000000E+2	1.000000E+1	1.000000E+2	1.000000E+1	1.000000E+0	1.780000E+2
1.030638E+2	7.900000E+2	7.908000E-1	9.170000E-2	8.623773E+3	1.143893E+4	2.620000E-2	2.997000E-1	9.910000E+37	9.170000E-2	1.080698E+42	3.782443E+42	2.620000E-2	9.910000E+37	1.100000E+0	1.500000E+1	1.000000E+2	1.000000E+1	1.000000E+2	1.000000E+1	1.000000E+0	1.790000E+2
1.036242E+2	7.900000E+2	7.911000E-1	8.840000E-2	8.949095E+3	1.277872E+4	2.350000E-2	3.003000E-1	9.910000E+37	8.840000E-2	1.121041E+42	4.217021E+42	2.350000E-2	9.910000E+37	1.100000E+0	1.500000E+1	1.000000E+2	1.000000E+1	1.000000E+2	1.000000E+1	1.000000E+0	1.800000E+2
1.041844E+2	7.900000E+2	7.907000E-1	9.130000E-2	8.660460E+3	1.269068E+4	2.360000E-2	2.995000E-1	9.910000E+37	9.130000E-2	1.085433E+42	4.199153E+42	2.360000E-2	9.910000E+37	1.100000E+0	1.500000E+1	1.000000E+2	1.000000E+1	1.000000E+2	1.000000E+1	1.000000E+0	1.810000E+2
1.047449E+2	7.900000E+2	7.895000E-1	8.930000E-2	8.840985E+3	1.199200E+4	2.500000E-2	2.998000E-1	9.910000E+37	8.930000E-2	1.109742E+42	3.964000E+42	2.500000E-2	9.910000E+37	1.100000E+0	1.500000E+1	1.000000E+2	1.000000E+1	1.000000E+2	1.000000E+1	1.000000E+0	1.820000E+2
1.053053E+2	7.900000E+2	7.906000E-1	9.210000E-2	8.584148E+3	1.276596E+4	2.350000E-2	3.000000E-1	9.910000E+37	9.210000E-2	1.076004E+42	4.217021E+42	2.350000E-2	9.910000E+37	1.100000E+0	1.500000E+1	1.000000E+2	1.000000E+1	1.000000E+2	1.000000E+1	1.000000E+0	1.830000E+2
1.058658E+2	7.900000E+2	7.906000E-1	9.010000E-2	8.774695E+3	1.238843E+4	2.420000E-2	2.998000E-1	9.910000E+37	9.010000E-2	1.099889E+42	4.095041E+42	2.420000E-2	9.910000E+37	1.100000E+0	1.500000E+1	1.000000E+2	1.000000E+1	1.000000E+2	1.000000E+1	1.000000E+0	1.840000E+2
1.064262E+2	7.900000E+2	7.891000E-1	9.230000E-2	8.549296E+3	1.309649E+4	2.280000E-2	2.986000E-1	9.910000E+37	9.230000E-2	1.073673E+42	4.346491E+42	2.280000E-2	9.910000E+37	1.100000E+0	1.500000E+1	1.000000E+2	1.000000E+1	1.000000E+2	1.000000E+1	1.000000E+0	1.850000E+2
1.069867E+2	7.900000E+2	7.897000E-1	9.220000E-2	8.565076E+3	1.260504E+4	2.380000E-2	3.000000E-1	9.910000E+37	9.220000E-2	1.074837E+42	4.163866E+42	2.380000E-2	9.910000E+37	1.100000E+0	1.500000E+1	1.000000E+2	1.000000E+1	1.000000E+2	1.000000E+1	1.000000E+0	1.860000E+2
1.075472E+2	7.900000E+2	7.913000E-1	9.230000E-2	8.573131E+3	1.238843E+4	2.420000E-2	2.998000E-1	9.910000E+37	9.230000E-2	1.073673E+42	4.095041E+42	2.420000E-2	9.910000E+37	1.100000E+0	1.500000E+1	1.000000E+2	1.000000E+1	1.000000E+2	1.000000E+1	1.000000E+0	1.870000E+2
1.081076E+2	7.900000E+2	7.908000E-1	9.170000E-2	8.623773E+3	1.339286E+4	2.240000E-2	3.000000E-1	9.910000E+37	9.170000E-2	1.080698E+42	4.424107E+42	2.240000E-2	9.910000E+37	1.100000E+0	1.500000E+1	1.000000E+2	1.000000E+1	1.000000E+2	1.000000E+1	1.000000E+0	1.880000E+2
1.086681E+2	7.900000E+2	7.895000E-1	9.110000E-2	8.666301E+3	1.217480E+4	2.460000E-2	2.995000E-1	9.910000E+37	9.110000E-2	1.087816E+42	4.028455E+42	2.460000E-2	9.910000E+37	1.100000E+0	1.500000E+1	1.000000E+2	1.000000E+1	1.000000E+2	1.000000E+1	1.000000E+0	1.890000E+2
1.092285E+2	8.000000E+2	8.010000E-1	9.350000E-2	8.566845E+3	1.206855E+4	2.480000E-2	2.993000E-1	9.910000E+37	9.350000E-2	1.059893E+42	3.995968E+42	2.480000E-2	9.910000E+37	1.100000E+0	1.500000E+1	1.000000E+2	1.000000E+1	1.000000E+2	1.000000E+1	1.000000E+0	1.900000E+2
1.097889E+2	8.000000E+2	7.993000E-1	9.180000E-2	8.706972E+3	1.242975E+4	2.420000E-2	3.008000E-1	9.910000E+37	9.180000E-2	1.079521E+42	4.095041E+42	2.420000E-2	9.910000E+37	1.100000E+0	1.500000E+1	1.000000E+2	1.000000E+1	1.000000E+2	1.000000E+1	1.000000E+0	1.910000E+2
1.103495E+2	8.000000E+2	8.005000E-1	9.170000E-2	8.729553E+3	1.196400E+4	2.500000E-2	2.991000E-1	9.910000E+37	9.170000E-2	1.080698E+42	3.964000E+42	2.500000E-2	9.910000E+37	1.100000E+0	1.500000E+1	1.000000E+2	1.000000E+1	1.000000E+2	1.000000E+1	1.000000E+0	1.920000E+2
1.109100E+2	8.000000E+2	7.998000E-1	9.240000E-2	8.655844E+3	1.141825E+4	2.630000E-2	3.003000E-1	9.910000E+37	9.240000E-2	1.072511E+42	3.768061E+42	2.630000E-2	9.910000E+37	1.100000E+0	1.500000E+1	1.000000E+2	1.000000E+1	1.000000E+2	1.000000E+1	1.000000E+0	1.930000E+2
1.114704E+2	8.000000E+2	8.007000E-1	9.290000E-2	8.618945E+3	1.279060E+4	2.340000E-2	2.993000E-1	9.910000E+37	9.290000E-2	1.066738E+42	4.235043E+42	2.340000E-2	9.910000E+37	1.100000E+0	1.500000E+1	1.000000E+2	1.000000E+1	1.000000E+2	1.000000E+1	1.000000E+0	1.940000E+2
1.120307E+2	8.000000E+2	8.010000E-1	9.270000E-2	8.640777E+3	1.263713E+4	2.370000E-2	2.995000E-1	9.910000E+37	9.270000E-2	1.069040E+42	4.181435E+42	2.370000E-2	9.910000E+37	1.100000E+0	1.500000E+1	1.000000E+2	1.000000E+1	1.000000E+2	1.000000E+1	1.000000E+0	1.950000E+2
1.125908E+2	8.000000E+2	8.002000E-1	9.380000E-2	8.530917E+3	1.226230E+4	2.440000E-2	2.992000E-1	9.910000E+37	9.380000E-2	1.056503E+42	4.061475E+42	2.440000E-2	9.910000E+37	1.100000E+0	1.500000E+1	1.000000E+2	1.000000E+1	1.000000E+2	1.000000E+1	1.000000E+0	1.960000E+2
1.131512E+2	8.000000E+2	8.005000E-1	9.280000E-2	8.626078E+3	1.297403E+4	2.310000E-2	2.997000E-1	9.910000E+37	9.280000E-2	1.067888E+42	4.290043E+42	2.310000E-2	9.910000E+37	1.100000E+0	1.500000E+1	1.000000E+2	1.000000E+1	1.000000E+2	1.000000E+1	1.000000E+0	1.970000E+2
1.137115E+2	8.000000E+2	7.996000E-1	9.320000E-2	8.579399E+3	1.236626E+4	2.430000E-2	3.005000E-1	9.910000E+37	9.320000E-2	1.063305E+42	4.078189E+42	2.430000E-2	9.910000E+37	1.100000E+0	1.500000E+1	1.000000E+2	1.000000E+1	1.000000E+2	1.000000E+1	1.000000E+0	1.980000E+2
1.142717E+2	8.000000E+2	7.990000E-1	9.220000E-2	8.665944E+3	1.220816E+4	2.450000E-2	2.991000E-1	9.910000E+37	9.220000E-2	1.074837E+42	4.044898E+42	2.450000E-2	9.910000E+37	1.100000E+0	1.500000E+1	1.000000E+2	1.000000E+1	1.000000E+2	1.000000E+1	1.000000E+0	1.990000E+2
1.148320E+2	8.000000E+2	8.008000E-1	9.090000E-2	8.809681E+3	1.142586E+4	2.630000E-2	3.005000E-1	9.910000E+37	9.090000E-2	1.090209E+42	3.768061E+42	2.630000E-2	9.910000E+37	1.100000E+0	1.500000E+1	1.000000E+2	1.000000E+1	1.000000E+2	1.000000E+1	1.000000E+0	2.000000E+2
1.153924E+2	8.000000E+2	8.013000E-1	9.440000E-2	8.488347E+3	1.207661E+4	2.480000E-2	2.995000E-1	9.910000E+37	9.440000E-2	1.049788E+42	3.995968E+42	2.480000E-2	9.910000E+37	1.100000E+0	1.500000E+1	1.000000E+2	1.000000E+1	1.000000E+2	1.000000E+1	1.000000E+0	2.010000E+2
1.159529E+2	8.000000E+2	7.995000E-1	9.130000E-2	8.756846E+3	1.220325E+4	2.460000E-2	3.002000E-1	9.910000E+37	9.130000E-2	1.085433E+42	4.028455E+42	2.460000E-2	9.910000E+37	1.100000E+0	1.500000E+1	1.000000E+2	1.000000E+1	1.000000E+2	1.000000E+1	1.000000E+0	2.020000E+2
1.165132E+2	8.000000E+2	7.996000E-1	9.410000E-2	8.497343E+3	1.322026E+4	2.270000E-2	3.001000E-1	9.910000E+37	9.410000E-2	1.053135E+42	4.365639E+42	2.270000E-2	9.910000E+37	1.100000E+0	1.500000E+1	1.000000E+2	1.000000E+1	1.000000E+2	1.000000E+1	1.000000E+0	2.030000E+2
1.170736E+2	8.000000E+2	8.005000E-1	9.280000E-2	8.626078E+3	1.170039E+4	2.570000E-2	3.007000E-1	9.910000E+37	9.280000E-2	1.067888E+42	3.856031E+42	2.570000E-2	9.910000E+37	1.100000E+0	1.500000E+1	1.000000E+2	1.000000E+1	1.000000E+2	1.000000E+1	1.000000E+0	2.040000E+2
1.176341E+2	8.000000E+2	8.000000E-1	9.300000E-2	8.602151E+3	1.070357E+4	2.800000E-2	2.997000E-1	9.910000E+37	9.300000E-2	1.065591E+42	3.539286E+42	2.800000E-2	9.910000E+37	1.100000E+0	1.500000E+1	1.000000E+2	1.000000E+1	1.000000E+2	1.000000E+1	1.000000E+0	2.050000E+2
1.181946E+2	8.000000E+2	7.999000E-1	9.170000E-2	8.723010E+3	1.327556E+4	2.250000E-2	2.987000E-1	9.910000E+37	9.170000E-2	1.080698E+42	4.404444E+42	2.250000E-2	9.910000E+37	1.100000E+0	1.500000E+1	1.000000E+2	1.000000E+1	1.000000E+2	1.000000E+1	1.000000E+0	2.060000E+2
1.187552E+2	8.000000E+2	8.005000E-1	9.270000E-2	8.635383E+3	1.172266E+4	2.560000E-2	3.001000E-1	9.910000E+37	9.270000E-2	1.069040E+42	3.871094E+42	2.560000E-2	9.910000E+37	1.100000E+0	1.500000E+1	1.000000E+2	1.000000E+1	1.000000E+2	1.000000E+1	1.000000E+0	2.070000E+2
1.193156E+2	8.000000E+2	8.001000E-1	9.370000E-2	8.538954E+3	1.313974E+4	2.290000E-2	3.009000E-1	9.910000E+37	9.370000E-2	1.057631E+42	4.327511E+42	2.290000E-2	9.910000E+37	1.100000E+0	1.500000E+1	1.000000E+2	1.000000E+1	1.000000E+2	1.000000E+1	1.000000E+0	2.080000E+2
1.198760E+2	8.000000E+2	8.005000E-1	9.120000E-2	8.777412E+3	1.132830E+4	2.650000E-2	3.002000E-1	9.910000E+37	9.120000E-2	1.086623E+42	3.739623E+42	2.650000E-2	9.910000E+37	1.100000E+0	1.500000E+1	1.000000E+2	1.000000E+1	1.000000E+2	1.000000E+1	1.000000E+0	2.090000E+2
1.204365E+2	8.000000E+2	8.001000E-1	9.240000E-2	8.659091E+3	1.163178E+4	2.580000E-2	3.001000E-1	9.910000E+37	9.240000E-2	1.072511E+42	3.841085E+42	2.580000E-2	9.910000E+37	1.100000E+0	1.500000E+1	1.000000E+2	1.000000E+1	1.000000E+2	1.000000E+1	1.000000E+0	2.100000E+2
1.209970E+2	8.000000E+2	7.988000E-1	9.220000E-2	8.663774E+3	1.199600E+4	2.500000E-2	2.999000E-1	9.910000E+37	9.220000E-2	1.074837E+42	3.964000E+42	2.500000E-2	9.910000E+37	1.100000E+0	1.500000E+1	1.000000E+2	1.000000E+1	1.000000E+2	1.000000E+1	1.000000E+0	2.110000E+2
1.215575E+2	8.000000E+2	7.999000E-1	9.320000E-2	8.582618E+3	1.278723E+4	2.350000E-2	3.005000E-1	9.910000E+37	9.320000E-2	1.063305E+42	4.217021E+42	2.350000E-2	9.910000E+37	1.100000E+0	1.500000E+1	1.000000E+2	1.000000E+1	1.000000E+2	1.000000E+1	1.000000E+0	2.120000E+2
1.221184E+2	8.000000E+2	8.009000E-1	9.300000E-2	8.611828E+3	1.233333E+4	2.430000E-2	2.997000E-1	9.910000E+37	9.300000E-2	1.065591E+42	4.078189E+42	2.430000E-2	9.910000E+37	1.100000E+0	1.500000E+1	1.000000E+2	1.000000E+1	1.000000E+2	1.000000E+1	1.000000E+0	2.130000E+2
1.226787E+2	8.000000E+2	8.003000E-1	9.140000E-2	8.756018E+3	1.170039E+4	2.570000E-2	3.007000E-1	9.910000E+37	9.140000E-2	1.084245E+42	3.856031E+42	2.570000E-2	9.910000E+37	1.100000E+0	1.500000E+1	1.000000E+2	1.000000E+1	1.000000E+2	1.000000E+1	1.000000E+0	2.140000E+2
1.232393E+2	8.000000E+2	8.005000E-1	9.200000E-2	8.701087E+3	1.318943E+4	2.270000E-2	2.994000E-1	9.910000E+37	9.200000E-2	1.077174E+42	4.365639E+42	2.270000E-2	9.910000E+37	1.100000E+0	1.500000E+1	1.000000E+2	1.000000E+1	1.000000E+2	1.000000E+1	1.000000E+0	2.150000E+2
