Tiempo (min)	T (K) 	I pulso(mA)	Vinst 1 (V)	Iinst 1 (mA)	Rinst 1(Ohm)	Rrem 1 (Ohm)	Ibias 1 (mA)	Vbias 1 (V)	Vinst 2 (V)	Iinst 2 (mA)	Rinst 2(Ohm)	Rrem 2 (Ohm)	Ibias 2 (mA)	Vbias 2 (V)	Ancho pulso (s)	Periodo (s)	Icc 1 (mA)	Vcc 1 (V)	Icc 2 (mA)	Vcc 2 (V)	2W 1?	N
7.917121E-3	2.956800E+2	5.000000E+2	5.015500E-1	3.154800E-1	1.589800E+3	1.567545E+3	3.188170E-1	4.997600E-1	9.910000E+37	3.154800E-1	3.141245E+41	3.108366E+41	3.188170E-1	9.910000E+37	2.000000E-2	0.000000E+0	5.000000E-1	1.000000E+1	5.000000E-1	1.000000E+1	1.000000E+0	1.000000E+0
2.441806E-2	2.956800E+2	4.900000E+2	4.898100E-1	3.090420E-1	1.584930E+3	1.567930E+3	3.186750E-1	4.996600E-1	9.910000E+37	3.090420E-1	3.206684E+41	3.109751E+41	3.186750E-1	9.910000E+37	2.000000E-2	0.000000E+0	5.000000E-1	1.000000E+1	5.000000E-1	1.000000E+1	1.000000E+0	2.000000E+0
4.103568E-2	2.956800E+2	4.800000E+2	4.791900E-1	3.046840E-1	1.572744E+3	1.584167E+3	3.161030E-1	5.007600E-1	9.910000E+37	3.046840E-1	3.252550E+41	3.135054E+41	3.161030E-1	9.910000E+37	2.000000E-2	0.000000E+0	5.000000E-1	1.000000E+1	5.000000E-1	1.000000E+1	1.000000E+0	3.000000E+0
5.765329E-2	2.956800E+2	4.700000E+2	4.707900E-1	2.973230E-1	1.583429E+3	1.587592E+3	3.149550E-1	5.000200E-1	9.910000E+37	2.973230E-1	3.333075E+41	3.146481E+41	3.149550E-1	9.910000E+37	2.000000E-2	0.000000E+0	5.000000E-1	1.000000E+1	5.000000E-1	1.000000E+1	1.000000E+0	4.000000E+0
7.407090E-2	2.956800E+2	4.600000E+2	4.594200E-1	2.896450E-1	1.586149E+3	1.581283E+3	3.157690E-1	4.993200E-1	9.910000E+37	2.896450E-1	3.421430E+41	3.138370E+41	3.157690E-1	9.910000E+37	2.000000E-2	0.000000E+0	5.000000E-1	1.000000E+1	5.000000E-1	1.000000E+1	1.000000E+0	5.000000E+0
9.048851E-2	2.956800E+2	4.500000E+2	4.504200E-1	2.835340E-1	1.588593E+3	1.570030E+3	3.179430E-1	4.991800E-1	9.910000E+37	2.835340E-1	3.495172E+41	3.116911E+41	3.179430E-1	9.910000E+37	2.000000E-2	0.000000E+0	5.000000E-1	1.000000E+1	5.000000E-1	1.000000E+1	1.000000E+0	6.000000E+0
1.069394E-1	2.956800E+2	4.400000E+2	4.411200E-1	2.753210E-1	1.602203E+3	1.571346E+3	3.178040E-1	4.993800E-1	9.910000E+37	2.753210E-1	3.599435E+41	3.118274E+41	3.178040E-1	9.910000E+37	2.000000E-2	0.000000E+0	5.000000E-1	1.000000E+1	5.000000E-1	1.000000E+1	1.000000E+0	7.000000E+0
1.233571E-1	2.956800E+2	4.300000E+2	4.298600E-1	2.696450E-1	1.594170E+3	1.575232E+3	3.170580E-1	4.994400E-1	9.910000E+37	2.696450E-1	3.675203E+41	3.125611E+41	3.170580E-1	9.910000E+37	2.000000E-2	0.000000E+0	5.000000E-1	1.000000E+1	5.000000E-1	1.000000E+1	1.000000E+0	8.000000E+0
1.397913E-1	2.956800E+2	4.200000E+2	4.200700E-1	2.650210E-1	1.585044E+3	1.571383E+3	3.179110E-1	4.995600E-1	9.910000E+37	2.650210E-1	3.739326E+41	3.117225E+41	3.179110E-1	9.910000E+37	2.000000E-2	0.000000E+0	5.000000E-1	1.000000E+1	5.000000E-1	1.000000E+1	1.000000E+0	9.000000E+0
1.562089E-1	2.956800E+2	4.100000E+2	4.091100E-1	2.583200E-1	1.583733E+3	1.571283E+3	3.177340E-1	4.992500E-1	9.910000E+37	2.583200E-1	3.836327E+41	3.118961E+41	3.177340E-1	9.910000E+37	2.000000E-2	0.000000E+0	5.000000E-1	1.000000E+1	5.000000E-1	1.000000E+1	1.000000E+0	1.000000E+1
1.726432E-1	2.956800E+2	4.000000E+2	4.000600E-1	2.495930E-1	1.602849E+3	1.580312E+3	3.162730E-1	4.998100E-1	9.910000E+37	2.495930E-1	3.970464E+41	3.133369E+41	3.162730E-1	9.910000E+37	2.000000E-2	0.000000E+0	5.000000E-1	1.000000E+1	5.000000E-1	1.000000E+1	1.000000E+0	1.100000E+1
1.890275E-1	2.956800E+2	3.900000E+2	3.906700E-1	2.438570E-1	1.602045E+3	1.587222E+3	3.153120E-1	5.004700E-1	9.910000E+37	2.438570E-1	4.063857E+41	3.142919E+41	3.153120E-1	9.910000E+37	2.000000E-2	0.000000E+0	5.000000E-1	1.000000E+1	5.000000E-1	1.000000E+1	1.000000E+0	1.200000E+1
2.054117E-1	2.956800E+2	3.800000E+2	3.804800E-1	2.362620E-1	1.610416E+3	1.587204E+3	3.150130E-1	4.999900E-1	9.910000E+37	2.362620E-1	4.194496E+41	3.145902E+41	3.150130E-1	9.910000E+37	2.000000E-2	0.000000E+0	5.000000E-1	1.000000E+1	5.000000E-1	1.000000E+1	1.000000E+0	1.300000E+1
2.218127E-1	2.956800E+2	3.700000E+2	3.698800E-1	2.322820E-1	1.592375E+3	1.574458E+3	3.177220E-1	5.002400E-1	9.910000E+37	2.322820E-1	4.266366E+41	3.119079E+41	3.177220E-1	9.910000E+37	2.000000E-2	0.000000E+0	5.000000E-1	1.000000E+1	5.000000E-1	1.000000E+1	1.000000E+0	1.400000E+1
2.382470E-1	2.956800E+2	3.600000E+2	3.605100E-1	2.222890E-1	1.621808E+3	1.583387E+3	3.154630E-1	4.995000E-1	9.910000E+37	2.222890E-1	4.458160E+41	3.141414E+41	3.154630E-1	9.910000E+37	2.000000E-2	0.000000E+0	5.000000E-1	1.000000E+1	5.000000E-1	1.000000E+1	1.000000E+0	1.500000E+1
2.546479E-1	2.956800E+2	3.500000E+2	3.500100E-1	2.170340E-1	1.612697E+3	1.579583E+3	3.169380E-1	5.006300E-1	9.910000E+37	2.170340E-1	4.566105E+41	3.126795E+41	3.169380E-1	9.910000E+37	2.000000E-2	0.000000E+0	5.000000E-1	1.000000E+1	5.000000E-1	1.000000E+1	1.000000E+0	1.600000E+1
2.710488E-1	2.956800E+2	3.400000E+2	3.404200E-1	2.096850E-1	1.623483E+3	1.567848E+3	3.182770E-1	4.990100E-1	9.910000E+37	2.096850E-1	4.726137E+41	3.113640E+41	3.182770E-1	9.910000E+37	2.000000E-2	0.000000E+0	5.000000E-1	1.000000E+1	5.000000E-1	1.000000E+1	1.000000E+0	1.700000E+1
2.874498E-1	2.956800E+2	3.300000E+2	3.305200E-1	2.019850E-1	1.636359E+3	1.576624E+3	3.173110E-1	5.002800E-1	9.910000E+37	2.019850E-1	4.906305E+41	3.123119E+41	3.173110E-1	9.910000E+37	2.000000E-2	0.000000E+0	5.000000E-1	1.000000E+1	5.000000E-1	1.000000E+1	1.000000E+0	1.800000E+1
3.038841E-1	2.956800E+2	3.200000E+2	3.199400E-1	1.973770E-1	1.620959E+3	1.577902E+3	3.171110E-1	5.003700E-1	9.910000E+37	1.973770E-1	5.020848E+41	3.125089E+41	3.171110E-1	9.910000E+37	2.000000E-2	0.000000E+0	5.000000E-1	1.000000E+1	5.000000E-1	1.000000E+1	1.000000E+0	1.900000E+1
3.203017E-1	2.956800E+2	3.100000E+2	3.106200E-1	1.921810E-1	1.616289E+3	1.572007E+3	3.182620E-1	5.003100E-1	9.910000E+37	1.921810E-1	5.156597E+41	3.113787E+41	3.182620E-1	9.910000E+37	2.000000E-2	0.000000E+0	5.000000E-1	1.000000E+1	5.000000E-1	1.000000E+1	1.000000E+0	2.000000E+1
3.367359E-1	2.956800E+2	3.000000E+2	3.007200E-1	1.855380E-1	1.620800E+3	1.586782E+3	3.153300E-1	5.003600E-1	9.910000E+37	1.855380E-1	5.341224E+41	3.142739E+41	3.153300E-1	9.910000E+37	2.000000E-2	0.000000E+0	5.000000E-1	1.000000E+1	5.000000E-1	1.000000E+1	1.000000E+0	2.100000E+1
3.531535E-1	2.956800E+2	2.900000E+2	2.898300E-1	1.774910E-1	1.632928E+3	1.578932E+3	3.165050E-1	4.997400E-1	9.910000E+37	1.774910E-1	5.583382E+41	3.131072E+41	3.165050E-1	9.910000E+37	2.000000E-2	0.000000E+0	5.000000E-1	1.000000E+1	5.000000E-1	1.000000E+1	1.000000E+0	2.200000E+1
3.695878E-1	2.956800E+2	2.800000E+2	2.802700E-1	1.720330E-1	1.629164E+3	1.589094E+3	3.153180E-1	5.010700E-1	9.910000E+37	1.720330E-1	5.760523E+41	3.142859E+41	3.153180E-1	9.910000E+37	2.000000E-2	0.000000E+0	5.000000E-1	1.000000E+1	5.000000E-1	1.000000E+1	1.000000E+0	2.300000E+1
3.859721E-1	2.956800E+2	2.700000E+2	2.689700E-1	1.664870E-1	1.615562E+3	1.589865E+3	3.147500E-1	5.004100E-1	9.910000E+37	1.664870E-1	5.952417E+41	3.148531E+41	3.147500E-1	9.910000E+37	2.000000E-2	0.000000E+0	5.000000E-1	1.000000E+1	5.000000E-1	1.000000E+1	1.000000E+0	2.400000E+1
4.023563E-1	2.956800E+2	2.600000E+2	2.592900E-1	1.605580E-1	1.614930E+3	1.581492E+3	3.166630E-1	5.008000E-1	9.910000E+37	1.605580E-1	6.172224E+41	3.129510E+41	3.166630E-1	9.910000E+37	2.000000E-2	0.000000E+0	5.000000E-1	1.000000E+1	5.000000E-1	1.000000E+1	1.000000E+0	2.500000E+1
4.188406E-1	2.956800E+2	2.500000E+2	2.501700E-1	1.514090E-1	1.652280E+3	1.573226E+3	3.177420E-1	4.998800E-1	9.910000E+37	1.514090E-1	6.545186E+41	3.118883E+41	3.177420E-1	9.910000E+37	2.000000E-2	0.000000E+0	5.000000E-1	1.000000E+1	5.000000E-1	1.000000E+1	1.000000E+0	2.600000E+1
4.352416E-1	2.956800E+2	2.400000E+2	2.401600E-1	1.473880E-1	1.629441E+3	1.573690E+3	3.180740E-1	5.005500E-1	9.910000E+37	1.473880E-1	6.723750E+41	3.115627E+41	3.180740E-1	9.910000E+37	2.000000E-2	0.000000E+0	5.000000E-1	1.000000E+1	5.000000E-1	1.000000E+1	1.000000E+0	2.700000E+1
4.517092E-1	2.956800E+2	2.300000E+2	2.302200E-1	1.407120E-1	1.636108E+3	1.565758E+3	3.188360E-1	4.992200E-1	9.910000E+37	1.407120E-1	7.042754E+41	3.108181E+41	3.188360E-1	9.910000E+37	2.000000E-2	0.000000E+0	5.000000E-1	1.000000E+1	5.000000E-1	1.000000E+1	1.000000E+0	2.800000E+1
4.681268E-1	2.956800E+2	2.200000E+2	2.201200E-1	1.320110E-1	1.667437E+3	1.577525E+3	3.167240E-1	4.996400E-1	9.910000E+37	1.320110E-1	7.506950E+41	3.128907E+41	3.167240E-1	9.910000E+37	2.000000E-2	0.000000E+0	5.000000E-1	1.000000E+1	5.000000E-1	1.000000E+1	1.000000E+0	2.900000E+1
4.845277E-1	2.956800E+2	2.100000E+2	2.107600E-1	1.257490E-1	1.676037E+3	1.580608E+3	3.160050E-1	4.994800E-1	9.910000E+37	1.257490E-1	7.880778E+41	3.136026E+41	3.160050E-1	9.910000E+37	2.000000E-2	0.000000E+0	5.000000E-1	1.000000E+1	5.000000E-1	1.000000E+1	1.000000E+0	3.000000E+1
5.009620E-1	2.956800E+2	2.000000E+2	1.994800E-1	1.209630E-1	1.649099E+3	1.578733E+3	3.165640E-1	4.997700E-1	9.910000E+37	1.209630E-1	8.192588E+41	3.130489E+41	3.165640E-1	9.910000E+37	2.000000E-2	0.000000E+0	5.000000E-1	1.000000E+1	5.000000E-1	1.000000E+1	1.000000E+0	3.100000E+1
5.173963E-1	2.956800E+2	2.000000E+2	2.010500E-1	1.214010E-1	1.656082E+3	1.580459E+3	3.161550E-1	4.996700E-1	9.910000E+37	1.214010E-1	8.163030E+41	3.134538E+41	3.161550E-1	9.910000E+37	2.000000E-2	0.000000E+0	5.000000E-1	1.000000E+1	5.000000E-1	1.000000E+1	1.000000E+0	3.200000E+1
5.337805E-1	2.956800E+2	2.100000E+2	2.093800E-1	1.267550E-1	1.651848E+3	1.568797E+3	3.184350E-1	4.995600E-1	9.910000E+37	1.267550E-1	7.818232E+41	3.112095E+41	3.184350E-1	9.910000E+37	2.000000E-2	0.000000E+0	5.000000E-1	1.000000E+1	5.000000E-1	1.000000E+1	1.000000E+0	3.300000E+1
5.501648E-1	2.956800E+2	2.200000E+2	2.203000E-1	1.341810E-1	1.641812E+3	1.582852E+3	3.164920E-1	5.009600E-1	9.910000E+37	1.341810E-1	7.385546E+41	3.131201E+41	3.164920E-1	9.910000E+37	2.000000E-2	0.000000E+0	5.000000E-1	1.000000E+1	5.000000E-1	1.000000E+1	1.000000E+0	3.400000E+1
5.665324E-1	2.956800E+2	2.300000E+2	2.291300E-1	1.412980E-1	1.621608E+3	1.572178E+3	3.175150E-1	4.991900E-1	9.910000E+37	1.412980E-1	7.013546E+41	3.121112E+41	3.175150E-1	9.910000E+37	2.000000E-2	0.000000E+0	5.000000E-1	1.000000E+1	5.000000E-1	1.000000E+1	1.000000E+0	3.500000E+1
5.829667E-1	2.956800E+2	2.400000E+2	2.401500E-1	1.448590E-1	1.657819E+3	1.573101E+3	3.176020E-1	4.996200E-1	9.910000E+37	1.448590E-1	6.841135E+41	3.120257E+41	3.176020E-1	9.910000E+37	2.000000E-2	0.000000E+0	5.000000E-1	1.000000E+1	5.000000E-1	1.000000E+1	1.000000E+0	3.600000E+1
5.993676E-1	2.956800E+2	2.500000E+2	2.494900E-1	1.526800E-1	1.634071E+3	1.576882E+3	3.172970E-1	5.003400E-1	9.910000E+37	1.526800E-1	6.490700E+41	3.123257E+41	3.172970E-1	9.910000E+37	2.000000E-2	0.000000E+0	5.000000E-1	1.000000E+1	5.000000E-1	1.000000E+1	1.000000E+0	3.700000E+1
6.157686E-1	2.956800E+2	2.600000E+2	2.608800E-1	1.578620E-1	1.652583E+3	1.588066E+3	3.154340E-1	5.009300E-1	9.910000E+37	1.578620E-1	6.277635E+41	3.141703E+41	3.154340E-1	9.910000E+37	2.000000E-2	0.000000E+0	5.000000E-1	1.000000E+1	5.000000E-1	1.000000E+1	1.000000E+0	3.800000E+1
6.321862E-1	2.956800E+2	2.700000E+2	2.717700E-1	1.663700E-1	1.633528E+3	1.570558E+3	3.178870E-1	4.992600E-1	9.910000E+37	1.663700E-1	5.956603E+41	3.117460E+41	3.178870E-1	9.910000E+37	2.000000E-2	0.000000E+0	5.000000E-1	1.000000E+1	5.000000E-1	1.000000E+1	1.000000E+0	3.900000E+1
6.485871E-1	2.956800E+2	2.800000E+2	2.808000E-1	1.728190E-1	1.624821E+3	1.565851E+3	3.188490E-1	4.992700E-1	9.910000E+37	1.728190E-1	5.734323E+41	3.108054E+41	3.188490E-1	9.910000E+37	2.000000E-2	0.000000E+0	5.000000E-1	1.000000E+1	5.000000E-1	1.000000E+1	1.000000E+0	4.000000E+1
6.650214E-1	2.956800E+2	2.900000E+2	2.894000E-1	1.795460E-1	1.611843E+3	1.572085E+3	3.170630E-1	4.984500E-1	9.910000E+37	1.795460E-1	5.519477E+41	3.125562E+41	3.170630E-1	9.910000E+37	2.000000E-2	0.000000E+0	5.000000E-1	1.000000E+1	5.000000E-1	1.000000E+1	1.000000E+0	4.100000E+1
6.815056E-1	2.956800E+2	3.000000E+2	3.004400E-1	1.847030E-1	1.626611E+3	1.585106E+3	3.155940E-1	5.002500E-1	9.910000E+37	1.847030E-1	5.365370E+41	3.140110E+41	3.155940E-1	9.910000E+37	2.000000E-2	0.000000E+0	5.000000E-1	1.000000E+1	5.000000E-1	1.000000E+1	1.000000E+0	4.200000E+1
6.979399E-1	2.956800E+2	3.100000E+2	3.109900E-1	1.915200E-1	1.623799E+3	1.578793E+3	3.163430E-1	4.994400E-1	9.910000E+37	1.915200E-1	5.174394E+41	3.132676E+41	3.163430E-1	9.910000E+37	2.000000E-2	0.000000E+0	5.000000E-1	1.000000E+1	5.000000E-1	1.000000E+1	1.000000E+0	4.300000E+1
7.143575E-1	2.956800E+2	3.200000E+2	3.200300E-1	1.975010E-1	1.620397E+3	1.579049E+3	3.164310E-1	4.996600E-1	9.910000E+37	1.975010E-1	5.017696E+41	3.131804E+41	3.164310E-1	9.910000E+37	2.000000E-2	0.000000E+0	5.000000E-1	1.000000E+1	5.000000E-1	1.000000E+1	1.000000E+0	4.400000E+1
7.307751E-1	2.956800E+2	3.300000E+2	3.304500E-1	2.016980E-1	1.638340E+3	1.585748E+3	3.157500E-1	5.007000E-1	9.910000E+37	2.016980E-1	4.913286E+41	3.138559E+41	3.157500E-1	9.910000E+37	2.000000E-2	0.000000E+0	5.000000E-1	1.000000E+1	5.000000E-1	1.000000E+1	1.000000E+0	4.500000E+1
7.472094E-1	2.956800E+2	3.400000E+2	3.409400E-1	2.096710E-1	1.626071E+3	1.578693E+3	3.167430E-1	5.000400E-1	9.910000E+37	2.096710E-1	4.726452E+41	3.128719E+41	3.167430E-1	9.910000E+37	2.000000E-2	0.000000E+0	5.000000E-1	1.000000E+1	5.000000E-1	1.000000E+1	1.000000E+0	4.600000E+1
7.636270E-1	2.956800E+2	3.500000E+2	3.497100E-1	2.170190E-1	1.611426E+3	1.580885E+3	3.159180E-1	4.994300E-1	9.910000E+37	2.170190E-1	4.566420E+41	3.136890E+41	3.159180E-1	9.910000E+37	2.000000E-2	0.000000E+0	5.000000E-1	1.000000E+1	5.000000E-1	1.000000E+1	1.000000E+0	4.700000E+1
7.800279E-1	2.956800E+2	3.600000E+2	3.610800E-1	2.223160E-1	1.624175E+3	1.568622E+3	3.183750E-1	4.994100E-1	9.910000E+37	2.223160E-1	4.457619E+41	3.112682E+41	3.183750E-1	9.910000E+37	2.000000E-2	0.000000E+0	5.000000E-1	1.000000E+1	5.000000E-1	1.000000E+1	1.000000E+0	4.800000E+1
7.958955E-1	2.956800E+2	3.700000E+2	3.698900E-1	2.298920E-1	1.608973E+3	1.590028E+3	3.149630E-1	5.008000E-1	9.910000E+37	2.298920E-1	4.310720E+41	3.146401E+41	3.149630E-1	9.910000E+37	2.000000E-2	0.000000E+0	5.000000E-1	1.000000E+1	5.000000E-1	1.000000E+1	1.000000E+0	4.900000E+1
8.124631E-1	2.956800E+2	3.800000E+2	3.810000E-1	2.352170E-1	1.619781E+3	1.577945E+3	3.166840E-1	4.997100E-1	9.910000E+37	2.352170E-1	4.213131E+41	3.129302E+41	3.166840E-1	9.910000E+37	2.000000E-2	0.000000E+0	5.000000E-1	1.000000E+1	5.000000E-1	1.000000E+1	1.000000E+0	5.000000E+1
8.288807E-1	2.956800E+2	3.900000E+2	3.898100E-1	2.456310E-1	1.586974E+3	1.584186E+3	3.159920E-1	5.005900E-1	9.910000E+37	2.456310E-1	4.034507E+41	3.136155E+41	3.159920E-1	9.910000E+37	2.000000E-2	0.000000E+0	5.000000E-1	1.000000E+1	5.000000E-1	1.000000E+1	1.000000E+0	5.100000E+1
8.452983E-1	2.956800E+2	4.000000E+2	4.000600E-1	2.510740E-1	1.593395E+3	1.580008E+3	3.161630E-1	4.995400E-1	9.910000E+37	2.510740E-1	3.947044E+41	3.134459E+41	3.161630E-1	9.910000E+37	2.000000E-2	0.000000E+0	5.000000E-1	1.000000E+1	5.000000E-1	1.000000E+1	1.000000E+0	5.200000E+1
8.617326E-1	2.956800E+2	4.100000E+2	4.105400E-1	2.570580E-1	1.597071E+3	1.569496E+3	3.184080E-1	4.997400E-1	9.910000E+37	2.570580E-1	3.855161E+41	3.112359E+41	3.184080E-1	9.910000E+37	2.000000E-2	0.000000E+0	5.000000E-1	1.000000E+1	5.000000E-1	1.000000E+1	1.000000E+0	5.300000E+1
8.781836E-1	2.956800E+2	4.200000E+2	4.205200E-1	2.632210E-1	1.597593E+3	1.562109E+3	3.195360E-1	4.991500E-1	9.910000E+37	2.632210E-1	3.764897E+41	3.101372E+41	3.195360E-1	9.910000E+37	2.000000E-2	0.000000E+0	5.000000E-1	1.000000E+1	5.000000E-1	1.000000E+1	1.000000E+0	5.400000E+1
8.946678E-1	2.956800E+2	4.300000E+2	4.308800E-1	2.678590E-1	1.608608E+3	1.579591E+3	3.165440E-1	5.000100E-1	9.910000E+37	2.678590E-1	3.699708E+41	3.130686E+41	3.165440E-1	9.910000E+37	2.000000E-2	0.000000E+0	5.000000E-1	1.000000E+1	5.000000E-1	1.000000E+1	1.000000E+0	5.500000E+1
9.111521E-1	2.956800E+2	4.400000E+2	4.394400E-1	2.767960E-1	1.587595E+3	1.577042E+3	3.168780E-1	4.997300E-1	9.910000E+37	2.767960E-1	3.580254E+41	3.127387E+41	3.168780E-1	9.910000E+37	2.000000E-2	0.000000E+0	5.000000E-1	1.000000E+1	5.000000E-1	1.000000E+1	1.000000E+0	5.600000E+1
9.275697E-1	2.956800E+2	4.500000E+2	4.494300E-1	2.848820E-1	1.577601E+3	1.573726E+3	3.179270E-1	5.003300E-1	9.910000E+37	2.848820E-1	3.478633E+41	3.117068E+41	3.179270E-1	9.910000E+37	2.000000E-2	0.000000E+0	5.000000E-1	1.000000E+1	5.000000E-1	1.000000E+1	1.000000E+0	5.700000E+1
9.439873E-1	2.956800E+2	4.600000E+2	4.609700E-1	2.880640E-1	1.600235E+3	1.568704E+3	3.183010E-1	4.993200E-1	9.910000E+37	2.880640E-1	3.440208E+41	3.113405E+41	3.183010E-1	9.910000E+37	2.000000E-2	0.000000E+0	5.000000E-1	1.000000E+1	5.000000E-1	1.000000E+1	1.000000E+0	5.800000E+1
9.604216E-1	2.956800E+2	4.700000E+2	4.709000E-1	2.951340E-1	1.595546E+3	1.589972E+3	3.146660E-1	5.003100E-1	9.910000E+37	2.951340E-1	3.357797E+41	3.149371E+41	3.146660E-1	9.910000E+37	2.000000E-2	0.000000E+0	5.000000E-1	1.000000E+1	5.000000E-1	1.000000E+1	1.000000E+0	5.900000E+1
9.762725E-1	2.956800E+2	4.800000E+2	4.791800E-1	3.020720E-1	1.586311E+3	1.576113E+3	3.171600E-1	4.998800E-1	9.910000E+37	3.020720E-1	3.280675E+41	3.124606E+41	3.171600E-1	9.910000E+37	2.000000E-2	0.000000E+0	5.000000E-1	1.000000E+1	5.000000E-1	1.000000E+1	1.000000E+0	6.000000E+1
9.929235E-1	2.956800E+2	4.900000E+2	4.901600E-1	3.101610E-1	1.580341E+3	1.576675E+3	3.170470E-1	4.998800E-1	9.910000E+37	3.101610E-1	3.195115E+41	3.125720E+41	3.170470E-1	9.910000E+37	2.000000E-2	0.000000E+0	5.000000E-1	1.000000E+1	5.000000E-1	1.000000E+1	1.000000E+0	6.100000E+1
1.009591E+0	2.956800E+2	5.000000E+2	5.007400E-1	3.165170E-1	1.582032E+3	1.577425E+3	3.170990E-1	5.002000E-1	9.910000E+37	3.165170E-1	3.130953E+41	3.125207E+41	3.170990E-1	9.910000E+37	2.000000E-2	0.000000E+0	5.000000E-1	1.000000E+1	5.000000E-1	1.000000E+1	1.000000E+0	6.200000E+1
1.025942E+0	2.956800E+2	5.100000E+2	5.091400E-1	3.267220E-1	1.558328E+3	1.576847E+3	3.174690E-1	5.006000E-1	9.910000E+37	3.267220E-1	3.033160E+41	3.121565E+41	3.174690E-1	9.910000E+37	2.000000E-2	0.000000E+0	5.000000E-1	1.000000E+1	5.000000E-1	1.000000E+1	1.000000E+0	6.300000E+1
1.042543E+0	2.956800E+2	5.200000E+2	5.213000E-1	3.289950E-1	1.584523E+3	1.588032E+3	3.152770E-1	5.006700E-1	9.910000E+37	3.289950E-1	3.012204E+41	3.143268E+41	3.152770E-1	9.910000E+37	2.000000E-2	0.000000E+0	5.000000E-1	1.000000E+1	5.000000E-1	1.000000E+1	1.000000E+0	6.400000E+1
1.058994E+0	2.956800E+2	5.300000E+2	5.306700E-1	3.354080E-1	1.582163E+3	1.591663E+3	3.146270E-1	5.007800E-1	9.910000E+37	3.354080E-1	2.954611E+41	3.149761E+41	3.146270E-1	9.910000E+37	2.000000E-2	0.000000E+0	5.000000E-1	1.000000E+1	5.000000E-1	1.000000E+1	1.000000E+0	6.500000E+1
1.075445E+0	2.956800E+2	5.400000E+2	5.405800E-1	3.438220E-1	1.572267E+3	1.588081E+3	3.153680E-1	5.008300E-1	9.910000E+37	3.438220E-1	2.882305E+41	3.142361E+41	3.153680E-1	9.910000E+37	2.000000E-2	0.000000E+0	5.000000E-1	1.000000E+1	5.000000E-1	1.000000E+1	1.000000E+0	6.600000E+1
1.091846E+0	2.956800E+2	5.500000E+2	5.490200E-1	3.548180E-1	1.547328E+3	1.582017E+3	3.161850E-1	5.002100E-1	9.910000E+37	3.548180E-1	2.792981E+41	3.134241E+41	3.161850E-1	9.910000E+37	2.000000E-2	0.000000E+0	5.000000E-1	1.000000E+1	5.000000E-1	1.000000E+1	1.000000E+0	6.700000E+1
1.108263E+0	2.956800E+2	5.600000E+2	5.596800E-1	3.599760E-1	1.554770E+3	1.586329E+3	3.157730E-1	5.009200E-1	9.910000E+37	3.599760E-1	2.752961E+41	3.138330E+41	3.157730E-1	9.910000E+37	2.000000E-2	0.000000E+0	5.000000E-1	1.000000E+1	5.000000E-1	1.000000E+1	1.000000E+0	6.800000E+1
1.124714E+0	2.956800E+2	5.700000E+2	5.710800E-1	3.637470E-1	1.569992E+3	1.585243E+3	3.154280E-1	5.000300E-1	9.910000E+37	3.637470E-1	2.724421E+41	3.141763E+41	3.154280E-1	9.910000E+37	2.000000E-2	0.000000E+0	5.000000E-1	1.000000E+1	5.000000E-1	1.000000E+1	1.000000E+0	6.900000E+1
1.141149E+0	2.956800E+2	5.800000E+2	5.796400E-1	3.697790E-1	1.567531E+3	1.589457E+3	3.150070E-1	5.006900E-1	9.910000E+37	3.697790E-1	2.679979E+41	3.145962E+41	3.150070E-1	9.910000E+37	2.000000E-2	0.000000E+0	5.000000E-1	1.000000E+1	5.000000E-1	1.000000E+1	1.000000E+0	7.000000E+1
1.157033E+0	2.956800E+2	5.900000E+2	5.896000E-1	3.784610E-1	1.557888E+3	1.572444E+3	3.178810E-1	4.998500E-1	9.910000E+37	3.784610E-1	2.618500E+41	3.117519E+41	3.178810E-1	9.910000E+37	2.000000E-2	0.000000E+0	5.000000E-1	1.000000E+1	5.000000E-1	1.000000E+1	1.000000E+0	7.100000E+1
1.173584E+0	2.956800E+2	6.000000E+2	6.002800E-1	3.832970E-1	1.566096E+3	1.566216E+3	3.186790E-1	4.991200E-1	9.910000E+37	3.832970E-1	2.585462E+41	3.109712E+41	3.186790E-1	9.910000E+37	2.000000E-2	0.000000E+0	5.000000E-1	1.000000E+1	5.000000E-1	1.000000E+1	1.000000E+0	7.200000E+1
1.190185E+0	2.956800E+2	6.000000E+2	6.004200E-1	3.839200E-1	1.563920E+3	1.575107E+3	3.174260E-1	4.999800E-1	9.910000E+37	3.839200E-1	2.581267E+41	3.121987E+41	3.174260E-1	9.910000E+37	2.000000E-2	0.000000E+0	5.000000E-1	1.000000E+1	5.000000E-1	1.000000E+1	1.000000E+0	7.300000E+1
1.206586E+0	2.956800E+2	5.900000E+2	5.896800E-1	3.798340E-1	1.552468E+3	1.578547E+3	3.168230E-1	5.001200E-1	9.910000E+37	3.798340E-1	2.609034E+41	3.127929E+41	3.168230E-1	9.910000E+37	2.000000E-2	0.000000E+0	5.000000E-1	1.000000E+1	5.000000E-1	1.000000E+1	1.000000E+0	7.400000E+1
1.223020E+0	2.956800E+2	5.800000E+2	5.800000E-1	3.720600E-1	1.558888E+3	1.585546E+3	3.158470E-1	5.007900E-1	9.910000E+37	3.720600E-1	2.663549E+41	3.137595E+41	3.158470E-1	9.910000E+37	2.000000E-2	0.000000E+0	5.000000E-1	1.000000E+1	5.000000E-1	1.000000E+1	1.000000E+0	7.500000E+1
1.239471E+0	2.956800E+2	5.700000E+2	5.696900E-1	3.659350E-1	1.556807E+3	1.584980E+3	3.158210E-1	5.005700E-1	9.910000E+37	3.659350E-1	2.708131E+41	3.137853E+41	3.158210E-1	9.910000E+37	2.000000E-2	0.000000E+0	5.000000E-1	1.000000E+1	5.000000E-1	1.000000E+1	1.000000E+0	7.600000E+1
1.255905E+0	2.956800E+2	5.600000E+2	5.592100E-1	3.594450E-1	1.555760E+3	1.585602E+3	3.154070E-1	5.001100E-1	9.910000E+37	3.594450E-1	2.757028E+41	3.141972E+41	3.154070E-1	9.910000E+37	2.000000E-2	0.000000E+0	5.000000E-1	1.000000E+1	5.000000E-1	1.000000E+1	1.000000E+0	7.700000E+1
1.272339E+0	2.956800E+2	5.500000E+2	5.507900E-1	3.499420E-1	1.573947E+3	1.574842E+3	3.175620E-1	5.001100E-1	9.910000E+37	3.499420E-1	2.831898E+41	3.120650E+41	3.175620E-1	9.910000E+37	2.000000E-2	0.000000E+0	5.000000E-1	1.000000E+1	5.000000E-1	1.000000E+1	1.000000E+0	7.800000E+1
1.288774E+0	2.956800E+2	5.400000E+2	5.402200E-1	3.446470E-1	1.567459E+3	1.577131E+3	3.169300E-1	4.998400E-1	9.910000E+37	3.446470E-1	2.875406E+41	3.126873E+41	3.169300E-1	9.910000E+37	2.000000E-2	0.000000E+0	5.000000E-1	1.000000E+1	5.000000E-1	1.000000E+1	1.000000E+0	7.900000E+1
1.305225E+0	2.956800E+2	5.300000E+2	5.297900E-1	3.377910E-1	1.568396E+3	1.583467E+3	3.158260E-1	5.001000E-1	9.910000E+37	3.377910E-1	2.933767E+41	3.137804E+41	3.158260E-1	9.910000E+37	2.000000E-2	0.000000E+0	5.000000E-1	1.000000E+1	5.000000E-1	1.000000E+1	1.000000E+0	8.000000E+1
1.321626E+0	2.956800E+2	5.200000E+2	5.199600E-1	3.284910E-1	1.582874E+3	1.579496E+3	3.168480E-1	5.004600E-1	9.910000E+37	3.284910E-1	3.016825E+41	3.127683E+41	3.168480E-1	9.910000E+37	2.000000E-2	0.000000E+0	5.000000E-1	1.000000E+1	5.000000E-1	1.000000E+1	1.000000E+0	8.100000E+1
1.338043E+0	2.956800E+2	5.100000E+2	5.104000E-1	3.232890E-1	1.578773E+3	1.574379E+3	3.174140E-1	4.997300E-1	9.910000E+37	3.232890E-1	3.065369E+41	3.122106E+41	3.174140E-1	9.910000E+37	2.000000E-2	0.000000E+0	5.000000E-1	1.000000E+1	5.000000E-1	1.000000E+1	1.000000E+0	8.200000E+1
1.354411E+0	2.956800E+2	5.000000E+2	5.001600E-1	3.172570E-1	1.576514E+3	1.585157E+3	3.159750E-1	5.008700E-1	9.910000E+37	3.172570E-1	3.123651E+41	3.136324E+41	3.159750E-1	9.910000E+37	2.000000E-2	0.000000E+0	5.000000E-1	1.000000E+1	5.000000E-1	1.000000E+1	1.000000E+0	8.300000E+1
1.370845E+0	2.956800E+2	4.900000E+2	4.899500E-1	3.100550E-1	1.580204E+3	1.554846E+3	3.207970E-1	4.987900E-1	9.910000E+37	3.100550E-1	3.196207E+41	3.089181E+41	3.207970E-1	9.910000E+37	2.000000E-2	0.000000E+0	5.000000E-1	1.000000E+1	5.000000E-1	1.000000E+1	1.000000E+0	8.400000E+1
Tiempo (min)	T (K) 	I pulso(mA)	Vinst 1 (V)	Iinst 1 (mA)	Rinst 1(Ohm)	Rrem 1 (Ohm)	Ibias 1 (mA)	Vbias 1 (V)	Vinst 2 (V)	Iinst 2 (mA)	Rinst 2(Ohm)	Rrem 2 (Ohm)	Ibias 2 (mA)	Vbias 2 (V)	Ancho pulso (s)	Periodo (s)	Icc 1 (mA)	Vcc 1 (V)	Icc 2 (mA)	Vcc 2 (V)	2W 1?	N
7.900454E-3	2.957900E+2	5.000000E+2	4.979200E-1	3.053000E-1	1.630920E+3	1.668399E+3	2.991850E-1	4.991600E-1	9.910000E+37	3.053000E-1	3.245988E+41	3.312332E+41	2.991850E-1	9.910000E+37	2.000000E-2	0.000000E+0	5.000000E-1	1.000000E+1	5.000000E-1	1.000000E+1	1.000000E+0	1.000000E+0
2.503477E-2	2.957900E+2	4.900000E+2	4.903300E-1	2.943570E-1	1.665766E+3	1.655254E+3	3.023040E-1	5.003900E-1	9.910000E+37	2.943570E-1	3.366660E+41	3.278157E+41	3.023040E-1	9.910000E+37	2.000000E-2	0.000000E+0	5.000000E-1	1.000000E+1	5.000000E-1	1.000000E+1	1.000000E+0	2.000000E+0
4.163572E-2	2.957900E+2	4.800000E+2	4.808100E-1	2.841790E-1	1.691927E+3	1.654218E+3	3.025720E-1	5.005200E-1	9.910000E+37	2.841790E-1	3.487239E+41	3.275253E+41	3.025720E-1	9.910000E+37	2.000000E-2	0.000000E+0	5.000000E-1	1.000000E+1	5.000000E-1	1.000000E+1	1.000000E+0	3.000000E+0
5.803666E-2	2.957900E+2	4.700000E+2	4.709700E-1	2.842280E-1	1.657015E+3	1.651703E+3	3.023910E-1	4.994600E-1	9.910000E+37	2.842280E-1	3.486637E+41	3.277214E+41	3.023910E-1	9.910000E+37	2.000000E-2	0.000000E+0	5.000000E-1	1.000000E+1	5.000000E-1	1.000000E+1	1.000000E+0	4.000000E+0
7.445426E-2	2.957900E+2	4.600000E+2	4.598000E-1	2.798790E-1	1.642853E+3	1.684435E+3	2.971620E-1	5.005500E-1	9.910000E+37	2.798790E-1	3.540816E+41	3.334881E+41	2.971620E-1	9.910000E+37	2.000000E-2	0.000000E+0	5.000000E-1	1.000000E+1	5.000000E-1	1.000000E+1	1.000000E+0	5.000000E+0
9.087187E-2	2.957900E+2	4.500000E+2	4.507900E-1	2.679110E-1	1.682611E+3	1.678627E+3	2.980650E-1	5.003400E-1	9.910000E+37	2.679110E-1	3.698990E+41	3.324778E+41	2.980650E-1	9.910000E+37	2.000000E-2	0.000000E+0	5.000000E-1	1.000000E+1	5.000000E-1	1.000000E+1	1.000000E+0	6.000000E+0
1.072895E-1	2.957900E+2	4.400000E+2	4.412700E-1	2.629750E-1	1.677992E+3	1.664772E+3	3.000290E-1	4.994800E-1	9.910000E+37	2.629750E-1	3.768419E+41	3.303014E+41	3.000290E-1	9.910000E+37	2.000000E-2	0.000000E+0	5.000000E-1	1.000000E+1	5.000000E-1	1.000000E+1	1.000000E+0	7.000000E+0
1.237071E-1	2.957900E+2	4.300000E+2	4.300500E-1	2.570990E-1	1.672702E+3	1.657808E+3	3.011990E-1	4.993300E-1	9.910000E+37	2.570990E-1	3.854546E+41	3.290184E+41	3.011990E-1	9.910000E+37	2.000000E-2	0.000000E+0	5.000000E-1	1.000000E+1	5.000000E-1	1.000000E+1	1.000000E+0	8.000000E+0
1.401414E-1	2.957900E+2	4.200000E+2	4.187300E-1	2.561990E-1	1.634394E+3	1.684068E+3	2.974880E-1	5.009900E-1	9.910000E+37	2.561990E-1	3.868087E+41	3.331227E+41	2.974880E-1	9.910000E+37	2.000000E-2	0.000000E+0	5.000000E-1	1.000000E+1	5.000000E-1	1.000000E+1	1.000000E+0	9.000000E+0
1.565256E-1	2.957900E+2	4.100000E+2	4.105700E-1	2.422740E-1	1.694652E+3	1.656247E+3	3.023160E-1	5.007100E-1	9.910000E+37	2.422740E-1	4.090410E+41	3.278027E+41	3.023160E-1	9.910000E+37	2.000000E-2	0.000000E+0	5.000000E-1	1.000000E+1	5.000000E-1	1.000000E+1	1.000000E+0	1.000000E+1
1.729099E-1	2.957900E+2	4.000000E+2	4.004200E-1	2.448880E-1	1.635115E+3	1.681903E+3	2.978530E-1	5.009600E-1	9.910000E+37	2.448880E-1	4.046748E+41	3.327145E+41	2.978530E-1	9.910000E+37	2.000000E-2	0.000000E+0	5.000000E-1	1.000000E+1	5.000000E-1	1.000000E+1	1.000000E+0	1.100000E+1
1.892942E-1	2.957900E+2	3.900000E+2	3.919700E-1	2.281180E-1	1.718277E+3	1.665661E+3	2.999110E-1	4.995500E-1	9.910000E+37	2.281180E-1	4.344243E+41	3.304314E+41	2.999110E-1	9.910000E+37	2.000000E-2	0.000000E+0	5.000000E-1	1.000000E+1	5.000000E-1	1.000000E+1	1.000000E+0	1.200000E+1
2.056951E-1	2.957900E+2	3.800000E+2	3.801700E-1	2.258090E-1	1.683591E+3	1.631429E+3	3.054930E-1	4.983900E-1	9.910000E+37	2.258090E-1	4.388665E+41	3.243937E+41	3.054930E-1	9.910000E+37	2.000000E-2	0.000000E+0	5.000000E-1	1.000000E+1	5.000000E-1	1.000000E+1	1.000000E+0	1.300000E+1
2.219627E-1	2.957900E+2	3.700000E+2	3.704500E-1	2.192520E-1	1.689608E+3	1.656683E+3	3.019950E-1	5.003100E-1	9.910000E+37	2.192520E-1	4.519913E+41	3.281511E+41	3.019950E-1	9.910000E+37	2.000000E-2	0.000000E+0	5.000000E-1	1.000000E+1	5.000000E-1	1.000000E+1	1.000000E+0	1.400000E+1
2.385970E-1	2.957900E+2	3.600000E+2	3.602300E-1	2.088170E-1	1.725099E+3	1.641513E+3	3.040610E-1	4.991200E-1	9.910000E+37	2.088170E-1	4.745782E+41	3.259214E+41	3.040610E-1	9.910000E+37	2.000000E-2	0.000000E+0	5.000000E-1	1.000000E+1	5.000000E-1	1.000000E+1	1.000000E+0	1.500000E+1
2.550146E-1	2.957900E+2	3.500000E+2	3.487000E-1	2.074470E-1	1.680911E+3	1.673520E+3	2.996080E-1	5.014000E-1	9.910000E+37	2.074470E-1	4.777124E+41	3.307655E+41	2.996080E-1	9.910000E+37	2.000000E-2	0.000000E+0	5.000000E-1	1.000000E+1	5.000000E-1	1.000000E+1	1.000000E+0	1.600000E+1
2.714322E-1	2.957900E+2	3.400000E+2	3.423200E-1	1.977670E-1	1.730926E+3	1.653552E+3	3.025790E-1	5.003300E-1	9.910000E+37	1.977670E-1	5.010947E+41	3.275178E+41	3.025790E-1	9.910000E+37	2.000000E-2	0.000000E+0	5.000000E-1	1.000000E+1	5.000000E-1	1.000000E+1	1.000000E+0	1.700000E+1
2.878165E-1	2.957900E+2	3.300000E+2	3.283600E-1	1.987600E-1	1.652043E+3	1.633153E+3	3.049500E-1	4.980300E-1	9.910000E+37	1.987600E-1	4.985913E+41	3.249713E+41	3.049500E-1	9.910000E+37	2.000000E-2	0.000000E+0	5.000000E-1	1.000000E+1	5.000000E-1	1.000000E+1	1.000000E+0	1.800000E+1
3.042674E-1	2.957900E+2	3.200000E+2	3.184900E-1	1.866910E-1	1.705974E+3	1.639981E+3	3.037230E-1	4.981000E-1	9.910000E+37	1.866910E-1	5.308237E+41	3.262841E+41	3.037230E-1	9.910000E+37	2.000000E-2	0.000000E+0	5.000000E-1	1.000000E+1	5.000000E-1	1.000000E+1	1.000000E+0	1.900000E+1
3.207183E-1	2.957900E+2	3.100000E+2	3.119300E-1	1.827990E-1	1.706410E+3	1.680275E+3	2.991950E-1	5.027300E-1	9.910000E+37	1.827990E-1	5.421255E+41	3.312221E+41	2.991950E-1	9.910000E+37	2.000000E-2	0.000000E+0	5.000000E-1	1.000000E+1	5.000000E-1	1.000000E+1	1.000000E+0	2.000000E+1
3.371026E-1	2.957900E+2	3.000000E+2	3.025700E-1	1.732590E-1	1.746345E+3	1.654966E+3	3.019760E-1	4.997600E-1	9.910000E+37	1.732590E-1	5.719761E+41	3.281718E+41	3.019760E-1	9.910000E+37	2.000000E-2	0.000000E+0	5.000000E-1	1.000000E+1	5.000000E-1	1.000000E+1	1.000000E+0	2.100000E+1
3.535536E-1	2.957900E+2	2.900000E+2	2.879800E-1	1.739210E-1	1.655809E+3	1.665875E+3	3.011690E-1	5.017100E-1	9.910000E+37	1.739210E-1	5.697989E+41	3.290511E+41	3.011690E-1	9.910000E+37	2.000000E-2	0.000000E+0	5.000000E-1	1.000000E+1	5.000000E-1	1.000000E+1	1.000000E+0	2.200000E+1
3.699878E-1	2.957900E+2	2.800000E+2	2.813100E-1	1.622450E-1	1.733859E+3	1.656792E+3	3.017880E-1	5.000000E-1	9.910000E+37	1.622450E-1	6.108046E+41	3.283762E+41	3.017880E-1	9.910000E+37	2.000000E-2	0.000000E+0	5.000000E-1	1.000000E+1	5.000000E-1	1.000000E+1	1.000000E+0	2.300000E+1
3.864554E-1	2.957900E+2	2.700000E+2	2.681700E-1	1.596300E-1	1.679947E+3	1.648116E+3	3.027760E-1	4.990100E-1	9.910000E+37	1.596300E-1	6.208106E+41	3.273047E+41	3.027760E-1	9.910000E+37	2.000000E-2	0.000000E+0	5.000000E-1	1.000000E+1	5.000000E-1	1.000000E+1	1.000000E+0	2.400000E+1
4.029064E-1	2.957900E+2	2.600000E+2	2.618900E-1	1.495580E-1	1.751093E+3	1.658193E+3	3.017320E-1	5.003300E-1	9.910000E+37	1.495580E-1	6.626192E+41	3.284372E+41	3.017320E-1	9.910000E+37	2.000000E-2	0.000000E+0	5.000000E-1	1.000000E+1	5.000000E-1	1.000000E+1	1.000000E+0	2.500000E+1
4.193406E-1	2.957900E+2	2.500000E+2	2.522800E-1	1.444290E-1	1.746741E+3	1.629025E+3	3.060420E-1	4.985500E-1	9.910000E+37	1.444290E-1	6.861503E+41	3.238118E+41	3.060420E-1	9.910000E+37	2.000000E-2	0.000000E+0	5.000000E-1	1.000000E+1	5.000000E-1	1.000000E+1	1.000000E+0	2.600000E+1
4.357583E-1	2.957900E+2	2.400000E+2	2.383700E-1	1.441060E-1	1.654130E+3	1.650759E+3	3.032000E-1	5.005100E-1	9.910000E+37	1.441060E-1	6.876882E+41	3.268470E+41	3.032000E-1	9.910000E+37	2.000000E-2	0.000000E+0	5.000000E-1	1.000000E+1	5.000000E-1	1.000000E+1	1.000000E+0	2.700000E+1
4.521925E-1	2.957900E+2	2.300000E+2	2.303200E-1	1.288050E-1	1.788129E+3	1.648830E+3	3.023660E-1	4.985500E-1	9.910000E+37	1.288050E-1	7.693801E+41	3.277485E+41	3.023660E-1	9.910000E+37	2.000000E-2	0.000000E+0	5.000000E-1	1.000000E+1	5.000000E-1	1.000000E+1	1.000000E+0	2.800000E+1
4.685935E-1	2.957900E+2	2.200000E+2	2.205100E-1	1.282050E-1	1.719980E+3	1.656924E+3	3.014200E-1	4.994300E-1	9.910000E+37	1.282050E-1	7.729808E+41	3.287771E+41	3.014200E-1	9.910000E+37	2.000000E-2	0.000000E+0	5.000000E-1	1.000000E+1	5.000000E-1	1.000000E+1	1.000000E+0	2.900000E+1
4.849944E-1	2.957900E+2	2.100000E+2	2.084400E-1	1.214730E-1	1.715937E+3	1.678929E+3	2.987500E-1	5.015800E-1	9.910000E+37	1.214730E-1	8.158192E+41	3.317155E+41	2.987500E-1	9.910000E+37	2.000000E-2	0.000000E+0	5.000000E-1	1.000000E+1	5.000000E-1	1.000000E+1	1.000000E+0	3.000000E+1
5.014120E-1	2.957900E+2	2.000000E+2	2.014000E-1	1.108670E-1	1.816591E+3	1.653259E+3	3.018160E-1	4.989800E-1	9.910000E+37	1.108670E-1	8.938638E+41	3.283457E+41	3.018160E-1	9.910000E+37	2.000000E-2	0.000000E+0	5.000000E-1	1.000000E+1	5.000000E-1	1.000000E+1	1.000000E+0	3.100000E+1
5.177963E-1	2.957900E+2	2.000000E+2	2.022900E-1	1.123860E-1	1.799957E+3	1.660764E+3	3.004160E-1	4.989200E-1	9.910000E+37	1.123860E-1	8.817824E+41	3.298759E+41	3.004160E-1	9.910000E+37	2.000000E-2	0.000000E+0	5.000000E-1	1.000000E+1	5.000000E-1	1.000000E+1	1.000000E+0	3.200000E+1
5.342139E-1	2.957900E+2	2.100000E+2	2.112300E-1	1.177170E-1	1.794388E+3	1.683274E+3	2.974620E-1	5.007100E-1	9.910000E+37	1.177170E-1	8.418495E+41	3.331518E+41	2.974620E-1	9.910000E+37	2.000000E-2	0.000000E+0	5.000000E-1	1.000000E+1	5.000000E-1	1.000000E+1	1.000000E+0	3.300000E+1
5.506482E-1	2.957900E+2	2.200000E+2	2.180600E-1	1.284240E-1	1.697969E+3	1.669641E+3	3.003280E-1	5.014400E-1	9.910000E+37	1.284240E-1	7.716626E+41	3.299726E+41	3.003280E-1	9.910000E+37	2.000000E-2	0.000000E+0	5.000000E-1	1.000000E+1	5.000000E-1	1.000000E+1	1.000000E+0	3.400000E+1
5.670491E-1	2.957900E+2	2.300000E+2	2.311400E-1	1.292280E-1	1.788622E+3	1.654487E+3	3.024260E-1	5.003600E-1	9.910000E+37	1.292280E-1	7.668617E+41	3.276835E+41	3.024260E-1	9.910000E+37	2.000000E-2	0.000000E+0	5.000000E-1	1.000000E+1	5.000000E-1	1.000000E+1	1.000000E+0	3.500000E+1
5.834834E-1	2.957900E+2	2.400000E+2	2.400300E-1	1.426440E-1	1.682721E+3	1.679688E+3	2.984900E-1	5.013700E-1	9.910000E+37	1.426440E-1	6.947365E+41	3.320044E+41	2.984900E-1	9.910000E+37	2.000000E-2	0.000000E+0	5.000000E-1	1.000000E+1	5.000000E-1	1.000000E+1	1.000000E+0	3.600000E+1
5.999177E-1	2.957900E+2	2.500000E+2	2.519300E-1	1.441890E-1	1.747221E+3	1.628777E+3	3.059290E-1	4.982900E-1	9.910000E+37	1.441890E-1	6.872924E+41	3.239314E+41	3.059290E-1	9.910000E+37	2.000000E-2	0.000000E+0	5.000000E-1	1.000000E+1	5.000000E-1	1.000000E+1	1.000000E+0	3.700000E+1
6.163519E-1	2.957900E+2	2.600000E+2	2.603700E-1	1.473060E-1	1.767545E+3	1.651508E+3	3.022390E-1	4.991500E-1	9.910000E+37	1.473060E-1	6.727492E+41	3.278862E+41	3.022390E-1	9.910000E+37	2.000000E-2	0.000000E+0	5.000000E-1	1.000000E+1	5.000000E-1	1.000000E+1	1.000000E+0	3.800000E+1
6.327695E-1	2.957900E+2	2.700000E+2	2.700700E-1	1.579580E-1	1.709758E+3	1.678378E+3	2.991520E-1	5.020900E-1	9.910000E+37	1.579580E-1	6.273820E+41	3.312697E+41	2.991520E-1	9.910000E+37	2.000000E-2	0.000000E+0	5.000000E-1	1.000000E+1	5.000000E-1	1.000000E+1	1.000000E+0	3.900000E+1
6.492038E-1	2.957900E+2	2.800000E+2	2.794400E-1	1.622450E-1	1.722334E+3	1.666328E+3	3.001810E-1	5.002000E-1	9.910000E+37	1.622450E-1	6.108046E+41	3.301342E+41	3.001810E-1	9.910000E+37	2.000000E-2	0.000000E+0	5.000000E-1	1.000000E+1	5.000000E-1	1.000000E+1	1.000000E+0	4.000000E+1
6.656381E-1	2.957900E+2	2.900000E+2	2.899800E-1	1.699050E-1	1.706718E+3	1.627249E+3	3.063330E-1	4.984800E-1	9.910000E+37	1.699050E-1	5.832671E+41	3.235042E+41	3.063330E-1	9.910000E+37	2.000000E-2	0.000000E+0	5.000000E-1	1.000000E+1	5.000000E-1	1.000000E+1	1.000000E+0	4.100000E+1
6.820723E-1	2.957900E+2	3.000000E+2	3.016600E-1	1.724780E-1	1.748977E+3	1.642314E+3	3.031150E-1	4.978100E-1	9.910000E+37	1.724780E-1	5.745660E+41	3.269386E+41	3.031150E-1	9.910000E+37	2.000000E-2	0.000000E+0	5.000000E-1	1.000000E+1	5.000000E-1	1.000000E+1	1.000000E+0	4.200000E+1
6.984900E-1	2.957900E+2	3.100000E+2	3.103400E-1	1.807180E-1	1.717261E+3	1.686107E+3	2.972290E-1	5.011600E-1	9.910000E+37	1.807180E-1	5.483682E+41	3.334130E+41	2.972290E-1	9.910000E+37	2.000000E-2	0.000000E+0	5.000000E-1	1.000000E+1	5.000000E-1	1.000000E+1	1.000000E+0	4.300000E+1
7.149242E-1	2.957900E+2	3.200000E+2	3.191600E-1	1.930860E-1	1.652942E+3	1.600063E+3	3.108940E-1	4.974500E-1	9.910000E+37	1.930860E-1	5.132428E+41	3.187582E+41	3.108940E-1	9.910000E+37	2.000000E-2	0.000000E+0	5.000000E-1	1.000000E+1	5.000000E-1	1.000000E+1	1.000000E+0	4.400000E+1
7.313085E-1	2.957900E+2	3.300000E+2	3.324900E-1	1.916190E-1	1.735162E+3	1.655789E+3	3.012160E-1	4.987500E-1	9.910000E+37	1.916190E-1	5.171721E+41	3.289998E+41	3.012160E-1	9.910000E+37	2.000000E-2	0.000000E+0	5.000000E-1	1.000000E+1	5.000000E-1	1.000000E+1	1.000000E+0	4.500000E+1
7.477428E-1	2.957900E+2	3.400000E+2	3.399500E-1	2.011090E-1	1.690377E+3	1.662617E+3	3.017050E-1	5.016200E-1	9.910000E+37	2.011090E-1	4.927676E+41	3.284665E+41	3.017050E-1	9.910000E+37	2.000000E-2	0.000000E+0	5.000000E-1	1.000000E+1	5.000000E-1	1.000000E+1	1.000000E+0	4.600000E+1
7.641604E-1	2.957900E+2	3.500000E+2	3.494500E-1	2.066770E-1	1.690803E+3	1.661541E+3	3.004260E-1	4.991700E-1	9.910000E+37	2.066770E-1	4.794922E+41	3.298649E+41	3.004260E-1	9.910000E+37	2.000000E-2	0.000000E+0	5.000000E-1	1.000000E+1	5.000000E-1	1.000000E+1	1.000000E+0	4.700000E+1
7.805780E-1	2.957900E+2	3.600000E+2	3.603000E-1	2.130890E-1	1.690843E+3	1.645304E+3	3.027100E-1	4.980500E-1	9.910000E+37	2.130890E-1	4.650639E+41	3.273760E+41	3.027100E-1	9.910000E+37	2.000000E-2	0.000000E+0	5.000000E-1	1.000000E+1	5.000000E-1	1.000000E+1	1.000000E+0	4.800000E+1
7.969789E-1	2.957900E+2	3.700000E+2	3.688300E-1	2.220340E-1	1.661142E+3	1.630311E+3	3.062790E-1	4.993300E-1	9.910000E+37	2.220340E-1	4.463280E+41	3.235612E+41	3.062790E-1	9.910000E+37	2.000000E-2	0.000000E+0	5.000000E-1	1.000000E+1	5.000000E-1	1.000000E+1	1.000000E+0	4.900000E+1
8.134132E-1	2.957900E+2	3.800000E+2	3.821400E-1	2.250880E-1	1.697736E+3	1.612136E+3	3.089380E-1	4.980500E-1	9.910000E+37	2.250880E-1	4.402722E+41	3.207763E+41	3.089380E-1	9.910000E+37	2.000000E-2	0.000000E+0	5.000000E-1	1.000000E+1	5.000000E-1	1.000000E+1	1.000000E+0	5.000000E+1
8.298475E-1	2.957900E+2	3.900000E+2	3.913200E-1	2.290460E-1	1.708478E+3	1.632188E+3	3.052650E-1	4.982500E-1	9.910000E+37	2.290460E-1	4.326642E+41	3.246360E+41	3.052650E-1	9.910000E+37	2.000000E-2	0.000000E+0	5.000000E-1	1.000000E+1	5.000000E-1	1.000000E+1	1.000000E+0	5.100000E+1
8.462984E-1	2.957900E+2	4.000000E+2	3.975400E-1	2.420420E-1	1.642442E+3	1.667944E+3	3.000460E-1	5.004600E-1	9.910000E+37	2.420420E-1	4.094331E+41	3.302827E+41	3.000460E-1	9.910000E+37	2.000000E-2	0.000000E+0	5.000000E-1	1.000000E+1	5.000000E-1	1.000000E+1	1.000000E+0	5.200000E+1
8.627327E-1	2.957900E+2	4.100000E+2	4.131700E-1	2.432530E-1	1.698520E+3	1.623899E+3	3.078640E-1	4.999400E-1	9.910000E+37	2.432530E-1	4.073948E+41	3.218954E+41	3.078640E-1	9.910000E+37	2.000000E-2	0.000000E+0	5.000000E-1	1.000000E+1	5.000000E-1	1.000000E+1	1.000000E+0	5.300000E+1
8.791170E-1	2.957900E+2	4.200000E+2	4.200200E-1	2.472680E-1	1.698643E+3	1.627356E+3	3.070380E-1	4.996600E-1	9.910000E+37	2.472680E-1	4.007797E+41	3.227614E+41	3.070380E-1	9.910000E+37	2.000000E-2	0.000000E+0	5.000000E-1	1.000000E+1	5.000000E-1	1.000000E+1	1.000000E+0	5.400000E+1
8.955346E-1	2.957900E+2	4.300000E+2	4.281600E-1	2.615860E-1	1.636785E+3	1.658647E+3	3.011310E-1	4.994700E-1	9.910000E+37	2.615860E-1	3.788429E+41	3.290927E+41	3.011310E-1	9.910000E+37	2.000000E-2	0.000000E+0	5.000000E-1	1.000000E+1	5.000000E-1	1.000000E+1	1.000000E+0	5.500000E+1
9.119522E-1	2.957900E+2	4.400000E+2	4.414300E-1	2.592020E-1	1.703035E+3	1.682164E+3	2.974680E-1	5.003900E-1	9.910000E+37	2.592020E-1	3.823273E+41	3.331451E+41	2.974680E-1	9.910000E+37	2.000000E-2	0.000000E+0	5.000000E-1	1.000000E+1	5.000000E-1	1.000000E+1	1.000000E+0	5.600000E+1
9.283531E-1	2.957900E+2	4.500000E+2	4.501400E-1	2.702810E-1	1.665452E+3	1.646527E+3	3.041250E-1	5.007500E-1	9.910000E+37	2.702810E-1	3.666554E+41	3.258529E+41	3.041250E-1	9.910000E+37	2.000000E-2	0.000000E+0	5.000000E-1	1.000000E+1	5.000000E-1	1.000000E+1	1.000000E+0	5.700000E+1
9.447540E-1	2.957900E+2	4.600000E+2	4.607700E-1	2.739740E-1	1.681802E+3	1.626252E+3	3.069880E-1	4.992400E-1	9.910000E+37	2.739740E-1	3.617132E+41	3.228139E+41	3.069880E-1	9.910000E+37	2.000000E-2	0.000000E+0	5.000000E-1	1.000000E+1	5.000000E-1	1.000000E+1	1.000000E+0	5.800000E+1
9.611716E-1	2.957900E+2	4.700000E+2	4.722800E-1	2.789070E-1	1.693324E+3	1.664760E+3	3.007460E-1	5.006700E-1	9.910000E+37	2.789070E-1	3.553156E+41	3.295139E+41	3.007460E-1	9.910000E+37	2.000000E-2	0.000000E+0	5.000000E-1	1.000000E+1	5.000000E-1	1.000000E+1	1.000000E+0	5.900000E+1
9.776226E-1	2.957900E+2	4.800000E+2	4.814900E-1	2.872610E-1	1.676141E+3	1.654997E+3	3.022000E-1	5.001400E-1	9.910000E+37	2.872610E-1	3.449824E+41	3.279285E+41	3.022000E-1	9.910000E+37	2.000000E-2	0.000000E+0	5.000000E-1	1.000000E+1	5.000000E-1	1.000000E+1	1.000000E+0	6.000000E+1
9.940569E-1	2.957900E+2	4.900000E+2	4.888200E-1	3.003140E-1	1.627696E+3	1.630313E+3	3.057450E-1	4.984600E-1	9.910000E+37	3.003140E-1	3.299879E+41	3.241263E+41	3.057450E-1	9.910000E+37	2.000000E-2	0.000000E+0	5.000000E-1	1.000000E+1	5.000000E-1	1.000000E+1	1.000000E+0	6.100000E+1
1.010474E+0	2.957900E+2	5.000000E+2	5.013500E-1	2.987420E-1	1.678204E+3	1.677522E+3	2.987800E-1	5.012100E-1	9.910000E+37	2.987420E-1	3.317244E+41	3.316822E+41	2.987800E-1	9.910000E+37	2.000000E-2	0.000000E+0	5.000000E-1	1.000000E+1	5.000000E-1	1.000000E+1	1.000000E+0	6.200000E+1
1.026892E+0	2.957900E+2	5.100000E+2	5.127400E-1	3.063070E-1	1.673942E+3	1.656636E+3	3.014000E-1	4.993100E-1	9.910000E+37	3.063070E-1	3.235316E+41	3.287989E+41	3.014000E-1	9.910000E+37	2.000000E-2	0.000000E+0	5.000000E-1	1.000000E+1	5.000000E-1	1.000000E+1	1.000000E+0	6.300000E+1
1.043276E+0	2.957900E+2	5.200000E+2	5.182600E-1	3.147260E-1	1.646702E+3	1.636592E+3	3.054580E-1	4.999100E-1	9.910000E+37	3.147260E-1	3.148771E+41	3.244309E+41	3.054580E-1	9.910000E+37	2.000000E-2	0.000000E+0	5.000000E-1	1.000000E+1	5.000000E-1	1.000000E+1	1.000000E+0	6.400000E+1
1.059661E+0	2.957900E+2	5.300000E+2	5.286000E-1	3.225010E-1	1.639065E+3	1.657261E+3	3.008940E-1	4.986600E-1	9.910000E+37	3.225010E-1	3.072859E+41	3.293519E+41	3.008940E-1	9.910000E+37	2.000000E-2	0.000000E+0	5.000000E-1	1.000000E+1	5.000000E-1	1.000000E+1	1.000000E+0	6.500000E+1
1.076062E+0	2.957900E+2	5.400000E+2	5.403900E-1	3.284520E-1	1.645263E+3	1.654933E+3	3.021330E-1	5.000100E-1	9.910000E+37	3.284520E-1	3.017184E+41	3.280012E+41	3.021330E-1	9.910000E+37	2.000000E-2	0.000000E+0	5.000000E-1	1.000000E+1	5.000000E-1	1.000000E+1	1.000000E+0	6.600000E+1
1.092479E+0	2.957900E+2	5.500000E+2	5.520100E-1	3.316790E-1	1.664290E+3	1.607508E+3	3.097340E-1	4.979000E-1	9.910000E+37	3.316790E-1	2.987829E+41	3.199520E+41	3.097340E-1	9.910000E+37	2.000000E-2	0.000000E+0	5.000000E-1	1.000000E+1	5.000000E-1	1.000000E+1	1.000000E+0	6.700000E+1
1.108897E+0	2.957900E+2	5.600000E+2	5.583000E-1	3.448340E-1	1.619040E+3	1.655676E+3	3.025350E-1	5.009000E-1	9.910000E+37	3.448340E-1	2.873847E+41	3.275654E+41	3.025350E-1	9.910000E+37	2.000000E-2	0.000000E+0	5.000000E-1	1.000000E+1	5.000000E-1	1.000000E+1	1.000000E+0	6.800000E+1
1.125281E+0	2.957900E+2	5.700000E+2	5.712200E-1	3.493350E-1	1.635164E+3	1.679242E+3	2.980690E-1	5.005300E-1	9.910000E+37	3.493350E-1	2.836819E+41	3.324734E+41	2.980690E-1	9.910000E+37	2.000000E-2	0.000000E+0	5.000000E-1	1.000000E+1	5.000000E-1	1.000000E+1	1.000000E+0	6.900000E+1
1.141715E+0	2.957900E+2	5.800000E+2	5.811000E-1	3.552100E-1	1.635934E+3	1.623291E+3	3.073510E-1	4.989200E-1	9.910000E+37	3.552100E-1	2.789899E+41	3.224327E+41	3.073510E-1	9.910000E+37	2.000000E-2	0.000000E+0	5.000000E-1	1.000000E+1	5.000000E-1	1.000000E+1	1.000000E+0	7.000000E+1
1.158133E+0	2.957900E+2	5.900000E+2	5.907400E-1	3.555740E-1	1.661370E+3	1.681651E+3	2.980880E-1	5.012800E-1	9.910000E+37	3.555740E-1	2.787043E+41	3.324522E+41	2.980880E-1	9.910000E+37	2.000000E-2	0.000000E+0	5.000000E-1	1.000000E+1	5.000000E-1	1.000000E+1	1.000000E+0	7.100000E+1
1.174551E+0	2.957900E+2	6.000000E+2	5.990800E-1	3.659580E-1	1.637018E+3	1.646270E+3	3.029030E-1	4.986600E-1	9.910000E+37	3.659580E-1	2.707961E+41	3.271674E+41	3.029030E-1	9.910000E+37	2.000000E-2	0.000000E+0	5.000000E-1	1.000000E+1	5.000000E-1	1.000000E+1	1.000000E+0	7.200000E+1
1.190935E+0	2.957900E+2	6.000000E+2	5.982000E-1	3.688890E-1	1.621626E+3	1.628421E+3	3.060080E-1	4.983100E-1	9.910000E+37	3.688890E-1	2.686445E+41	3.238477E+41	3.060080E-1	9.910000E+37	2.000000E-2	0.000000E+0	5.000000E-1	1.000000E+1	5.000000E-1	1.000000E+1	1.000000E+0	7.300000E+1
1.207369E+0	2.957900E+2	5.900000E+2	5.902800E-1	3.629800E-1	1.626205E+3	1.682834E+3	2.975100E-1	5.006600E-1	9.910000E+37	3.629800E-1	2.730178E+41	3.330980E+41	2.975100E-1	9.910000E+37	2.000000E-2	0.000000E+0	5.000000E-1	1.000000E+1	5.000000E-1	1.000000E+1	1.000000E+0	7.400000E+1
1.223953E+0	2.957900E+2	5.800000E+2	5.789500E-1	3.536090E-1	1.637260E+3	1.675023E+3	2.993870E-1	5.014800E-1	9.910000E+37	3.536090E-1	2.802530E+41	3.310097E+41	2.993870E-1	9.910000E+37	2.000000E-2	0.000000E+0	5.000000E-1	1.000000E+1	5.000000E-1	1.000000E+1	1.000000E+0	7.500000E+1
1.240388E+0	2.957900E+2	5.700000E+2	5.675800E-1	3.507660E-1	1.618116E+3	1.655265E+3	3.028880E-1	5.013600E-1	9.910000E+37	3.507660E-1	2.825245E+41	3.271836E+41	3.028880E-1	9.910000E+37	2.000000E-2	0.000000E+0	5.000000E-1	1.000000E+1	5.000000E-1	1.000000E+1	1.000000E+0	7.600000E+1
1.256805E+0	2.957900E+2	5.600000E+2	5.595800E-1	3.407840E-1	1.642037E+3	1.632558E+3	3.055880E-1	4.988900E-1	9.910000E+37	3.407840E-1	2.908000E+41	3.242928E+41	3.055880E-1	9.910000E+37	2.000000E-2	0.000000E+0	5.000000E-1	1.000000E+1	5.000000E-1	1.000000E+1	1.000000E+0	7.700000E+1
1.273256E+0	2.957900E+2	5.500000E+2	5.514000E-1	3.303930E-1	1.668922E+3	1.655175E+3	3.020950E-1	5.000200E-1	9.910000E+37	3.303930E-1	2.999458E+41	3.280425E+41	3.020950E-1	9.910000E+37	2.000000E-2	0.000000E+0	5.000000E-1	1.000000E+1	5.000000E-1	1.000000E+1	1.000000E+0	7.800000E+1
1.289657E+0	2.957900E+2	5.400000E+2	5.423000E-1	3.261670E-1	1.662645E+3	1.674979E+3	2.997470E-1	5.020700E-1	9.910000E+37	3.261670E-1	3.038321E+41	3.306121E+41	2.997470E-1	9.910000E+37	2.000000E-2	0.000000E+0	5.000000E-1	1.000000E+1	5.000000E-1	1.000000E+1	1.000000E+0	7.900000E+1
1.306091E+0	2.957900E+2	5.300000E+2	5.281700E-1	3.246720E-1	1.626780E+3	1.681907E+3	2.983280E-1	5.017600E-1	9.910000E+37	3.246720E-1	3.052311E+41	3.321847E+41	2.983280E-1	9.910000E+37	2.000000E-2	0.000000E+0	5.000000E-1	1.000000E+1	5.000000E-1	1.000000E+1	1.000000E+0	8.000000E+1
1.322509E+0	2.957900E+2	5.200000E+2	5.194100E-1	3.144620E-1	1.651742E+3	1.624666E+3	3.070970E-1	4.989300E-1	9.910000E+37	3.144620E-1	3.151414E+41	3.226993E+41	3.070970E-1	9.910000E+37	2.000000E-2	0.000000E+0	5.000000E-1	1.000000E+1	5.000000E-1	1.000000E+1	1.000000E+0	8.100000E+1
1.338927E+0	2.957900E+2	5.100000E+2	5.097800E-1	3.119250E-1	1.634303E+3	1.625949E+3	3.062520E-1	4.979500E-1	9.910000E+37	3.119250E-1	3.177046E+41	3.235897E+41	3.062520E-1	9.910000E+37	2.000000E-2	0.000000E+0	5.000000E-1	1.000000E+1	5.000000E-1	1.000000E+1	1.000000E+0	8.200000E+1
1.355344E+0	2.957900E+2	5.000000E+2	5.013200E-1	3.022880E-1	1.658418E+3	1.629332E+3	3.060580E-1	4.986700E-1	9.910000E+37	3.022880E-1	3.278331E+41	3.237948E+41	3.060580E-1	9.910000E+37	2.000000E-2	0.000000E+0	5.000000E-1	1.000000E+1	5.000000E-1	1.000000E+1	1.000000E+0	8.300000E+1
1.371778E+0	2.957900E+2	4.900000E+2	4.893800E-1	2.955160E-1	1.656019E+3	1.652746E+3	3.031500E-1	5.010300E-1	9.910000E+37	2.955160E-1	3.353456E+41	3.269009E+41	3.031500E-1	9.910000E+37	2.000000E-2	0.000000E+0	5.000000E-1	1.000000E+1	5.000000E-1	1.000000E+1	1.000000E+0	8.400000E+1
