Tiempo (min)	T (K) 	I pulso(mA)	Vinst 1 (V)	Iinst 1 (mA)	Rinst 1(Ohm)	Rrem 1 (Ohm)	Ibias 1 (mA)	Vbias 1 (V)	Vinst 2 (V)	Iinst 2 (mA)	Rinst 2(Ohm)	Rrem 2 (Ohm)	Ibias 2 (mA)	Vbias 2 (V)	Ancho pulso (s)	Periodo (s)	Icc 1 (mA)	Vcc 1 (V)	Icc 2 (mA)	Vcc 2 (V)	2W 1?	N
1.050060E-2	3.003400E+2	-1.500000E+3	-1.480643E+0	-5.002510E+1	2.959800E+1	3.089673E+1	1.301400E+0	4.020900E-2	-9.270400E-2	-5.002510E+1	1.853150E+0	2.013985E+0	1.301400E+0	2.621000E-3	1.000000E-2	0.000000E+0	5.000000E+1	2.000000E+0	5.000000E+1	2.000000E+0	1.000000E+0	1.000000E+0
3.506868E-2	3.003400E+2	-1.450000E+3	-1.449495E+0	-4.927360E+1	2.941727E+1	3.083333E+1	1.298400E+0	4.003400E-2	-9.134300E-2	-4.927360E+1	1.853792E+0	1.878466E+0	1.298400E+0	2.439000E-3	1.000000E-2	0.000000E+0	5.000000E+1	2.000000E+0	5.000000E+1	2.000000E+0	1.000000E+0	2.000000E+0
5.648656E-2	3.003400E+2	-1.400000E+3	-1.399890E+0	-4.760750E+1	2.940482E+1	3.064889E+1	1.316100E+0	4.033700E-2	-8.870400E-2	-4.760750E+1	1.863236E+0	1.886635E+0	1.316100E+0	2.483000E-3	1.000000E-2	0.000000E+0	5.000000E+1	2.000000E+0	5.000000E+1	2.000000E+0	1.000000E+0	3.000000E+0
7.820448E-2	3.003400E+2	-1.350000E+3	-1.350039E+0	-4.590650E+1	2.940845E+1	3.077913E+1	1.305300E+0	4.017600E-2	-8.508100E-2	-4.590650E+1	1.853354E+0	2.333563E+0	1.305300E+0	3.046000E-3	1.000000E-2	0.000000E+0	5.000000E+1	2.000000E+0	5.000000E+1	2.000000E+0	1.000000E+0	4.000000E+0
9.995572E-2	3.003400E+2	-1.300000E+3	-1.299939E+0	-4.417180E+1	2.942916E+1	3.052276E+1	1.302700E+0	3.976200E-2	-8.214400E-2	-4.417180E+1	1.859648E+0	2.262992E+0	1.302700E+0	2.948000E-3	1.000000E-2	0.000000E+0	5.000000E+1	2.000000E+0	5.000000E+1	2.000000E+0	1.000000E+0	5.000000E+0
1.215403E-1	3.003400E+2	-1.250000E+3	-1.250211E+0	-4.245090E+1	2.945075E+1	3.052208E+1	1.317800E+0	4.022200E-2	-7.880900E-2	-4.245090E+1	1.856474E+0	1.651237E+0	1.317800E+0	2.176000E-3	1.000000E-2	0.000000E+0	5.000000E+1	2.000000E+0	5.000000E+1	2.000000E+0	1.000000E+0	6.000000E+0
1.437082E-1	3.003400E+2	-1.200000E+3	-1.200319E+0	-4.070580E+1	2.948767E+1	3.040528E+1	1.310200E+0	3.983700E-2	-7.555100E-2	-4.070580E+1	1.856025E+0	1.828728E+0	1.310200E+0	2.396000E-3	1.000000E-2	0.000000E+0	5.000000E+1	2.000000E+0	5.000000E+1	2.000000E+0	1.000000E+0	7.000000E+0
1.661928E-1	3.003400E+2	-1.150000E+3	-1.149865E+0	-3.895450E+1	2.951816E+1	3.050178E+1	1.317300E+0	4.018000E-2	-7.226300E-2	-3.895450E+1	1.855062E+0	1.839368E+0	1.317300E+0	2.423000E-3	1.000000E-2	0.000000E+0	5.000000E+1	2.000000E+0	5.000000E+1	2.000000E+0	1.000000E+0	8.000000E+0
1.882608E-1	3.003400E+2	-1.100000E+3	-1.099801E+0	-3.722020E+1	2.954850E+1	3.049487E+1	1.315500E+0	4.011600E-2	-6.917300E-2	-3.722020E+1	1.858480E+0	1.867731E+0	1.315500E+0	2.457000E-3	1.000000E-2	0.000000E+0	5.000000E+1	2.000000E+0	5.000000E+1	2.000000E+0	1.000000E+0	9.000000E+0
2.098620E-1	3.003400E+2	-1.050000E+3	-1.049919E+0	-3.548590E+1	2.958693E+1	3.052764E+1	1.315300E+0	4.015300E-2	-6.551600E-2	-3.548590E+1	1.846254E+0	1.617122E+0	1.315300E+0	2.127000E-3	1.000000E-2	0.000000E+0	5.000000E+1	2.000000E+0	5.000000E+1	2.000000E+0	1.000000E+0	1.000000E+1
2.322466E-1	3.003400E+2	-1.000000E+3	-1.000125E+0	-3.377150E+1	2.961447E+1	3.044320E+1	1.306400E+0	3.977100E-2	-6.236200E-2	-3.377150E+1	1.846587E+0	1.929731E+0	1.306400E+0	2.521000E-3	1.000000E-2	0.000000E+0	5.000000E+1	2.000000E+0	5.000000E+1	2.000000E+0	1.000000E+0	1.100000E+1
2.536478E-1	3.003400E+2	-9.500000E+2	-9.503890E-1	-3.204310E+1	2.965971E+1	3.055007E+1	1.307100E+0	3.993200E-2	-5.959000E-2	-3.204310E+1	1.859683E+0	1.828475E+0	1.307100E+0	2.390000E-3	1.000000E-2	0.000000E+0	5.000000E+1	2.000000E+0	5.000000E+1	2.000000E+0	1.000000E+0	1.200000E+1
2.755658E-1	3.003400E+2	-9.000000E+2	-8.998290E-1	-3.030700E+1	2.969047E+1	3.033477E+1	1.341200E+0	4.068500E-2	-5.625500E-2	-3.030700E+1	1.856172E+0	1.897554E+0	1.341200E+0	2.545000E-3	1.000000E-2	0.000000E+0	5.000000E+1	2.000000E+0	5.000000E+1	2.000000E+0	1.000000E+0	1.300000E+1
2.976670E-1	3.003400E+2	-8.500000E+2	-8.499380E-1	-2.859560E+1	2.972268E+1	3.051264E+1	1.301100E+0	3.970000E-2	-5.288500E-2	-2.859560E+1	1.849410E+0	2.027515E+0	1.301100E+0	2.638000E-3	1.000000E-2	0.000000E+0	5.000000E+1	2.000000E+0	5.000000E+1	2.000000E+0	1.000000E+0	1.400000E+1
3.202017E-1	3.003400E+2	-8.000000E+2	-8.002790E-1	-2.689810E+1	2.975225E+1	3.033813E+1	1.307200E+0	3.965800E-2	-4.987700E-2	-2.689810E+1	1.854295E+0	1.922430E+0	1.307200E+0	2.513000E-3	1.000000E-2	0.000000E+0	5.000000E+1	2.000000E+0	5.000000E+1	2.000000E+0	1.000000E+0	1.500000E+1
3.416029E-1	3.003400E+2	-7.500000E+2	-7.502100E-1	-2.517870E+1	2.979542E+1	3.043850E+1	1.322700E+0	4.026100E-2	-4.688900E-2	-2.517870E+1	1.862249E+0	1.493914E+0	1.322700E+0	1.976000E-3	1.000000E-2	0.000000E+0	5.000000E+1	2.000000E+0	5.000000E+1	2.000000E+0	1.000000E+0	1.600000E+1
3.633208E-1	3.003400E+2	-7.000000E+2	-7.000050E-1	-2.346960E+1	2.982603E+1	3.035002E+1	1.308500E+0	3.971300E-2	-4.396700E-2	-2.346960E+1	1.873360E+0	1.708063E+0	1.308500E+0	2.235000E-3	1.000000E-2	0.000000E+0	5.000000E+1	2.000000E+0	5.000000E+1	2.000000E+0	1.000000E+0	1.700000E+1
3.851887E-1	3.003400E+2	-6.500000E+2	-6.496200E-1	-2.176490E+1	2.984714E+1	3.046906E+1	1.315400E+0	4.007900E-2	-4.004700E-2	-2.176490E+1	1.839981E+0	2.162080E+0	1.315400E+0	2.844000E-3	1.000000E-2	0.000000E+0	5.000000E+1	2.000000E+0	5.000000E+1	2.000000E+0	1.000000E+0	1.800000E+1
4.078067E-1	3.003400E+2	-6.000000E+2	-5.995650E-1	-2.005980E+1	2.988888E+1	3.037750E+1	1.308600E+0	3.975200E-2	-3.734600E-2	-2.005980E+1	1.861733E+0	2.056396E+0	1.308600E+0	2.691000E-3	1.000000E-2	0.000000E+0	5.000000E+1	2.000000E+0	5.000000E+1	2.000000E+0	1.000000E+0	1.900000E+1
4.293579E-1	3.003400E+2	-5.500000E+2	-5.501550E-1	-1.838750E+1	2.992005E+1	3.043182E+1	1.320000E+0	4.017000E-2	-3.439600E-2	-1.838750E+1	1.870619E+0	1.599242E+0	1.320000E+0	2.111000E-3	1.000000E-2	0.000000E+0	5.000000E+1	2.000000E+0	5.000000E+1	2.000000E+0	1.000000E+0	2.000000E+1
4.511425E-1	3.003400E+2	-5.000000E+2	-5.001330E-1	-1.671090E+1	2.992855E+1	3.050166E+1	1.291700E+0	3.939900E-2	-3.053700E-2	-1.671090E+1	1.827370E+0	1.829372E+0	1.291700E+0	2.363000E-3	1.000000E-2	0.000000E+0	5.000000E+1	2.000000E+0	5.000000E+1	2.000000E+0	1.000000E+0	2.100000E+1
4.730104E-1	3.003400E+2	-4.500000E+2	-4.503200E-1	-1.502480E+1	2.997178E+1	3.050274E+1	1.296900E+0	3.955900E-2	-2.798300E-2	-1.502480E+1	1.862454E+0	1.872157E+0	1.296900E+0	2.428000E-3	1.000000E-2	0.000000E+0	5.000000E+1	2.000000E+0	5.000000E+1	2.000000E+0	1.000000E+0	2.200000E+1
4.956450E-1	3.003400E+2	-4.000000E+2	-4.001990E-1	-1.334660E+1	2.998509E+1	3.052348E+1	1.300900E+0	3.970800E-2	-2.508600E-2	-1.334660E+1	1.879580E+0	1.892536E+0	1.300900E+0	2.462000E-3	1.000000E-2	0.000000E+0	5.000000E+1	2.000000E+0	5.000000E+1	2.000000E+0	1.000000E+0	2.300000E+1
5.172463E-1	3.003400E+2	-3.500000E+2	-3.498030E-1	-1.165700E+1	3.000798E+1	3.035410E+1	1.324500E+0	4.020400E-2	-2.189200E-2	-1.165700E+1	1.878013E+0	1.674594E+0	1.324500E+0	2.218000E-3	1.000000E-2	0.000000E+0	5.000000E+1	2.000000E+0	5.000000E+1	2.000000E+0	1.000000E+0	2.400000E+1
5.391308E-1	3.003400E+2	-3.000000E+2	-2.997040E-1	-9.986700E+0	3.001031E+1	3.054179E+1	1.295700E+0	3.957300E-2	-1.833900E-2	-9.986700E+0	1.836342E+0	1.734970E+0	1.295700E+0	2.248000E-3	1.000000E-2	0.000000E+0	5.000000E+1	2.000000E+0	5.000000E+1	2.000000E+0	1.000000E+0	2.500000E+1
5.608821E-1	3.003400E+2	-2.500000E+2	-2.498580E-1	-8.334300E+0	2.997948E+1	3.043283E+1	1.314600E+0	4.000700E-2	-1.532200E-2	-8.334300E+0	1.838427E+0	1.975506E+0	1.314600E+0	2.597000E-3	1.000000E-2	0.000000E+0	5.000000E+1	2.000000E+0	5.000000E+1	2.000000E+0	1.000000E+0	2.600000E+1
5.826333E-1	3.003400E+2	-2.000000E+2	-1.996970E-1	-6.653500E+0	3.001383E+1	3.047698E+1	1.320800E+0	4.025400E-2	-1.257200E-2	-6.653500E+0	1.889532E+0	1.758025E+0	1.320800E+0	2.322000E-3	1.000000E-2	0.000000E+0	5.000000E+1	2.000000E+0	5.000000E+1	2.000000E+0	1.000000E+0	2.700000E+1
6.043512E-1	3.003400E+2	-1.500000E+2	-1.499640E-1	-4.996400E+0	3.001441E+1	3.042552E+1	1.327800E+0	4.039900E-2	-8.998000E-3	-4.996400E+0	1.800897E+0	1.790932E+0	1.327800E+0	2.378000E-3	1.000000E-2	0.000000E+0	5.000000E+1	2.000000E+0	5.000000E+1	2.000000E+0	1.000000E+0	2.800000E+1
6.258191E-1	3.003400E+2	-1.009804E+2	-1.002590E-1	-3.343500E+0	2.998624E+1	3.046527E+1	1.321800E+0	4.026900E-2	-6.272000E-3	-3.343500E+0	1.875879E+0	1.858829E+0	1.321800E+0	2.457000E-3	1.000000E-2	0.000000E+0	5.000000E+1	2.000000E+0	5.000000E+1	2.000000E+0	1.000000E+0	2.900000E+1
6.476537E-1	3.003400E+2	-5.198019E+1	-5.172900E-2	-1.731900E+0	2.986835E+1	3.031960E+1	1.329800E+0	4.031900E-2	-3.057000E-3	-1.731900E+0	1.765113E+0	1.603249E+0	1.329800E+0	2.132000E-3	1.000000E-2	0.000000E+0	5.000000E+1	2.000000E+0	5.000000E+1	2.000000E+0	1.000000E+0	3.000000E+1
6.697716E-1	3.003400E+2	-2.979997E+0	-3.330000E-3	-1.219000E-1	2.731747E+1	3.033647E+1	1.328500E+0	4.030200E-2	-7.000000E-5	-1.219000E-1	5.742412E-1	2.075273E+0	1.328500E+0	2.757000E-3	1.000000E-2	0.000000E+0	5.000000E+1	2.000000E+0	5.000000E+1	2.000000E+0	1.000000E+0	3.100000E+1
6.915396E-1	3.003400E+2	4.900020E+1	4.913100E-2	1.619100E+0	3.034464E+1	3.050968E+1	1.306700E+0	3.986700E-2	3.477000E-3	1.619100E+0	2.147489E+0	1.949185E+0	1.306700E+0	2.547000E-3	1.000000E-2	0.000000E+0	5.000000E+1	2.000000E+0	5.000000E+1	2.000000E+0	1.000000E+0	3.200000E+1
7.140408E-1	3.003400E+2	9.800039E+1	9.860200E-2	3.266100E+0	3.018952E+1	3.026919E+1	1.322500E+0	4.003100E-2	6.321000E-3	3.266100E+0	1.935336E+0	1.696030E+0	1.322500E+0	2.243000E-3	1.000000E-2	0.000000E+0	5.000000E+1	2.000000E+0	5.000000E+1	2.000000E+0	1.000000E+0	3.300000E+1
7.357088E-1	3.003400E+2	1.470006E+2	1.471870E-1	4.880800E+0	3.015633E+1	3.040104E+1	1.311600E+0	3.987400E-2	9.125000E-3	4.880800E+0	1.869571E+0	2.031107E+0	1.311600E+0	2.664000E-3	1.000000E-2	0.000000E+0	5.000000E+1	2.000000E+0	5.000000E+1	2.000000E+0	1.000000E+0	3.400000E+1
7.577433E-1	3.003400E+2	1.969808E+2	1.970040E-1	6.537200E+0	3.013584E+1	3.033825E+1	1.348100E+0	4.089900E-2	1.281900E-2	6.537200E+0	1.960931E+0	2.109636E+0	1.348100E+0	2.844000E-3	1.000000E-2	0.000000E+0	5.000000E+1	2.000000E+0	5.000000E+1	2.000000E+0	1.000000E+0	3.500000E+1
7.794446E-1	3.003400E+2	2.469808E+2	2.468210E-1	8.198500E+0	3.010563E+1	3.045413E+1	1.305800E+0	3.976700E-2	1.512100E-2	8.198500E+0	1.844362E+0	1.849441E+0	1.305800E+0	2.415000E-3	1.000000E-2	0.000000E+0	5.000000E+1	2.000000E+0	5.000000E+1	2.000000E+0	1.000000E+0	3.600000E+1
8.019459E-1	3.003400E+2	2.969808E+2	2.963500E-1	9.840000E+0	3.011687E+1	3.048343E+1	1.309400E+0	3.991500E-2	1.891700E-2	9.840000E+0	1.922459E+0	1.844356E+0	1.309400E+0	2.415000E-3	1.000000E-2	0.000000E+0	5.000000E+1	2.000000E+0	5.000000E+1	2.000000E+0	1.000000E+0	3.700000E+1
8.236638E-1	3.003400E+2	3.469808E+2	3.465760E-1	1.151740E+1	3.009151E+1	3.046985E+1	1.321700E+0	4.027200E-2	2.151400E-2	1.151740E+1	1.867956E+0	1.815843E+0	1.321700E+0	2.400000E-3	1.000000E-2	0.000000E+0	5.000000E+1	2.000000E+0	5.000000E+1	2.000000E+0	1.000000E+0	3.800000E+1
8.456817E-1	3.003400E+2	3.969808E+2	3.969140E-1	1.320000E+1	3.006924E+1	3.054391E+1	1.331100E+0	4.065700E-2	2.480300E-2	1.320000E+1	1.879015E+0	1.923221E+0	1.331100E+0	2.560000E-3	1.000000E-2	0.000000E+0	5.000000E+1	2.000000E+0	5.000000E+1	2.000000E+0	1.000000E+0	3.900000E+1
8.673329E-1	3.003400E+2	4.469808E+2	4.468420E-1	1.488370E+1	3.002224E+1	3.049539E+1	1.312100E+0	4.001300E-2	2.802500E-2	1.488370E+1	1.882932E+0	1.820745E+0	1.312100E+0	2.389000E-3	1.000000E-2	0.000000E+0	5.000000E+1	2.000000E+0	5.000000E+1	2.000000E+0	1.000000E+0	4.000000E+1
8.899176E-1	3.003400E+2	4.969808E+2	4.968770E-1	1.656290E+1	2.999940E+1	3.039933E+1	1.314700E+0	3.996600E-2	3.093500E-2	1.656290E+1	1.867728E+0	1.864304E+0	1.314700E+0	2.451000E-3	1.000000E-2	0.000000E+0	5.000000E+1	2.000000E+0	5.000000E+1	2.000000E+0	1.000000E+0	4.100000E+1
9.115355E-1	3.003400E+2	5.469808E+2	5.473370E-1	1.826650E+1	2.996398E+1	3.035947E+1	1.321400E+0	4.011700E-2	3.387600E-2	1.826650E+1	1.854542E+0	1.749659E+0	1.321400E+0	2.312000E-3	1.000000E-2	0.000000E+0	5.000000E+1	2.000000E+0	5.000000E+1	2.000000E+0	1.000000E+0	4.200000E+1
9.339868E-1	3.003400E+2	5.969808E+2	5.971520E-1	1.994560E+1	2.993903E+1	3.052916E+1	1.315300E+0	4.015500E-2	3.749700E-2	1.994560E+1	1.879964E+0	1.735726E+0	1.315300E+0	2.283000E-3	1.000000E-2	0.000000E+0	5.000000E+1	2.000000E+0	5.000000E+1	2.000000E+0	1.000000E+0	4.300000E+1
9.556547E-1	3.003400E+2	6.469808E+2	6.466430E-1	2.161720E+1	2.991336E+1	3.039446E+1	1.313200E+0	3.991400E-2	4.084200E-2	2.161720E+1	1.889329E+0	2.097167E+0	1.313200E+0	2.754000E-3	1.000000E-2	0.000000E+0	5.000000E+1	2.000000E+0	5.000000E+1	2.000000E+0	1.000000E+0	4.400000E+1
9.781726E-1	3.003400E+2	6.969808E+2	6.971530E-1	2.333030E+1	2.988187E+1	3.059647E+1	1.292600E+0	3.954900E-2	4.352600E-2	2.333030E+1	1.865643E+0	1.940275E+0	1.292600E+0	2.508000E-3	1.000000E-2	0.000000E+0	5.000000E+1	2.000000E+0	5.000000E+1	2.000000E+0	1.000000E+0	4.500000E+1
9.998905E-1	3.003400E+2	7.469808E+2	7.470540E-1	2.502840E+1	2.984825E+1	3.026374E+1	1.319500E+0	3.993300E-2	4.680300E-2	2.502840E+1	1.869996E+0	2.135657E+0	1.319500E+0	2.818000E-3	1.000000E-2	0.000000E+0	5.000000E+1	2.000000E+0	5.000000E+1	2.000000E+0	1.000000E+0	4.600000E+1
1.022325E+0	3.003400E+2	7.969808E+2	7.964210E-1	2.671960E+1	2.980662E+1	3.039463E+1	1.332900E+0	4.051300E-2	4.990900E-2	2.671960E+1	1.867880E+0	2.061670E+0	1.332900E+0	2.748000E-3	1.000000E-2	0.000000E+0	5.000000E+1	2.000000E+0	5.000000E+1	2.000000E+0	1.000000E+0	4.700000E+1
1.044093E+0	3.003400E+2	8.469808E+2	8.473680E-1	2.845980E+1	2.977421E+1	3.049638E+1	1.313500E+0	4.005700E-2	5.326400E-2	2.845980E+1	1.871552E+0	1.628474E+0	1.313500E+0	2.139000E-3	1.000000E-2	0.000000E+0	5.000000E+1	2.000000E+0	5.000000E+1	2.000000E+0	1.000000E+0	4.800000E+1
1.066728E+0	3.003400E+2	8.969808E+2	8.968620E-1	3.016460E+1	2.973227E+1	3.056881E+1	1.299200E+0	3.971500E-2	5.625400E-2	3.016460E+1	1.864901E+0	2.266780E+0	1.299200E+0	2.945000E-3	1.000000E-2	0.000000E+0	5.000000E+1	2.000000E+0	5.000000E+1	2.000000E+0	1.000000E+0	4.900000E+1
1.088546E+0	3.003400E+2	9.469808E+2	9.472550E-1	3.189480E+1	2.969936E+1	3.032352E+1	1.338400E+0	4.058500E-2	5.959300E-2	3.189480E+1	1.868424E+0	1.969516E+0	1.338400E+0	2.636000E-3	1.000000E-2	0.000000E+0	5.000000E+1	2.000000E+0	5.000000E+1	2.000000E+0	1.000000E+0	5.000000E+1
1.111047E+0	3.003400E+2	9.969808E+2	9.976440E-1	3.363700E+1	2.965913E+1	3.038502E+1	1.316800E+0	4.001100E-2	6.252900E-2	3.363700E+1	1.858935E+0	1.715522E+0	1.316800E+0	2.259000E-3	1.000000E-2	0.000000E+0	5.000000E+1	2.000000E+0	5.000000E+1	2.000000E+0	1.000000E+0	5.100000E+1
1.132648E+0	3.003400E+2	1.046981E+3	1.047058E+0	3.534710E+1	2.962218E+1	3.038610E+1	1.323500E+0	4.021600E-2	6.568100E-2	3.534710E+1	1.858172E+0	1.641103E+0	1.323500E+0	2.172000E-3	1.000000E-2	0.000000E+0	5.000000E+1	2.000000E+0	5.000000E+1	2.000000E+0	1.000000E+0	5.200000E+1
1.155316E+0	3.003400E+2	1.096981E+3	1.096905E+0	3.707480E+1	2.958627E+1	3.028152E+1	1.321400E+0	4.001400E-2	6.939700E-2	3.707480E+1	1.871811E+0	2.105343E+0	1.321400E+0	2.782000E-3	1.000000E-2	0.000000E+0	5.000000E+1	2.000000E+0	5.000000E+1	2.000000E+0	1.000000E+0	5.300000E+1
1.176984E+0	3.003400E+2	1.146981E+3	1.147066E+0	3.882260E+1	2.954635E+1	3.038529E+1	1.305500E+0	3.966800E-2	7.240400E-2	3.882260E+1	1.864996E+0	1.941019E+0	1.305500E+0	2.534000E-3	1.000000E-2	0.000000E+0	5.000000E+1	2.000000E+0	5.000000E+1	2.000000E+0	1.000000E+0	5.400000E+1
1.199852E+0	3.003400E+2	1.196981E+3	1.196745E+0	4.055380E+1	2.951006E+1	3.046059E+1	1.315700E+0	4.007700E-2	7.529300E-2	4.055380E+1	1.856620E+0	2.338679E+0	1.315700E+0	3.077000E-3	1.000000E-2	0.000000E+0	5.000000E+1	2.000000E+0	5.000000E+1	2.000000E+0	1.000000E+0	5.500000E+1
1.221537E+0	3.003400E+2	1.246981E+3	1.247137E+0	4.231880E+1	2.947005E+1	3.038535E+1	1.313100E+0	3.989900E-2	7.918800E-2	4.231880E+1	1.871225E+0	1.676948E+0	1.313100E+0	2.202000E-3	1.000000E-2	0.000000E+0	5.000000E+1	2.000000E+0	5.000000E+1	2.000000E+0	1.000000E+0	5.600000E+1
1.244088E+0	3.003400E+2	1.296981E+3	1.297148E+0	4.406830E+1	2.943495E+1	3.033419E+1	1.325600E+0	4.021100E-2	8.194500E-2	4.406830E+1	1.859500E+0	1.957604E+0	1.325600E+0	2.595000E-3	1.000000E-2	0.000000E+0	5.000000E+1	2.000000E+0	5.000000E+1	2.000000E+0	1.000000E+0	5.700000E+1
1.265706E+0	3.003400E+2	1.346981E+3	1.346911E+0	4.582800E+1	2.939057E+1	3.038371E+1	1.316100E+0	3.998800E-2	8.506600E-2	4.582800E+1	1.856201E+0	2.000608E+0	1.316100E+0	2.633000E-3	1.000000E-2	0.000000E+0	5.000000E+1	2.000000E+0	5.000000E+1	2.000000E+0	1.000000E+0	5.800000E+1
1.288174E+0	3.003400E+2	1.396981E+3	1.397241E+0	4.760560E+1	2.935035E+1	3.047159E+1	1.325300E+0	4.038400E-2	8.857200E-2	4.760560E+1	1.860537E+0	1.850902E+0	1.325300E+0	2.453000E-3	1.000000E-2	0.000000E+0	5.000000E+1	2.000000E+0	5.000000E+1	2.000000E+0	1.000000E+0	5.900000E+1
1.309942E+0	3.003400E+2	1.446981E+3	1.446493E+0	4.935570E+1	2.930752E+1	3.045312E+1	1.306500E+0	3.978700E-2	9.191700E-2	4.935570E+1	1.862338E+0	1.541523E+0	1.306500E+0	2.014000E-3	1.000000E-2	0.000000E+0	5.000000E+1	2.000000E+0	5.000000E+1	2.000000E+0	1.000000E+0	6.000000E+1
1.332560E+0	3.003400E+2	1.496981E+3	1.463452E+0	4.998220E+1	2.927946E+1	3.039875E+1	1.309100E+0	3.979500E-2	9.328900E-2	4.998220E+1	1.866444E+0	1.954778E+0	1.309100E+0	2.559000E-3	1.000000E-2	0.000000E+0	5.000000E+1	2.000000E+0	5.000000E+1	2.000000E+0	1.000000E+0	6.100000E+1
1.354361E+0	3.003400E+2	1.500000E+3	1.463935E+0	5.000700E+1	2.927460E+1	3.051340E+1	1.324500E+0	4.041500E-2	9.308000E-2	5.000700E+1	1.861339E+0	2.169875E+0	1.324500E+0	2.874000E-3	1.000000E-2	0.000000E+0	5.000000E+1	2.000000E+0	5.000000E+1	2.000000E+0	1.000000E+0	6.200000E+1
1.376479E+0	3.003400E+2	1.450000E+3	1.449975E+0	4.953440E+1	2.927208E+1	3.034912E+1	1.317600E+0	3.998800E-2	9.263500E-2	4.953440E+1	1.870115E+0	1.829842E+0	1.317600E+0	2.411000E-3	1.000000E-2	0.000000E+0	5.000000E+1	2.000000E+0	5.000000E+1	2.000000E+0	1.000000E+0	6.300000E+1
1.398180E+0	3.003400E+2	1.400000E+3	1.399368E+0	4.776790E+1	2.929515E+1	3.044593E+1	1.314100E+0	4.000900E-2	8.870200E-2	4.776790E+1	1.856937E+0	1.855262E+0	1.314100E+0	2.438000E-3	1.000000E-2	0.000000E+0	5.000000E+1	2.000000E+0	5.000000E+1	2.000000E+0	1.000000E+0	6.400000E+1
1.420681E+0	3.003400E+2	1.350000E+3	1.350122E+0	4.601350E+1	2.934187E+1	3.054748E+1	1.313300E+0	4.011800E-2	8.516200E-2	4.601350E+1	1.850805E+0	2.144217E+0	1.313300E+0	2.816000E-3	1.000000E-2	0.000000E+0	5.000000E+1	2.000000E+0	5.000000E+1	2.000000E+0	1.000000E+0	6.500000E+1
1.442516E+0	3.003400E+2	1.300000E+3	1.300120E+0	4.426330E+1	2.937241E+1	3.046147E+1	1.306700E+0	3.980400E-2	8.250900E-2	4.426330E+1	1.864050E+0	1.989745E+0	1.306700E+0	2.600000E-3	1.000000E-2	0.000000E+0	5.000000E+1	2.000000E+0	5.000000E+1	2.000000E+0	1.000000E+0	6.600000E+1
1.465100E+0	3.003400E+2	1.250000E+3	1.250106E+0	4.249580E+1	2.941717E+1	3.044078E+1	1.327200E+0	4.040100E-2	7.977200E-2	4.249580E+1	1.877174E+0	2.008740E+0	1.327200E+0	2.666000E-3	1.000000E-2	0.000000E+0	5.000000E+1	2.000000E+0	5.000000E+1	2.000000E+0	1.000000E+0	6.700000E+1
1.486768E+0	3.003400E+2	1.200000E+3	1.199959E+0	4.073580E+1	2.945711E+1	3.041155E+1	1.319400E+0	4.012500E-2	7.565700E-2	4.073580E+1	1.857261E+0	1.899348E+0	1.319400E+0	2.506000E-3	1.000000E-2	0.000000E+0	5.000000E+1	2.000000E+0	5.000000E+1	2.000000E+0	1.000000E+0	6.800000E+1
1.508853E+0	3.003400E+2	1.150000E+3	1.149759E+0	3.897890E+1	2.949696E+1	3.055976E+1	1.293400E+0	3.952600E-2	7.313200E-2	3.897890E+1	1.876195E+0	2.132364E+0	1.293400E+0	2.758000E-3	1.000000E-2	0.000000E+0	5.000000E+1	2.000000E+0	5.000000E+1	2.000000E+0	1.000000E+0	6.900000E+1
1.530504E+0	3.003400E+2	1.100000E+3	1.099958E+0	3.724450E+1	2.953343E+1	3.031390E+1	1.315700E+0	3.988400E-2	6.922900E-2	3.724450E+1	1.858771E+0	1.793722E+0	1.315700E+0	2.360000E-3	1.000000E-2	0.000000E+0	5.000000E+1	2.000000E+0	5.000000E+1	2.000000E+0	1.000000E+0	7.000000E+1
1.553022E+0	3.003400E+2	1.050000E+3	1.050514E+0	3.553390E+1	2.956371E+1	3.038447E+1	1.316100E+0	3.998900E-2	6.589900E-2	3.553390E+1	1.854539E+0	2.138135E+0	1.316100E+0	2.814000E-3	1.000000E-2	0.000000E+0	5.000000E+1	2.000000E+0	5.000000E+1	2.000000E+0	1.000000E+0	7.100000E+1
1.574673E+0	3.003400E+2	1.000000E+3	9.994540E-1	3.376420E+1	2.960100E+1	3.047465E+1	1.297800E+0	3.955000E-2	6.317700E-2	3.376420E+1	1.871124E+0	1.989521E+0	1.297800E+0	2.582000E-3	1.000000E-2	0.000000E+0	5.000000E+1	2.000000E+0	5.000000E+1	2.000000E+0	1.000000E+0	7.200000E+1
1.596291E+0	3.003400E+2	9.500000E+2	9.499290E-1	3.205930E+1	2.963037E+1	3.027121E+1	1.323700E+0	4.007000E-2	6.015700E-2	3.205930E+1	1.876429E+0	1.584951E+0	1.323700E+0	2.098000E-3	1.000000E-2	0.000000E+0	5.000000E+1	2.000000E+0	5.000000E+1	2.000000E+0	1.000000E+0	7.300000E+1
1.618059E+0	3.003400E+2	9.000000E+2	8.995800E-1	3.031670E+1	2.967275E+1	3.054520E+1	1.309600E+0	4.000200E-2	5.667700E-2	3.031670E+1	1.869498E+0	1.881491E+0	1.309600E+0	2.464000E-3	1.000000E-2	0.000000E+0	5.000000E+1	2.000000E+0	5.000000E+1	2.000000E+0	1.000000E+0	7.400000E+1
1.640160E+0	3.003400E+2	8.500000E+2	8.499960E-1	2.861370E+1	2.970591E+1	3.031168E+1	1.331500E+0	4.036000E-2	5.337200E-2	2.861370E+1	1.865260E+0	1.592940E+0	1.331500E+0	2.121000E-3	1.000000E-2	0.000000E+0	5.000000E+1	2.000000E+0	5.000000E+1	2.000000E+0	1.000000E+0	7.500000E+1
1.661862E+0	3.003400E+2	8.000000E+2	7.997990E-1	2.689140E+1	2.974181E+1	3.030657E+1	1.317800E+0	3.993800E-2	5.028200E-2	2.689140E+1	1.869817E+0	2.145242E+0	1.317800E+0	2.827000E-3	1.000000E-2	0.000000E+0	5.000000E+1	2.000000E+0	5.000000E+1	2.000000E+0	1.000000E+0	7.600000E+1
1.684346E+0	3.003400E+2	7.500000E+2	7.500290E-1	2.518890E+1	2.977617E+1	3.043797E+1	1.338000E+0	4.072600E-2	4.709800E-2	2.518890E+1	1.869792E+0	1.872197E+0	1.338000E+0	2.505000E-3	1.000000E-2	0.000000E+0	5.000000E+1	2.000000E+0	5.000000E+1	2.000000E+0	1.000000E+0	7.700000E+1
1.706181E+0	3.003400E+2	7.000000E+2	6.999470E-1	2.348600E+1	2.980273E+1	3.032298E+1	1.303500E+0	3.952600E-2	4.378800E-2	2.348600E+1	1.864430E+0	2.041427E+0	1.303500E+0	2.661000E-3	1.000000E-2	0.000000E+0	5.000000E+1	2.000000E+0	5.000000E+1	2.000000E+0	1.000000E+0	7.800000E+1
1.728782E+0	3.003400E+2	6.500000E+2	6.505420E-1	2.180370E+1	2.983631E+1	3.034522E+1	1.315100E+0	3.990700E-2	4.074100E-2	2.180370E+1	1.868536E+0	1.647023E+0	1.315100E+0	2.166000E-3	1.000000E-2	0.000000E+0	5.000000E+1	2.000000E+0	5.000000E+1	2.000000E+0	1.000000E+0	7.900000E+1
1.750583E+0	3.003400E+2	6.000000E+2	6.001990E-1	2.008610E+1	2.988131E+1	3.036987E+1	1.341000E+0	4.072600E-2	3.757500E-2	2.008610E+1	1.870697E+0	1.744966E+0	1.341000E+0	2.340000E-3	1.000000E-2	0.000000E+0	5.000000E+1	2.000000E+0	5.000000E+1	2.000000E+0	1.000000E+0	8.000000E+1
1.773035E+0	3.003400E+2	5.500000E+2	5.499070E-1	1.838200E+1	2.991552E+1	3.031269E+1	1.311200E+0	3.974600E-2	3.503000E-2	1.838200E+1	1.905669E+0	2.276541E+0	1.311200E+0	2.985000E-3	1.000000E-2	0.000000E+0	5.000000E+1	2.000000E+0	5.000000E+1	2.000000E+0	1.000000E+0	8.100000E+1
1.794736E+0	3.003400E+2	5.000000E+2	5.003160E-1	1.671530E+1	2.993162E+1	3.030278E+1	1.317800E+0	3.993300E-2	3.132700E-2	1.671530E+1	1.874151E+0	1.931249E+0	1.317800E+0	2.545000E-3	1.000000E-2	0.000000E+0	5.000000E+1	2.000000E+0	5.000000E+1	2.000000E+0	1.000000E+0	8.200000E+1
1.817321E+0	3.003400E+2	4.500000E+2	4.504780E-1	1.503500E+1	2.996196E+1	3.043777E+1	1.308900E+0	3.984000E-2	2.818700E-2	1.503500E+1	1.874759E+0	1.812973E+0	1.308900E+0	2.373000E-3	1.000000E-2	0.000000E+0	5.000000E+1	2.000000E+0	5.000000E+1	2.000000E+0	1.000000E+0	8.300000E+1
1.839039E+0	3.003400E+2	4.000000E+2	4.004190E-1	1.335450E+1	2.998383E+1	3.033900E+1	1.324500E+0	4.018400E-2	2.554100E-2	1.335450E+1	1.912539E+0	1.688184E+0	1.324500E+0	2.236000E-3	1.000000E-2	0.000000E+0	5.000000E+1	2.000000E+0	5.000000E+1	2.000000E+0	1.000000E+0	8.400000E+1
1.861606E+0	3.003400E+2	3.500000E+2	3.498210E-1	1.166180E+1	2.999717E+1	3.030120E+1	1.311400E+0	3.973700E-2	2.185800E-2	1.166180E+1	1.874325E+0	2.295257E+0	1.311400E+0	3.010000E-3	1.000000E-2	0.000000E+0	5.000000E+1	2.000000E+0	5.000000E+1	2.000000E+0	1.000000E+0	8.500000E+1
1.883324E+0	3.003400E+2	3.000000E+2	3.005330E-1	1.000160E+1	3.004849E+1	3.040164E+1	1.317100E+0	4.004200E-2	1.921700E-2	1.000160E+1	1.921393E+0	1.803963E+0	1.317100E+0	2.376000E-3	1.000000E-2	0.000000E+0	5.000000E+1	2.000000E+0	5.000000E+1	2.000000E+0	1.000000E+0	8.600000E+1
1.905892E+0	3.003400E+2	2.500000E+2	2.499650E-1	8.323400E+0	3.003160E+1	3.026937E+1	1.314200E+0	3.978000E-2	1.566700E-2	8.323400E+0	1.882284E+0	2.202100E+0	1.314200E+0	2.894000E-3	1.000000E-2	0.000000E+0	5.000000E+1	2.000000E+0	5.000000E+1	2.000000E+0	1.000000E+0	8.700000E+1
1.928110E+0	3.003400E+2	2.000000E+2	2.003140E-1	6.659300E+0	3.008034E+1	3.035114E+1	1.327100E+0	4.027900E-2	1.252600E-2	6.659300E+0	1.880978E+0	1.746666E+0	1.327100E+0	2.318000E-3	1.000000E-2	0.000000E+0	5.000000E+1	2.000000E+0	5.000000E+1	2.000000E+0	1.000000E+0	8.800000E+1
1.949928E+0	3.003400E+2	1.500000E+2	1.500130E-1	4.982400E+0	3.010858E+1	3.043122E+1	1.305600E+0	3.973100E-2	9.059000E-3	4.982400E+0	1.818200E+0	2.042739E+0	1.305600E+0	2.667000E-3	1.000000E-2	0.000000E+0	5.000000E+1	2.000000E+0	5.000000E+1	2.000000E+0	1.000000E+0	8.900000E+1
1.971963E+0	3.003400E+2	1.009804E+2	1.011950E-1	3.355700E+0	3.015615E+1	3.031496E+1	1.333500E+0	4.042500E-2	6.389000E-3	3.355700E+0	1.903925E+0	1.946757E+0	1.333500E+0	2.596000E-3	1.000000E-2	0.000000E+0	5.000000E+1	2.000000E+0	5.000000E+1	2.000000E+0	1.000000E+0	9.000000E+1
1.993347E+0	3.003400E+2	5.198019E+1	5.206200E-2	1.720100E+0	3.026684E+1	3.028047E+1	1.319200E+0	3.994600E-2	2.919000E-3	1.720100E+0	1.696994E+0	2.034566E+0	1.319200E+0	2.684000E-3	1.000000E-2	0.000000E+0	5.000000E+1	2.000000E+0	5.000000E+1	2.000000E+0	1.000000E+0	9.100000E+1
2.014982E+0	3.003400E+2	2.979997E+0	3.531000E-3	1.055000E-1	3.346919E+1	3.040985E+1	1.307800E+0	3.977000E-2	-5.600000E-5	1.055000E-1	-5.308057E-1	2.196819E+0	1.307800E+0	2.873000E-3	1.000000E-2	0.000000E+0	5.000000E+1	2.000000E+0	5.000000E+1	2.000000E+0	1.000000E+0	9.200000E+1
2.036600E+0	3.003400E+2	-4.900020E+1	-4.874500E-2	-1.640800E+0	2.970807E+1	3.033430E+1	1.313200E+0	3.983500E-2	-2.952000E-3	-1.640800E+0	1.799122E+0	2.273835E+0	1.313200E+0	2.986000E-3	1.000000E-2	0.000000E+0	5.000000E+1	2.000000E+0	5.000000E+1	2.000000E+0	1.000000E+0	9.300000E+1
2.058284E+0	3.003400E+2	-9.800039E+1	-9.786400E-2	-3.270500E+0	2.992325E+1	3.031732E+1	1.311000E+0	3.974600E-2	-6.007000E-3	-3.270500E+0	1.836722E+0	1.934401E+0	1.311000E+0	2.536000E-3	1.000000E-2	0.000000E+0	5.000000E+1	2.000000E+0	5.000000E+1	2.000000E+0	1.000000E+0	9.400000E+1
2.080186E+0	3.003400E+2	-1.470006E+2	-1.462080E-1	-4.891600E+0	2.988961E+1	3.036137E+1	1.308900E+0	3.974000E-2	-8.698000E-3	-4.891600E+0	1.778150E+0	1.712889E+0	1.308900E+0	2.242000E-3	1.000000E-2	0.000000E+0	5.000000E+1	2.000000E+0	5.000000E+1	2.000000E+0	1.000000E+0	9.500000E+1
2.102337E+0	3.003400E+2	-1.969808E+2	-1.970510E-1	-6.577200E+0	2.995971E+1	3.042235E+1	1.325900E+0	4.033700E-2	-1.241200E-2	-6.577200E+0	1.887125E+0	1.973754E+0	1.325900E+0	2.617000E-3	1.000000E-2	0.000000E+0	5.000000E+1	2.000000E+0	5.000000E+1	2.000000E+0	1.000000E+0	9.600000E+1
2.124021E+0	3.003400E+2	-2.469808E+2	-2.462240E-1	-8.228700E+0	2.992259E+1	3.042112E+1	1.320300E+0	4.016500E-2	-1.549200E-2	-8.228700E+0	1.882679E+0	1.795804E+0	1.320300E+0	2.371000E-3	1.000000E-2	0.000000E+0	5.000000E+1	2.000000E+0	5.000000E+1	2.000000E+0	1.000000E+0	9.700000E+1
2.145789E+0	3.003400E+2	-2.969808E+2	-2.967550E-1	-9.919100E+0	2.991753E+1	3.057669E+1	1.298800E+0	3.971300E-2	-1.786200E-2	-9.919100E+0	1.800768E+0	2.092701E+0	1.298800E+0	2.718000E-3	1.000000E-2	0.000000E+0	5.000000E+1	2.000000E+0	5.000000E+1	2.000000E+0	1.000000E+0	9.800000E+1
2.167424E+0	3.003400E+2	-3.469808E+2	-3.467180E-1	-1.158280E+1	2.993387E+1	3.055784E+1	1.312200E+0	4.009800E-2	-2.150700E-2	-1.158280E+1	1.856805E+0	2.174211E+0	1.312200E+0	2.853000E-3	1.000000E-2	0.000000E+0	5.000000E+1	2.000000E+0	5.000000E+1	2.000000E+0	1.000000E+0	9.900000E+1
2.190009E+0	3.003400E+2	-3.969808E+2	-3.970200E-1	-1.327260E+1	2.991275E+1	3.040516E+1	1.303200E+0	3.962400E-2	-2.485200E-2	-1.327260E+1	1.872429E+0	2.108656E+0	1.303200E+0	2.748000E-3	1.000000E-2	0.000000E+0	5.000000E+1	2.000000E+0	5.000000E+1	2.000000E+0	1.000000E+0	1.000000E+2
2.211677E+0	3.003400E+2	-4.469808E+2	-4.472560E-1	-1.496420E+1	2.988840E+1	3.043027E+1	1.301500E+0	3.960500E-2	-2.783900E-2	-1.496420E+1	1.860373E+0	2.099885E+0	1.301500E+0	2.733000E-3	1.000000E-2	0.000000E+0	5.000000E+1	2.000000E+0	5.000000E+1	2.000000E+0	1.000000E+0	1.010000E+2
2.233411E+0	3.003400E+2	-4.969808E+2	-4.962810E-1	-1.661640E+1	2.986694E+1	3.043656E+1	1.321700E+0	4.022800E-2	-3.109500E-2	-1.661640E+1	1.871344E+0	1.747749E+0	1.321700E+0	2.310000E-3	1.000000E-2	0.000000E+0	5.000000E+1	2.000000E+0	5.000000E+1	2.000000E+0	1.000000E+0	1.020000E+2
2.255112E+0	3.003400E+2	-5.469808E+2	-5.466740E-1	-1.830850E+1	2.985903E+1	3.022075E+1	1.331800E+0	4.024800E-2	-3.426400E-2	-1.830850E+1	1.871480E+0	1.773540E+0	1.331800E+0	2.362000E-3	1.000000E-2	0.000000E+0	5.000000E+1	2.000000E+0	5.000000E+1	2.000000E+0	1.000000E+0	1.030000E+2
2.277597E+0	3.003400E+2	-5.969808E+2	-5.969100E-1	-2.000860E+1	2.983267E+1	3.055757E+1	1.296700E+0	3.962400E-2	-3.757300E-2	-2.000860E+1	1.877843E+0	2.009717E+0	1.296700E+0	2.606000E-3	1.000000E-2	0.000000E+0	5.000000E+1	2.000000E+0	5.000000E+1	2.000000E+0	1.000000E+0	1.040000E+2
2.299265E+0	3.003400E+2	-6.469808E+2	-6.467620E-1	-2.171060E+1	2.979015E+1	3.048013E+1	1.305900E+0	3.980400E-2	-4.055400E-2	-2.171060E+1	1.867935E+0	2.160196E+0	1.305900E+0	2.821000E-3	1.000000E-2	0.000000E+0	5.000000E+1	2.000000E+0	5.000000E+1	2.000000E+0	1.000000E+0	1.050000E+2
2.321699E+0	3.003400E+2	-6.969808E+2	-6.966250E-1	-2.341100E+1	2.975631E+1	3.048011E+1	1.324700E+0	4.037700E-2	-4.363700E-2	-2.341100E+1	1.863953E+0	2.094814E+0	1.324700E+0	2.775000E-3	1.000000E-2	0.000000E+0	5.000000E+1	2.000000E+0	5.000000E+1	2.000000E+0	1.000000E+0	1.060000E+2
2.343484E+0	3.003400E+2	-7.469808E+2	-7.468580E-1	-2.511900E+1	2.973279E+1	3.038592E+1	1.326700E+0	4.031300E-2	-4.664000E-2	-2.511900E+1	1.856762E+0	1.993669E+0	1.326700E+0	2.645000E-3	1.000000E-2	0.000000E+0	5.000000E+1	2.000000E+0	5.000000E+1	2.000000E+0	1.000000E+0	1.070000E+2
2.366019E+0	3.003400E+2	-7.969808E+2	-7.972160E-1	-2.684720E+1	2.969457E+1	3.039664E+1	1.321100E+0	4.015700E-2	-5.004100E-2	-2.684720E+1	1.863919E+0	2.113390E+0	1.321100E+0	2.792000E-3	1.000000E-2	0.000000E+0	5.000000E+1	2.000000E+0	5.000000E+1	2.000000E+0	1.000000E+0	1.080000E+2
2.387687E+0	3.003400E+2	-8.469808E+2	-8.470850E-1	-2.856410E+1	2.965558E+1	3.033087E+1	1.311700E+0	3.978500E-2	-5.315700E-2	-2.856410E+1	1.860972E+0	1.969963E+0	1.311700E+0	2.584000E-3	1.000000E-2	0.000000E+0	5.000000E+1	2.000000E+0	5.000000E+1	2.000000E+0	1.000000E+0	1.090000E+2
2.410088E+0	3.003400E+2	-8.969808E+2	-8.971380E-1	-3.029210E+1	2.961624E+1	3.043147E+1	1.311800E+0	3.992000E-2	-5.676500E-2	-3.029210E+1	1.873921E+0	2.082635E+0	1.311800E+0	2.732000E-3	1.000000E-2	0.000000E+0	5.000000E+1	2.000000E+0	5.000000E+1	2.000000E+0	1.000000E+0	1.100000E+2
2.431906E+0	3.003400E+2	-9.469808E+2	-9.469820E-1	-3.201780E+1	2.957674E+1	3.033589E+1	1.304000E+0	3.955800E-2	-5.950200E-2	-3.201780E+1	1.858404E+0	1.953988E+0	1.304000E+0	2.548000E-3	1.000000E-2	0.000000E+0	5.000000E+1	2.000000E+0	5.000000E+1	2.000000E+0	1.000000E+0	1.110000E+2
2.454507E+0	3.003400E+2	-9.969808E+2	-9.975830E-1	-3.377030E+1	2.954025E+1	3.024026E+1	1.319400E+0	3.989900E-2	-6.289100E-2	-3.377030E+1	1.862317E+0	1.840230E+0	1.319400E+0	2.428000E-3	1.000000E-2	0.000000E+0	5.000000E+1	2.000000E+0	5.000000E+1	2.000000E+0	1.000000E+0	1.120000E+2
2.476292E+0	3.003400E+2	-1.046981E+3	-1.047199E+0	-3.550210E+1	2.949682E+1	3.051064E+1	1.296400E+0	3.955400E-2	-6.591500E-2	-3.550210E+1	1.856651E+0	1.865165E+0	1.296400E+0	2.418000E-3	1.000000E-2	0.000000E+0	5.000000E+1	2.000000E+0	5.000000E+1	2.000000E+0	1.000000E+0	1.130000E+2
2.498860E+0	3.003400E+2	-1.096981E+3	-1.097361E+0	-3.725100E+1	2.945856E+1	3.031335E+1	1.324400E+0	4.014700E-2	-6.942000E-2	-3.725100E+1	1.863574E+0	1.957868E+0	1.324400E+0	2.593000E-3	1.000000E-2	0.000000E+0	5.000000E+1	2.000000E+0	5.000000E+1	2.000000E+0	1.000000E+0	1.140000E+2
2.520594E+0	3.003400E+2	-1.146981E+3	-1.147037E+0	-3.899570E+1	2.941445E+1	3.045217E+1	1.300400E+0	3.960000E-2	-7.287800E-2	-3.899570E+1	1.868873E+0	1.871732E+0	1.300400E+0	2.434000E-3	1.000000E-2	0.000000E+0	5.000000E+1	2.000000E+0	5.000000E+1	2.000000E+0	1.000000E+0	1.150000E+2
2.543145E+0	3.003400E+2	-1.196981E+3	-1.197097E+0	-4.076850E+1	2.936328E+1	3.018023E+1	1.331600E+0	4.018800E-2	-7.581200E-2	-4.076850E+1	1.859573E+0	1.762541E+0	1.331600E+0	2.347000E-3	1.000000E-2	0.000000E+0	5.000000E+1	2.000000E+0	5.000000E+1	2.000000E+0	1.000000E+0	1.160000E+2
2.564797E+0	3.003400E+2	-1.246981E+3	-1.246949E+0	-4.252640E+1	2.932176E+1	3.034945E+1	1.304900E+0	3.960300E-2	-7.918700E-2	-4.252640E+1	1.862067E+0	1.907426E+0	1.304900E+0	2.489000E-3	1.000000E-2	0.000000E+0	5.000000E+1	2.000000E+0	5.000000E+1	2.000000E+0	1.000000E+0	1.170000E+2
2.586898E+0	3.003400E+2	-1.296981E+3	-1.296555E+0	-4.429070E+1	2.927375E+1	3.019156E+1	1.341600E+0	4.050500E-2	-8.277100E-2	-4.429070E+1	1.868812E+0	2.016995E+0	1.341600E+0	2.706000E-3	1.000000E-2	0.000000E+0	5.000000E+1	2.000000E+0	5.000000E+1	2.000000E+0	1.000000E+0	1.180000E+2
2.608666E+0	3.003400E+2	-1.346981E+3	-1.346882E+0	-4.609290E+1	2.922103E+1	3.049628E+1	1.315800E+0	4.012700E-2	-8.588900E-2	-4.609290E+1	1.863389E+0	2.251862E+0	1.315800E+0	2.963000E-3	1.000000E-2	0.000000E+0	5.000000E+1	2.000000E+0	5.000000E+1	2.000000E+0	1.000000E+0	1.190000E+2
2.631117E+0	3.003400E+2	-1.396981E+3	-1.396979E+0	-4.787480E+1	2.917984E+1	3.040857E+1	1.316800E+0	4.004200E-2	-8.935600E-2	-4.787480E+1	1.866452E+0	1.815765E+0	1.316800E+0	2.391000E-3	1.000000E-2	0.000000E+0	5.000000E+1	2.000000E+0	5.000000E+1	2.000000E+0	1.000000E+0	1.200000E+2
2.652752E+0	3.003400E+2	-1.446981E+3	-1.446355E+0	-4.965150E+1	2.913014E+1	3.033773E+1	1.335400E+0	4.051300E-2	-9.275000E-2	-4.965150E+1	1.868020E+0	1.814438E+0	1.335400E+0	2.423000E-3	1.000000E-2	0.000000E+0	5.000000E+1	2.000000E+0	5.000000E+1	2.000000E+0	1.000000E+0	1.210000E+2
2.675386E+0	3.003400E+2	-1.496981E+3	-1.455567E+0	-5.000620E+1	2.910773E+1	3.044421E+1	1.319200E+0	4.016200E-2	-9.283500E-2	-5.000620E+1	1.856470E+0	2.254397E+0	1.319200E+0	2.974000E-3	1.000000E-2	0.000000E+0	5.000000E+1	2.000000E+0	5.000000E+1	2.000000E+0	1.000000E+0	1.220000E+2
2.697221E+0	3.003400E+2	-1.500000E+3	-1.455334E+0	-5.000740E+1	2.910237E+1	3.039389E+1	1.310000E+0	3.981600E-2	-9.302800E-2	-5.000740E+1	1.860285E+0	1.696947E+0	1.310000E+0	2.223000E-3	1.000000E-2	0.000000E+0	5.000000E+1	2.000000E+0	5.000000E+1	2.000000E+0	1.000000E+0	1.230000E+2
2.719772E+0	3.003400E+2	-1.450000E+3	-1.449490E+0	-4.979040E+1	2.911184E+1	3.032791E+1	1.332700E+0	4.041800E-2	-9.262100E-2	-4.979040E+1	1.860218E+0	2.258573E+0	1.332700E+0	3.010000E-3	1.000000E-2	0.000000E+0	5.000000E+1	2.000000E+0	5.000000E+1	2.000000E+0	1.000000E+0	1.240000E+2
