t (s)	I (A)	V (V)	R(ohm)	Ibias (A)	Rrem(ohm)	Vsense (V)	Rsense(ohm)	Vdif (V)	Rdif(ohm)	VbiasSense (V)	RremSense(ohm)	VbiasDif (V)	RremDif(ohm)	T [K]	Rterm(ohm)	IbiasNEG (A)	RremNEG(ohm)	VbiasSenseNEG (V)	RremSenseNEG(ohm)	VbiasDifNEG (V)	RremDifNEG(ohm)	PasodeV	Saturó?	Saturó? (bias)	Saturó? (biasNEG)
2.6599979E-1	2.1966920E-5	1.0000000E-1	4.5522993E+3	2.2267041E-5	4.4909429E+3	1.0002610E-1	4.5534878E+3	-2.6100000E-5	-1.1881502E+0	9.9989183E-2	4.4904565E+3	1.0820000E-5	4.8591998E-1	1.8943854E+2	1.0491264E+1	-2.1888640E-5	4.5685801E+3	-1.0002780E-1	4.5698501E+3	2.7800001E-5	-1.2700652E+0	1.0000000E+0	0.0000000E+0	0.0000000E+0	0.0000000E+0
1.0790000E+0	4.6265200E-6	2.0000000E-2	4.3229038E+3	2.2129399E-5	4.5188755E+3	2.0041941E-2	4.3319687E+3	-4.1939998E-5	-9.0651293E+0	1.0005240E-1	4.5212432E+3	-5.2399999E-5	-2.3678906E+0	1.8943854E+2	1.0491264E+1	-2.2323020E-5	4.4796807E+3	-1.0009860E-1	4.4840977E+3	9.8600001E-5	-4.4169650E+0	2.0000000E+0	0.0000000E+0	0.0000000E+0	0.0000000E+0
1.8909998E+0	8.5884267E-6	3.9999999E-2	4.6574302E+3	2.2046090E-5	4.5359517E+3	4.0051699E-2	4.6634502E+3	-5.1700001E-5	-6.0197287E+0	1.0008480E-1	4.5397983E+3	-8.4799998E-5	-3.8464870E+0	1.8943854E+2	1.0491264E+1	-2.1921829E-5	4.5616631E+3	-1.0003350E-1	4.5631909E+3	3.3500000E-5	-1.5281571E+0	3.0000000E+0	0.0000000E+0	0.0000000E+0	0.0000000E+0
2.7040000E+0	1.0500570E-5	5.9999999E-2	5.7139756E+3	2.2239299E-5	4.4965444E+3	4.8547510E-2	4.6233213E+3	1.1452490E-2	1.0906542E+3	9.9994421E-2	4.4962935E+3	5.5800001E-6	2.5090718E-1	1.8943854E+2	1.0491264E+1	-2.2195100E-5	4.5054990E+3	-1.0002660E-1	4.5066973E+3	2.6600001E-5	-1.1984627E+0	4.0000000E+0	0.0000000E+0	0.0000000E+0	0.0000000E+0
5.6099997E+0	1.7548740E-5	7.9999998E-2	4.5587319E+3	2.1865961E-5	4.5733184E+3	8.0050707E-2	4.5616216E+3	-5.0710001E-5	-2.8896661E+0	1.0001110E-1	4.5738262E+3	-1.1100000E-5	-5.0763834E-1	1.8943854E+2	1.0491306E+1	-2.2058000E-5	4.5335024E+3	-1.0004470E-1	4.5355293E+3	4.4699998E-5	-2.0264757E+0	5.0000000E+0	1.0000000E+0	0.0000000E+0	0.0000000E+0
6.4219999E+0	2.1870939E-5	1.0000000E-1	4.5722773E+3	2.2192860E-5	4.5059536E+3	9.9986076E-2	4.5716406E+3	1.3920000E-5	6.3646096E-1	1.0006950E-1	4.5090854E+3	-6.9499998E-5	-3.1316378E+0	1.8943854E+2	1.0491306E+1	-2.1883550E-5	4.5696426E+3	-1.0009880E-1	4.5741572E+3	9.8800003E-5	-4.5148067E+0	6.0000000E+0	0.0000000E+0	0.0000000E+0	0.0000000E+0
7.2349997E+0	2.6499951E-5	1.2000000E-1	4.5283105E+3	2.2248631E-5	4.4946587E+3	1.2008330E-1	4.5314536E+3	-8.3300001E-5	-3.1434021E+0	1.0006480E-1	4.4975713E+3	-6.4799999E-5	-2.9125388E+0	1.8943854E+2	1.0491306E+1	-2.1874481E-5	4.5715371E+3	-1.0006760E-1	4.5746274E+3	6.7599998E-5	-3.0903592E+0	7.0000000E+0	0.0000000E+0	0.0000000E+0	0.0000000E+0
8.0629997E+0	3.1243650E-5	1.4000000E-1	4.4809106E+3	2.2171311E-5	4.5103335E+3	1.3997769E-1	4.4801968E+3	2.2300001E-5	7.1374506E-1	1.0001440E-1	4.5109829E+3	-1.4400000E-5	-6.4948803E-1	1.8943854E+2	1.0491306E+1	-2.2213990E-5	4.5016675E+3	-1.0005400E-1	4.5040986E+3	5.4000000E-5	-2.4309006E+0	8.0000000E+0	0.0000000E+0	0.0000000E+0	0.0000000E+0
8.8750000E+0	3.5532550E-5	1.6000000E-1	4.5029136E+3	2.1892511E-5	4.5677725E+3	1.6003010E-1	4.5037607E+3	-3.0100000E-5	-8.4711063E-1	1.0001250E-1	4.5683433E+3	-1.2500000E-5	-5.7097155E-1	1.8943854E+2	1.0491306E+1	-2.2170179E-5	4.5105635E+3	-1.0002370E-1	4.5116323E+3	2.3700000E-5	-1.0690035E+0	9.0000000E+0	0.0000000E+0	0.0000000E+0	0.0000000E+0
9.6879997E+0	3.9754621E-5	1.8000001E-1	4.5277759E+3	2.2041409E-5	4.5369150E+3	1.8004490E-1	4.5289053E+3	-4.4900000E-5	-1.1294285E+0	1.0008070E-1	4.5405762E+3	-8.0700003E-5	-3.6612902E+0	1.8943854E+2	1.0491306E+1	-2.1983349E-5	4.5488975E+3	-1.0002450E-1	4.5500117E+3	2.4499999E-5	-1.1144798E+0	1.0000000E+1	0.0000000E+0	0.0000000E+0	0.0000000E+0
1.0766000E+1	4.4326520E-5	2.0000000E-1	4.5119717E+3	2.2170931E-5	4.5104106E+3	2.0002130E-1	4.5124521E+3	-2.1300000E-5	-4.8052499E-1	1.0006620E-1	4.5133965E+3	-6.6200002E-5	-2.9858918E+0	1.8943854E+2	1.0491306E+1	-2.1913769E-5	4.5633408E+3	-1.0007640E-1	4.5668271E+3	7.6400000E-5	-3.4863923E+0	1.1000000E+1	0.0000000E+0	0.0000000E+0	0.0000000E+0
1.3297000E+1	4.8964139E-5	2.2000000E-1	4.4930840E+3	2.2333570E-5	4.4775645E+3	2.1998480E-1	4.4927739E+3	1.5200000E-5	3.1043127E-1	1.0006310E-1	4.4803896E+3	-6.3100000E-5	-2.8253431E+0	1.8943854E+2	1.0491390E+1	-2.2078490E-5	4.5292954E+3	-1.0009310E-1	4.5335122E+3	9.3100003E-5	-4.2167740E+0	1.2000000E+1	0.0000000E+0	0.0000000E+0	0.0000000E+0
1.4110000E+1	5.3731030E-5	2.3999999E-1	4.4666929E+3	2.2023871E-5	4.5405278E+3	2.4002360E-1	4.4671318E+3	-2.3600000E-5	-4.3922478E-1	1.0006140E-1	4.5433159E+3	-6.1400002E-5	-2.7878842E+0	1.8943854E+2	1.0491390E+1	-2.2331880E-5	4.4779033E+3	-1.0002950E-1	4.4792241E+3	2.9500001E-5	-1.3209815E+0	1.3000000E+1	0.0000000E+0	0.0000000E+0	0.0000000E+0
1.4922000E+1	5.8122288E-5	2.5999999E-1	4.4733267E+3	2.1928319E-5	4.5603130E+3	2.6001099E-1	4.4735161E+3	-1.1000000E-5	-1.8925613E-1	1.0007290E-1	4.5636372E+3	-7.2900002E-5	-3.3244681E+0	1.8943854E+2	1.0491390E+1	-2.2335311E-5	4.4772158E+3	-1.0003730E-1	4.4788857E+3	3.7300000E-5	-1.6700014E+0	1.4000000E+1	0.0000000E+0	0.0000000E+0	0.0000000E+0
1.5750000E+1	6.2463383E-5	2.8000000E-1	4.4826265E+3	2.1935761E-5	4.5587661E+3	2.8004721E-1	4.4833823E+3	-4.7199999E-5	-7.5564277E-1	1.0005660E-1	4.5613462E+3	-5.6600002E-5	-2.5802617E+0	1.8943854E+2	1.0491390E+1	-2.2061260E-5	4.5328325E+3	-1.0002590E-1	4.5340068E+3	2.5900001E-5	-1.1740037E+0	1.5000000E+1	0.0000000E+0	0.0000000E+0	0.0000000E+0
1.6563000E+1	6.7050620E-5	3.0000001E-1	4.4742314E+3	2.2109631E-5	4.5229160E+3	3.0004740E-1	4.4749385E+3	-4.7400001E-5	-7.0692861E-1	1.0007860E-1	4.5264712E+3	-7.8600002E-5	-3.5550120E+0	1.8943854E+2	1.0491390E+1	-2.1950071E-5	4.5557939E+3	-1.0004470E-1	4.5578306E+3	4.4699998E-5	-2.0364399E+0	1.6000000E+1	0.0000000E+0	0.0000000E+0	0.0000000E+0
1.7375000E+1	7.1698872E-5	3.1999999E-1	4.4631108E+3	2.1942091E-5	4.5574512E+3	3.1999439E-1	4.4630327E+3	5.5999999E-6	7.8104436E-2	1.0002680E-1	4.5586724E+3	-2.6800000E-5	-1.2213969E+0	1.8943854E+2	1.0491390E+1	-2.2213941E-5	4.5016777E+3	-1.0000630E-1	4.5019614E+3	6.3000002E-6	-2.8360569E-1	1.7000000E+1	0.0000000E+0	0.0000000E+0	0.0000000E+0
2.0219000E+1	7.6319753E-5	3.4000000E-1	4.4549414E+3	2.2310111E-5	4.4822729E+3	3.3999440E-1	4.4548677E+3	5.5999999E-6	7.3375501E-2	1.0004280E-1	4.4841914E+3	-4.2799998E-5	-1.9184128E+0	1.8943854E+2	1.0491558E+1	-2.1896720E-5	4.5668940E+3	-1.0005500E-1	4.5694058E+3	5.5000000E-5	-2.5117917E+0	1.8000000E+1	0.0000000E+0	0.0000000E+0	0.0000000E+0
2.1032000E+1	8.1335827E-5	3.6000001E-1	4.4260937E+3	2.2303950E-5	4.4835107E+3	3.5992220E-1	4.4251372E+3	7.7800003E-5	9.5652801E-1	1.0002110E-1	4.4844570E+3	-2.1100001E-5	-9.4602078E-1	1.8943854E+2	1.0491558E+1	-2.2212160E-5	4.5020386E+3	-1.0002610E-1	4.5032134E+3	2.6100000E-5	-1.1750320E+0	1.9000000E+1	0.0000000E+0	0.0000000E+0	0.0000000E+0
2.1844000E+1	8.5787142E-5	3.8000000E-1	4.4295684E+3	2.1901669E-5	4.5658618E+3	3.7999490E-1	4.4295088E+3	5.1000002E-6	5.9449472E-2	1.0009050E-1	4.5699941E+3	-9.0499998E-5	-4.1321049E+0	1.8943854E+2	1.0491558E+1	-2.2230581E-5	4.4983081E+3	-1.0007430E-1	4.5016504E+3	7.4299998E-5	-3.3422430E+0	2.0000000E+1	0.0000000E+0	0.0000000E+0	0.0000000E+0
2.2657000E+1	9.0273243E-5	4.0000001E-1	4.4309922E+3	2.2067219E-5	4.5316084E+3	3.9990810E-1	4.4299741E+3	9.1900001E-5	1.0180204E+0	1.0007430E-1	4.5349756E+3	-7.4299998E-5	-3.3669851E+0	1.8943854E+2	1.0491558E+1	-2.1963600E-5	4.5529878E+3	-1.0005690E-1	4.5555781E+3	5.6900000E-5	-2.5906501E+0	2.1000000E+1	0.0000000E+0	0.0000000E+0	0.0000000E+0
2.3469000E+1	9.5100979E-5	4.1999999E-1	4.4163584E+3	2.2306869E-5	4.4829238E+3	4.1998979E-1	4.4162510E+3	1.0200000E-5	1.0725442E-1	1.0006190E-1	4.4856987E+3	-6.1899998E-5	-2.7749298E+0	1.8943854E+2	1.0491558E+1	-2.1917611E-5	4.5625415E+3	-1.0001610E-1	4.5632759E+3	1.6100001E-5	-7.3456913E-1	2.2000000E+1	0.0000000E+0	0.0000000E+0	0.0000000E+0
2.4282000E+1	1.0010390E-4	4.4000000E-1	4.3954331E+3	2.2244831E-5	4.4954268E+3	4.3996859E-1	4.3951196E+3	3.1399999E-5	3.1367409E-1	1.0004380E-1	4.4973955E+3	-4.3799999E-5	-1.9689969E+0	1.8943854E+2	1.0491558E+1	-2.2271141E-5	4.4901157E+3	-1.0000630E-1	4.4903989E+3	6.3000002E-6	-2.8287730E-1	2.3000000E+1	0.0000000E+0	0.0000000E+0	0.0000000E+0
2.5094000E+1	1.0462460E-4	4.6000001E-1	4.3966714E+3	2.1924699E-5	4.5610659E+3	4.5995429E-1	4.3962349E+3	4.5699999E-5	4.3679976E-1	1.0007720E-1	4.5645869E+3	-7.7199998E-5	-3.5211427E+0	1.8943854E+2	1.0491558E+1	-2.2337041E-5	4.4768691E+3	-1.0006620E-1	4.4798325E+3	6.6200002E-5	-2.9636872E+0	2.4000000E+1	0.0000000E+0	0.0000000E+0	0.0000000E+0
2.5922001E+1	1.0920340E-4	4.7999999E-1	4.3954678E+3	2.1933050E-5	4.5593296E+3	4.7992900E-1	4.3948174E+3	7.1000002E-5	6.5016294E-1	1.0005550E-1	4.5618599E+3	-5.5500001E-5	-2.5304279E+0	1.8943854E+2	1.0491558E+1	-2.1981919E-5	4.5491934E+3	-1.0004450E-1	4.5512178E+3	4.4500001E-5	-2.0243909E+0	2.5000000E+1	1.0000000E+0	0.0000000E+0	0.0000000E+0
2.6735001E+1	1.1394250E-4	5.0000000E-1	4.3881782E+3	2.1919430E-5	4.5621626E+3	4.9991301E-1	4.3874146E+3	8.7000000E-5	7.6354301E-1	1.0005040E-1	4.5644619E+3	-5.0400002E-5	-2.2993298E+0	1.8943854E+2	1.0491558E+1	-2.2055619E-5	4.5339917E+3	-1.0004040E-1	4.5358237E+3	4.0399998E-5	-1.8317326E+0	2.6000000E+1	0.0000000E+0	0.0000000E+0	0.0000000E+0
2.7547001E+1	1.1869260E-4	5.1999998E-1	4.3810649E+3	2.1998010E-5	4.5458657E+3	5.1993817E-1	4.3805444E+3	6.1799998E-5	5.2067274E-1	1.0009670E-1	4.5502617E+3	-9.6700001E-5	-4.3958521E+0	1.8943854E+2	1.0491558E+1	-2.2042270E-5	4.5367378E+3	-1.0004880E-1	4.5389517E+3	4.8800001E-5	-2.2139280E+0	2.7000000E+1	0.0000000E+0	0.0000000E+0	0.0000000E+0
2.8375000E+1	1.2361760E-4	5.4000002E-1	4.3683101E+3	2.2302909E-5	4.4837197E+3	5.3989363E-1	4.3674492E+3	1.0640000E-4	8.6071885E-1	1.0005880E-1	4.4863564E+3	-5.8800000E-5	-2.6364272E+0	1.8943854E+2	1.0491558E+1	-2.1911550E-5	4.5638032E+3	-1.0001850E-1	4.5646475E+3	1.8500001E-5	-8.4430355E-1	2.8000000E+1	0.0000000E+0	0.0000000E+0	0.0000000E+0
2.9188000E+1	1.2865290E-4	5.6000000E-1	4.3527974E+3	2.2353710E-5	4.4735303E+3	5.5993873E-1	4.3523208E+3	6.1300001E-5	4.7647586E-1	1.0007360E-1	4.4768228E+3	-7.3600000E-5	-3.2925184E+0	1.8943854E+2	1.0491558E+1	-2.1964810E-5	4.5527368E+3	-1.0004040E-1	4.5545762E+3	4.0399998E-5	-1.8393056E+0	2.9000000E+1	0.0000000E+0	0.0000000E+0	0.0000000E+0
3.2140999E+1	1.3341851E-4	5.7999998E-1	4.3472231E+3	2.2306491E-5	4.4830000E+3	5.7989877E-1	4.3464648E+3	1.0120000E-4	7.5851548E-1	1.0004810E-1	4.4851567E+3	-4.8099999E-5	-2.1563232E+0	1.8943854E+2	1.0491556E+1	-2.1934360E-5	4.5590571E+3	-1.0002230E-1	4.5600737E+3	2.2300001E-5	-1.0166698E+0	3.0000000E+1	0.0000000E+0	0.0000000E+0	0.0000000E+0
3.2953999E+1	1.3819350E-4	6.0000002E-1	4.3417383E+3	2.2359951E-5	4.4722817E+3	5.9987712E-1	4.3408491E+3	1.2290000E-4	8.8933271E-1	1.0001490E-1	4.4729482E+3	-1.4900000E-5	-6.6637003E-1	1.8943854E+2	1.0491556E+1	-2.2091919E-5	4.5265420E+3	-1.0002180E-1	4.5275288E+3	2.1800000E-5	-9.8678613E-1	3.1000000E+1	0.0000000E+0	0.0000000E+0	0.0000000E+0
3.3782001E+1	1.4333460E-4	6.2000000E-1	4.3255430E+3	2.2136301E-5	4.5174668E+3	6.1990052E-1	4.3248491E+3	9.9500001E-5	6.9417989E-1	1.0008070E-1	4.5211123E+3	-8.0700003E-5	-3.6455958E+0	1.8943854E+2	1.0491556E+1	-2.2296579E-5	4.4849927E+3	-1.0012130E-1	4.4904331E+3	1.2130000E-4	-5.4402962E+0	3.2000000E+1	0.0000000E+0	0.0000000E+0	0.0000000E+0
3.4594002E+1	1.4786571E-4	6.3999999E-1	4.3282520E+3	2.2013821E-5	4.5426011E+3	6.3993019E-1	4.3277798E+3	6.9800000E-5	4.7204998E-1	1.0005690E-1	4.5451855E+3	-5.6900000E-5	-2.5847399E+0	1.8943854E+2	1.0491556E+1	-2.2075710E-5	4.5298657E+3	-1.0001540E-1	4.5305630E+3	1.5400001E-5	-6.9759929E-1	3.3000000E+1	0.0000000E+0	0.0000000E+0	0.0000000E+0
3.5407001E+1	1.5272771E-4	6.6000003E-1	4.3214165E+3	2.2003989E-5	4.5446304E+3	6.5985107E-1	4.3204414E+3	1.4890000E-4	9.7493774E-1	1.0001710E-1	4.5454072E+3	-1.7099999E-5	-7.7713180E-1	1.8943854E+2	1.0491556E+1	-2.2066421E-5	4.5317729E+3	-1.0001350E-1	4.5323843E+3	1.3500000E-5	-6.1178935E-1	3.4000000E+1	0.0000000E+0	0.0000000E+0	0.0000000E+0
3.6219002E+1	1.5760290E-4	6.8000001E-1	4.3146416E+3	2.2243410E-5	4.4957134E+3	6.7981768E-1	4.3134849E+3	1.8230001E-4	1.1567045E+0	1.0007260E-1	4.4989775E+3	-7.2600000E-5	-3.2638881E+0	1.8943854E+2	1.0491556E+1	-2.1922620E-5	4.5614985E+3	-1.0002160E-1	4.5624839E+3	2.1600001E-5	-9.8528367E-1	3.5000000E+1	0.0000000E+0	0.0000000E+0	0.0000000E+0
3.7297001E+1	1.6283810E-4	6.9999999E-1	4.2987480E+3	2.2382121E-5	4.4678521E+3	6.9987208E-1	4.2979629E+3	1.2790000E-4	7.8544271E-1	1.0005310E-1	4.4702246E+3	-5.3100001E-5	-2.3724294E+0	1.8943854E+2	1.0491556E+1	-2.2016129E-5	4.5421245E+3	-1.0006520E-1	4.5450859E+3	6.5200002E-5	-2.9614651E+0	3.6000000E+1	0.0000000E+0	0.0000000E+0	0.0000000E+0
3.9828999E+1	1.6777140E-4	7.2000003E-1	4.2915537E+3	2.2373710E-5	4.4695312E+3	7.1988863E-1	4.2908896E+3	1.1140000E-4	6.6399872E-1	1.0005780E-1	4.4721147E+3	-5.7800000E-5	-2.5833893E+0	1.8943854E+2	1.0491894E+1	-2.2099990E-5	4.5248892E+3	-1.0005660E-1	4.5274502E+3	5.6600002E-5	-2.5610871E+0	3.7000000E+1	0.0000000E+0	0.0000000E+0	0.0000000E+0
4.0657001E+1	1.7290311E-4	7.4000001E-1	4.2798540E+3	2.2060891E-5	4.5329087E+3	7.3989522E-1	4.2792476E+3	1.0480000E-4	6.0611987E-1	1.0006620E-1	4.5359097E+3	-6.6200002E-5	-3.0007856E+0	1.8943854E+2	1.0491894E+1	-2.2367010E-5	4.4708701E+3	-1.0006450E-1	4.4737539E+3	6.4499996E-5	-2.8837113E+0	3.8000000E+1	0.0000000E+0	0.0000000E+0	0.0000000E+0
4.1469002E+1	1.7769331E-4	7.5999999E-1	4.2770322E+3	2.1962411E-5	4.5532344E+3	7.5985032E-1	4.2761899E+3	1.4970000E-4	8.4246284E-1	1.0000210E-1	4.5533301E+3	-2.1000001E-6	-9.5617920E-2	1.8943854E+2	1.0491894E+1	-2.2328441E-5	4.4785933E+3	-1.0000040E-1	4.4786113E+3	4.0000000E-7	-1.7914373E-2	3.9000000E+1	0.0000000E+0	0.0000000E+0	0.0000000E+0
4.2282001E+1	1.8240931E-4	7.7999997E-1	4.2760977E+3	2.2101931E-5	4.5244917E+3	7.7986938E-1	4.2753818E+3	1.3060000E-4	7.1597224E-1	1.0008500E-1	4.5283374E+3	-8.5000000E-5	-3.8458180E+0	1.8943854E+2	1.0491894E+1	-2.2025260E-5	4.5402417E+3	-1.0003920E-1	4.5420215E+3	3.9200000E-5	-1.7797747E+0	4.0000000E+1	0.0000000E+0	0.0000000E+0	0.0000000E+0
4.3094002E+1	1.8773149E-4	8.0000001E-1	4.2614053E+3	2.2369981E-5	4.4702769E+3	7.9983342E-1	4.2605176E+3	1.6660000E-4	8.8743764E-1	1.0006930E-1	4.4733745E+3	-6.9299997E-5	-3.0979018E+0	1.8943854E+2	1.0491894E+1	-2.2005650E-5	4.5442876E+3	-1.0005620E-1	4.5468413E+3	5.6199999E-5	-2.5538895E+0	4.1000000E+1	0.0000000E+0	0.0000000E+0	0.0000000E+0
4.3907001E+1	1.9291371E-4	8.1999999E-1	4.2506055E+3	2.1918200E-5	4.5624185E+3	8.1985348E-1	4.2498457E+3	1.4650000E-4	7.5940692E-1	1.0004570E-1	4.5645034E+3	-4.5699999E-5	-2.0850253E+0	1.8943854E+2	1.0491894E+1	-2.2066930E-5	4.5316680E+3	-1.0003690E-1	4.5333403E+3	3.6900001E-5	-1.6721855E+0	4.2000000E+1	0.0000000E+0	0.0000000E+0	0.0000000E+0
4.6750000E+1	1.9760789E-4	8.3999997E-1	4.2508423E+3	2.1922920E-5	4.5614360E+3	8.3986270E-1	4.2501475E+3	1.3730000E-4	6.9481027E-1	1.0006070E-1	4.5642051E+3	-6.0700000E-5	-2.7687917E+0	1.8943854E+2	1.0492102E+1	-2.2187971E-5	4.5069468E+3	-1.0003090E-1	4.5083394E+3	3.0899999E-5	-1.3926466E+0	4.3000000E+1	0.0000000E+0	0.0000000E+0	0.0000000E+0
4.7578999E+1	2.0274711E-4	8.6000001E-1	4.2417378E+3	2.1918629E-5	4.5623291E+3	8.5985041E-1	4.2409995E+3	1.4960000E-4	7.3786503E-1	1.0007520E-1	4.5657598E+3	-7.5199998E-5	-3.4308712E+0	1.8943854E+2	1.0492102E+1	-2.2079590E-5	4.5290698E+3	-1.0006210E-1	4.5318823E+3	6.2100000E-5	-2.8125522E+0	4.4000000E+1	0.0000000E+0	0.0000000E+0	0.0000000E+0
4.8390999E+1	2.0775090E-4	8.8000000E-1	4.2358423E+3	2.1935481E-5	4.5588242E+3	8.7981403E-1	4.2349468E+3	1.8600000E-4	8.9530295E-1	1.0006810E-1	4.5619287E+3	-6.8100002E-5	-3.1045594E+0	1.8943854E+2	1.0492102E+1	-2.2160570E-5	4.5125195E+3	-1.0000660E-1	4.5128169E+3	6.5999998E-6	-2.9782626E-1	4.5000000E+1	0.0000000E+0	0.0000000E+0	0.0000000E+0
4.9219002E+1	2.1296740E-4	8.9999998E-1	4.2259990E+3	2.2374221E-5	4.4694297E+3	8.9983767E-1	4.2252368E+3	1.6230000E-4	7.6208848E-1	1.0007860E-1	4.4729424E+3	-7.8600002E-5	-3.5129716E+0	1.8943854E+2	1.0492102E+1	-2.2278040E-5	4.4887251E+3	-1.0002330E-1	4.4897710E+3	2.3299999E-5	-1.0458729E+0	4.6000000E+1	0.0000000E+0	0.0000000E+0	0.0000000E+0
5.0015999E+1	2.1829701E-4	9.2000002E-1	4.2144419E+3	2.2214181E-5	4.5016289E+3	9.1985333E-1	4.2137695E+3	1.4670000E-4	6.7202026E-1	1.0006400E-1	4.5045103E+3	-6.4000000E-5	-2.8810427E+0	1.8943854E+2	1.0492102E+1	-2.2284350E-5	4.4874541E+3	-1.0003070E-1	4.4888320E+3	3.0700001E-5	-1.3776485E+0	4.7000000E+1	0.0000000E+0	0.0000000E+0	0.0000000E+0
5.0844002E+1	2.2315110E-4	9.4000000E-1	4.2123926E+3	2.1954551E-5	4.5548643E+3	9.3984717E-1	4.2117075E+3	1.5280000E-4	6.8473780E-1	9.9991798E-2	4.5544912E+3	8.1999997E-6	3.7349889E-1	1.8943854E+2	1.0492102E+1	-2.2142751E-5	4.5161509E+3	-1.0001060E-1	4.5166294E+3	1.0600000E-5	-4.7871199E-1	4.8000000E+1	0.0000000E+0	0.0000000E+0	0.0000000E+0
5.1657001E+1	2.2821400E-4	9.5999998E-1	4.2065781E+3	2.1939220E-5	4.5580474E+3	9.5981598E-1	4.2057720E+3	1.8400000E-4	8.0626076E-1	9.9981777E-2	4.5572168E+3	1.8220000E-5	8.3047622E-1	1.8943854E+2	1.0492102E+1	-2.2165201E-5	4.5115767E+3	-1.0009120E-1	4.5156914E+3	9.1200003E-5	-4.1145577E+0	4.9000000E+1	0.0000000E+0	0.0000000E+0	0.0000000E+0
5.2469002E+1	2.3336450E-4	9.8000002E-1	4.1994390E+3	2.1929591E-5	4.5600488E+3	9.7979867E-1	4.1985767E+3	2.0130000E-4	8.6259907E-1	1.0006240E-1	4.5628940E+3	-6.2400002E-5	-2.8454704E+0	1.8943854E+2	1.0492102E+1	-2.2074630E-5	4.5300874E+3	-1.0002590E-1	4.5312607E+3	2.5900001E-5	-1.1732926E+0	5.0000000E+1	0.0000000E+0	0.0000000E+0	0.0000000E+0
5.3297001E+1	2.3845650E-4	1.0000000E+0	4.1936372E+3	2.2344540E-5	4.4753662E+3	9.9979568E-1	4.1927803E+3	2.0430000E-4	8.5676003E-1	9.9999897E-2	4.4753618E+3	1.0000000E-7	4.4753663E-3	1.8943854E+2	1.0492102E+1	-2.2118100E-5	4.5211841E+3	-1.0010930E-1	4.5261255E+3	1.0930000E-4	-4.9416542E+0	5.1000000E+1	0.0000000E+0	0.0000000E+0	0.0000000E+0
5.4110001E+1	2.3357219E-4	9.8000002E-1	4.1957046E+3	2.2399810E-5	4.4643237E+3	9.7981203E-1	4.1948999E+3	1.8800001E-4	8.0489033E-1	1.0002280E-1	4.4653413E+3	-2.2800001E-5	-1.0178658E+0	1.8943854E+2	1.0492102E+1	-2.2065240E-5	4.5320151E+3	-1.0003190E-1	4.5334609E+3	3.1899999E-5	-1.4457128E+0	5.2000000E+1	0.0000000E+0	0.0000000E+0	0.0000000E+0
5.4922001E+1	2.2855170E-4	9.5999998E-1	4.2003623E+3	2.1973519E-5	4.5509321E+3	9.5981199E-1	4.1995400E+3	1.8800001E-4	8.2257098E-1	1.0008600E-1	4.5548462E+3	-8.6000000E-5	-3.9138017E+0	1.8943854E+2	1.0492102E+1	-2.2391880E-5	4.4659048E+3	-1.0003040E-1	4.4672622E+3	3.0400000E-5	-1.3576350E+0	5.3000000E+1	0.0000000E+0	0.0000000E+0	0.0000000E+0
5.5735001E+1	2.2332180E-4	9.4000000E-1	4.2091724E+3	2.1986119E-5	4.5483242E+3	9.3985260E-1	4.2085127E+3	1.4740000E-4	6.6003406E-1	1.0004850E-1	4.5505303E+3	-4.8499998E-5	-2.2059371E+0	1.8943854E+2	1.0492102E+1	-2.2089211E-5	4.5270972E+3	-1.0005140E-1	4.5294243E+3	5.1399998E-5	-2.3269279E+0	5.4000000E+1	0.0000000E+0	0.0000000E+0	0.0000000E+0
5.8672001E+1	2.1808140E-4	9.2000002E-1	4.2186084E+3	2.1941760E-5	4.5575195E+3	9.1982073E-1	4.2177861E+3	1.7930000E-4	8.2217008E-1	1.0007000E-1	4.5607100E+3	-7.0000002E-5	-3.1902637E+0	1.8943854E+2	1.0492396E+1	-2.2216900E-5	4.5010781E+3	-1.0004850E-1	4.5032612E+3	4.8499998E-5	-2.1830227E+0	5.5000000E+1	0.0000000E+0	0.0000000E+0	0.0000000E+0
5.9500000E+1	2.1295941E-4	8.9999998E-1	4.2261577E+3	2.1943610E-5	4.5571353E+3	8.9985740E-1	4.2254883E+3	1.4259999E-4	6.6961122E-1	1.0003350E-1	4.5586621E+3	-3.3500000E-5	-1.5266403E+0	1.8943854E+2	1.0492396E+1	-2.2009230E-5	4.5435483E+3	-1.0002260E-1	4.5445752E+3	2.2599999E-5	-1.0268419E+0	5.6000000E+1	0.0000000E+0	0.0000000E+0	0.0000000E+0
6.0313000E+1	2.0804509E-4	8.8000000E-1	4.2298521E+3	2.2389700E-5	4.4663394E+3	8.7984371E-1	4.2291006E+3	1.5630000E-4	7.5127941E-1	1.0007170E-1	4.4695420E+3	-7.1700000E-5	-3.2023654E+0	1.8943854E+2	1.0492396E+1	-2.2059199E-5	4.5332559E+3	-1.0003850E-1	4.5350015E+3	3.8499998E-5	-1.7453035E+0	5.7000000E+1	0.0000000E+0	0.0000000E+0	0.0000000E+0
6.1125000E+1	2.0321780E-4	8.6000001E-1	4.2319126E+3	2.2205950E-5	4.5032974E+3	8.5984659E-1	4.2311577E+3	1.5340000E-4	7.5485516E-1	1.0000710E-1	4.5036172E+3	-7.0999999E-6	-3.1973413E-1	1.8943854E+2	1.0492396E+1	-2.2399439E-5	4.4643975E+3	-1.0000540E-1	4.4646382E+3	5.4000002E-6	-2.4107745E-1	5.8000000E+1	0.0000000E+0	0.0000000E+0	0.0000000E+0
6.1938000E+1	1.9784480E-4	8.3999997E-1	4.2457524E+3	2.1939110E-5	4.5580698E+3	8.3985567E-1	4.2450229E+3	1.4429999E-4	7.2935957E-1	1.0004760E-1	4.5602397E+3	-4.7599999E-5	-2.1696413E+0	1.8943854E+2	1.0492396E+1	-2.2224491E-5	4.4995410E+3	-1.0000900E-1	4.4999458E+3	9.0000003E-6	-4.0495867E-1	5.9000000E+1	0.0000000E+0	0.0000000E+0	0.0000000E+0
6.2750000E+1	1.9280470E-4	8.1999999E-1	4.2530083E+3	2.1992400E-5	4.5470254E+3	8.1987059E-1	4.2523374E+3	1.2940000E-4	6.7114544E-1	1.0007020E-1	4.5502173E+3	-7.0200003E-5	-3.1920118E+0	1.8943854E+2	1.0492396E+1	-2.2096840E-5	4.5255342E+3	-1.0003300E-1	4.5270273E+3	3.3000000E-5	-1.4934262E+0	6.0000000E+1	0.0000000E+0	0.0000000E+0	0.0000000E+0
6.3828999E+1	1.8770390E-4	8.0000001E-1	4.2620317E+3	2.2373750E-5	4.4695234E+3	7.9985958E-1	4.2612837E+3	1.4040001E-4	7.4798661E-1	1.0004350E-1	4.4714678E+3	-4.3500000E-5	-1.9442427E+0	1.8943854E+2	1.0492396E+1	-2.2297379E-5	4.4848320E+3	-1.0008860E-1	4.4888052E+3	8.8599998E-5	-3.9735610E+0	6.1000000E+1	0.0000000E+0	0.0000000E+0	0.0000000E+0
6.6360001E+1	1.8296530E-4	7.7999997E-1	4.2631035E+3	2.1959000E-5	4.5539414E+3	7.7986902E-1	4.2623877E+3	1.3099999E-4	7.1598274E-1	1.0003920E-1	4.5557266E+3	-3.9200000E-5	-1.7851450E+0	1.8943854E+2	1.0492144E+1	-2.2340380E-5	4.4761997E+3	-1.0003660E-1	4.4778379E+3	3.6599999E-5	-1.6382891E+0	6.2000000E+1	0.0000000E+0	0.0000000E+0	0.0000000E+0
6.7171997E+1	1.7776430E-4	7.5999999E-1	4.2753242E+3	2.2394021E-5	4.4654780E+3	7.5986582E-1	4.2745693E+3	1.3420000E-4	7.5493222E-1	1.0005020E-1	4.4677197E+3	-5.0200000E-5	-2.2416699E+0	1.8943854E+2	1.0492144E+1	-2.2067510E-5	4.5315488E+3	-1.0004760E-1	4.5337061E+3	4.7599999E-5	-2.1570172E+0	6.3000000E+1	0.0000000E+0	0.0000000E+0	0.0000000E+0
6.7985001E+1	1.7320229E-4	7.4000001E-1	4.2724604E+3	2.2231270E-5	4.4981685E+3	7.3987418E-1	4.2717344E+3	1.2580000E-4	7.2631830E-1	1.0006170E-1	4.5009438E+3	-6.1699997E-5	-2.7753701E+0	1.8943854E+2	1.0492144E+1	-2.2325070E-5	4.4792690E+3	-1.0006140E-1	4.4820195E+3	6.1400002E-5	-2.7502713E+0	6.4000000E+1	0.0000000E+0	0.0000000E+0	0.0000000E+0
6.8796997E+1	1.6810010E-4	7.2000003E-1	4.2831621E+3	2.2016140E-5	4.5421221E+3	7.1987742E-1	4.2824331E+3	1.2260000E-4	7.2932732E-1	1.0006640E-1	4.5451382E+3	-6.6400004E-5	-3.0159693E+0	1.8943854E+2	1.0492144E+1	-2.2411739E-5	4.4619473E+3	-1.0001300E-1	4.4625273E+3	1.3000000E-5	-5.8005315E-1	6.5000000E+1	0.0000000E+0	0.0000000E+0	0.0000000E+0
6.9625000E+1	1.6312160E-4	6.9999999E-1	4.2912773E+3	2.1968401E-5	4.5519927E+3	6.9988161E-1	4.2905513E+3	1.1840000E-4	7.2583890E-1	1.0005430E-1	4.5544644E+3	-5.4299999E-5	-2.4717321E+0	1.8943854E+2	1.0492144E+1	-2.2242721E-5	4.4958530E+3	-1.0000320E-1	4.4959971E+3	3.2000000E-6	-1.4386730E-1	6.6000000E+1	0.0000000E+0	0.0000000E+0	0.0000000E+0
7.0438004E+1	1.5789051E-4	6.8000001E-1	4.3067822E+3	2.2248631E-5	4.4946587E+3	6.7986178E-1	4.3059067E+3	1.3820000E-4	8.7529016E-1	1.0005350E-1	4.4970635E+3	-5.3500000E-5	-2.4046423E+0	1.8943854E+2	1.0492144E+1	-2.2029501E-5	4.5393677E+3	-1.0002780E-1	4.5406294E+3	2.7800001E-5	-1.2619442E+0	6.7000000E+1	0.0000000E+0	0.0000000E+0	0.0000000E+0
7.3281998E+1	1.5331349E-4	6.6000003E-1	4.3049048E+3	2.2345879E-5	4.4750977E+3	6.5991342E-1	4.3043398E+3	8.6599997E-5	5.6485569E-1	1.0002760E-1	4.4763330E+3	-2.7599999E-5	-1.2351270E+0	1.8943854E+2	1.0492250E+1	-2.2338560E-5	4.4765645E+3	-1.0005450E-1	4.4790039E+3	5.4500000E-5	-2.4397275E+0	6.8000000E+1	0.0000000E+0	0.0000000E+0	0.0000000E+0
7.4110001E+1	1.4833271E-4	6.3999999E-1	4.3146250E+3	2.1961059E-5	4.5535142E+3	6.3986212E-1	4.3136953E+3	1.3790000E-4	9.2966688E-1	1.0005260E-1	4.5559092E+3	-5.2600000E-5	-2.3951485E+0	1.8943854E+2	1.0492250E+1	-2.2293940E-5	4.4855239E+3	-1.0002040E-1	4.4864390E+3	2.0400001E-5	-9.1504687E-1	6.9000000E+1	0.0000000E+0	0.0000000E+0	0.0000000E+0
7.4921997E+1	1.4342900E-4	6.2000000E-1	4.3226963E+3	2.2009150E-5	4.5435649E+3	6.1989743E-1	4.3219810E+3	1.0260000E-4	7.1533650E-1	1.0006950E-1	4.5467227E+3	-6.9499998E-5	-3.1577775E+0	1.8943854E+2	1.0492250E+1	-2.1961750E-5	4.5533711E+3	-1.0002490E-1	4.5545049E+3	2.4900000E-5	-1.1337894E+0	7.0000000E+1	0.0000000E+0	0.0000000E+0	0.0000000E+0
7.5735001E+1	1.3852780E-4	6.0000002E-1	4.3312607E+3	2.2348720E-5	4.4745293E+3	5.9991461E-1	4.3306440E+3	8.5400003E-5	6.1648273E-1	1.0007690E-1	4.4779702E+3	-7.6900003E-5	-3.4409130E+0	1.8943854E+2	1.0492250E+1	-2.1968750E-5	4.5519204E+3	-1.0003730E-1	4.5536182E+3	3.7300000E-5	-1.6978663E+0	7.1000000E+1	0.0000000E+0	0.0000000E+0	0.0000000E+0
7.6546997E+1	1.3396060E-4	5.7999998E-1	4.3296313E+3	2.2099401E-5	4.5250098E+3	5.7991529E-1	4.3289990E+3	8.4699997E-5	6.3227546E-1	1.0007950E-1	4.5286069E+3	-7.9500001E-5	-3.5973828E+0	1.8943854E+2	1.0492250E+1	-2.2422460E-5	4.4598140E+3	-1.0007290E-1	4.4630649E+3	7.2900002E-5	-3.2512045E+0	7.2000000E+1	0.0000000E+0	0.0000000E+0	0.0000000E+0
7.7360001E+1	1.2883671E-4	5.6000000E-1	4.3465874E+3	2.1959930E-5	4.5537485E+3	5.5991441E-1	4.3459233E+3	8.5599997E-5	6.6440696E-1	1.0005350E-1	4.5561851E+3	-5.3500000E-5	-2.4362555E+0	1.8943854E+2	1.0492250E+1	-2.2307469E-5	4.4828032E+3	-1.0008690E-1	4.4866987E+3	8.6900000E-5	-3.8955560E+0	7.3000000E+1	0.0000000E+0	0.0000000E+0	0.0000000E+0
7.8171997E+1	1.2395380E-4	5.4000002E-1	4.3564619E+3	2.2420660E-5	4.4601719E+3	5.3993767E-1	4.3559595E+3	6.2300001E-5	5.0260663E-1	1.0005760E-1	4.4627412E+3	-5.7599998E-5	-2.5690591E+0	1.8943854E+2	1.0492250E+1	-2.2040531E-5	4.5370962E+3	-1.0004140E-1	4.5389741E+3	4.1399999E-5	-1.8783578E+0	7.4000000E+1	0.0000000E+0	0.0000000E+0	0.0000000E+0
7.8985001E+1	1.1949070E-4	5.1999998E-1	4.3518032E+3	2.2153579E-5	4.5139434E+3	5.1989150E-1	4.3508950E+3	1.0850000E-4	9.0802044E-1	1.0005000E-1	4.5162002E+3	-4.9999999E-5	-2.2569716E+0	1.8943854E+2	1.0492250E+1	-2.2380260E-5	4.4682231E+3	-1.0001560E-1	4.4689204E+3	1.5600001E-5	-6.9704282E-1	7.5000000E+1	0.0000000E+0	0.0000000E+0	0.0000000E+0
7.9796997E+1	1.1466830E-4	5.0000000E-1	4.3604028E+3	2.2079630E-5	4.5290615E+3	4.9993059E-1	4.3597979E+3	6.9399997E-5	6.0522395E-1	1.0008930E-1	4.5331060E+3	-8.9300003E-5	-4.0444517E+0	1.8943854E+2	1.0492250E+1	-2.2406910E-5	4.4629092E+3	-1.0004140E-1	4.4647568E+3	4.1399999E-5	-1.8476443E+0	7.6000000E+1	0.0000000E+0	0.0000000E+0	0.0000000E+0
8.0625000E+1	1.0993540E-4	4.7999999E-1	4.3662007E+3	2.2045901E-5	4.5359907E+3	4.7988081E-1	4.3651162E+3	1.1920000E-4	1.0842731E+0	1.0007450E-1	4.5393701E+3	-7.4500000E-5	-3.3793132E+0	1.8943854E+2	1.0492250E+1	-2.2275010E-5	4.4893359E+3	-1.0003830E-1	4.4910552E+3	3.8300001E-5	-1.7194157E+0	7.7000000E+1	0.0000000E+0	0.0000000E+0	0.0000000E+0
8.1438004E+1	1.0499240E-4	4.6000001E-1	4.3812695E+3	2.1981879E-5	4.5492017E+3	4.5997241E-1	4.3810068E+3	2.7599999E-5	2.6287618E-1	9.9999189E-2	4.5491646E+3	8.1000002E-7	3.6848530E-2	1.8943854E+2	1.0492250E+1	-2.2394410E-5	4.4653999E+3	-1.0004830E-1	4.4675566E+3	4.8300000E-5	-2.1567883E+0	7.8000000E+1	0.0000000E+0	0.0000000E+0	0.0000000E+0
8.2265999E+1	9.9961297E-5	4.4000000E-1	4.4017036E+3	2.2305619E-5	4.4831753E+3	4.3988749E-1	4.4005781E+3	1.1250000E-4	1.1254356E+0	1.0005260E-1	4.4855332E+3	-5.2600000E-5	-2.3581500E+0	1.8943854E+2	1.0492250E+1	-2.2071330E-5	4.5307646E+3	-1.0002880E-1	4.5320693E+3	2.8799999E-5	-1.3048602E+0	7.9000000E+1	1.0000000E+0	0.0000000E+0	0.0000000E+0
8.5219002E+1	9.5680713E-5	4.1999999E-1	4.3895996E+3	2.2302720E-5	4.4837578E+3	4.1992471E-1	4.3888125E+3	7.5299999E-5	7.8699249E-1	1.0003470E-1	4.4853140E+3	-3.4699999E-5	-1.5558641E+0	1.8943854E+2	1.0492482E+1	-2.2401649E-5	4.4639570E+3	-1.0002060E-1	4.4648765E+3	2.0600000E-5	-9.1957510E-1	8.0000000E+1	0.0000000E+0	0.0000000E+0	0.0000000E+0
8.6015999E+1	9.0730573E-5	4.0000001E-1	4.4086572E+3	2.1971980E-5	4.5512510E+3	3.9992121E-1	4.4077891E+3	7.8800003E-5	8.6850554E-1	1.0007070E-1	4.5544687E+3	-7.0700000E-5	-3.2177346E+0	1.8943854E+2	1.0492482E+1	-2.2354739E-5	4.4733242E+3	-1.0000920E-1	4.4737358E+3	9.2000000E-6	-4.1154584E-1	8.1000000E+1	0.0000000E+0	0.0000000E+0	0.0000000E+0
8.6844002E+1	8.5914508E-5	3.8000000E-1	4.4230015E+3	2.2349561E-5	4.4743608E+3	3.7998560E-1	4.4228340E+3	1.4400000E-5	1.6760847E-1	1.0002140E-1	4.4753184E+3	-2.1399999E-5	-9.5751327E-1	1.8943854E+2	1.0492482E+1	-2.2095850E-5	4.5257368E+3	-1.0004330E-1	4.5276963E+3	4.3299999E-5	-1.9596440E+0	8.2000000E+1	0.0000000E+0	0.0000000E+0	0.0000000E+0
8.7656998E+1	8.1649297E-5	3.6000001E-1	4.4091011E+3	2.2345301E-5	4.4752139E+3	3.5997459E-1	4.4087896E+3	2.5400001E-5	3.1108657E-1	1.0007600E-1	4.4786152E+3	-7.5999997E-5	-3.4011626E+0	1.8943854E+2	1.0492482E+1	-2.2299329E-5	4.4844395E+3	-1.0004500E-1	4.4864575E+3	4.5000001E-5	-2.0179977E+0	8.3000000E+1	0.0000000E+0	0.0000000E+0	0.0000000E+0
8.8469002E+1	7.7038851E-5	3.4000000E-1	4.4133579E+3	2.2146070E-5	4.5154736E+3	3.3999559E-1	4.4133008E+3	4.3999999E-6	5.7114042E-2	1.0005570E-1	4.5179888E+3	-5.5699998E-5	-2.5151188E+0	1.8943854E+2	1.0492482E+1	-2.2398821E-5	4.4645210E+3	-1.0001090E-1	4.4650073E+3	1.0900000E-5	-4.8663276E-1	8.4000000E+1	0.0000000E+0	0.0000000E+0	0.0000000E+0
8.9281998E+1	7.2077841E-5	3.1999999E-1	4.4396445E+3	2.1980461E-5	4.5494951E+3	3.1999990E-1	4.4396431E+3	1.0000000E-7	1.3873889E-3	1.0004880E-1	4.5517153E+3	-4.8800001E-5	-2.2201538E+0	1.8943854E+2	1.0492482E+1	-2.2266850E-5	4.4909810E+3	-1.0005590E-1	4.4934912E+3	5.5900000E-5	-2.5104585E+0	8.5000000E+1	0.0000000E+0	0.0000000E+0	0.0000000E+0
9.0375000E+1	6.7764930E-5	3.0000001E-1	4.4270688E+3	2.1983609E-5	4.5488433E+3	3.0001190E-1	4.4272441E+3	-1.1900000E-5	-1.7560706E-1	1.0006740E-1	4.5519092E+3	-6.7399997E-5	-3.0659206E+0	1.8943854E+2	1.0492482E+1	-2.2095350E-5	4.5258394E+3	-1.0003730E-1	4.5275273E+3	3.7300000E-5	-1.6881380E+0	8.6000000E+1	0.0000000E+0	0.0000000E+0	0.0000000E+0
9.2890999E+1	6.2744737E-5	2.8000000E-1	4.4625254E+3	2.2289771E-5	4.4863628E+3	2.8003621E-1	4.4631025E+3	-3.6199999E-5	-5.7694077E-1	1.0000370E-1	4.4865288E+3	-3.7000000E-6	-1.6599543E-1	1.8943854E+2	1.0492482E+1	-2.1982660E-5	4.5490400E+3	-1.0005520E-1	4.5515513E+3	5.5199998E-5	-2.5110700E+0	8.7000000E+1	0.0000000E+0	0.0000000E+0	0.0000000E+0
9.3719002E+1	5.8468089E-5	2.5999999E-1	4.4468701E+3	2.2324861E-5	4.4793115E+3	2.5998351E-1	4.4465879E+3	1.6500000E-5	2.8220522E-1	1.0003950E-1	4.4810806E+3	-3.9499999E-5	-1.7693280E+0	1.8943854E+2	1.0492482E+1	-2.2339809E-5	4.4763140E+3	-1.0002880E-1	4.4776030E+3	2.8799999E-5	-1.2891784E+0	8.8000000E+1	0.0000000E+0	0.0000000E+0	0.0000000E+0
9.4531998E+1	5.3944590E-5	2.3999999E-1	4.4490098E+3	2.2098549E-5	4.5251836E+3	2.4000640E-1	4.4491284E+3	-6.4000001E-6	-1.1864026E-1	1.0007670E-1	4.5286548E+3	-7.6700002E-5	-3.4708159E+0	1.8943854E+2	1.0492482E+1	-2.2445120E-5	4.4553115E+3	-1.0002990E-1	4.4566436E+3	2.9900000E-5	-1.3321382E+0	8.9000000E+1	0.0000000E+0	0.0000000E+0	0.0000000E+0
9.5344002E+1	4.9011600E-5	2.2000000E-1	4.4887334E+3	2.2272190E-5	4.4899043E+3	2.1998981E-1	4.4885254E+3	1.0200000E-5	2.0811400E-1	1.0001590E-1	4.4906182E+3	-1.5899999E-5	-7.1389478E-1	1.8943854E+2	1.0492482E+1	-2.1981539E-5	4.5492720E+3	-1.0005430E-1	4.5517422E+3	5.4299999E-5	-2.4702547E+0	9.0000000E+1	0.0000000E+0	0.0000000E+0	0.0000000E+0
9.6156998E+1	4.4745571E-5	2.0000000E-1	4.4697163E+3	2.2441560E-5	4.4560181E+3	2.0004110E-1	4.4706348E+3	-4.1100000E-5	-9.1852671E-1	1.0003970E-1	4.4577871E+3	-3.9700000E-5	-1.7690393E+0	1.8943854E+2	1.0492482E+1	-2.2273740E-5	4.4895918E+3	-1.0006240E-1	4.4923931E+3	6.2400002E-5	-2.8015053E+0	9.1000000E+1	0.0000000E+0	0.0000000E+0	0.0000000E+0
9.6969002E+1	4.0384981E-5	1.8000001E-1	4.4571025E+3	2.2101551E-5	4.5245693E+3	1.8003871E-1	4.4580610E+3	-3.8700000E-5	-9.5827705E-1	1.0004830E-1	4.5267549E+3	-4.8300000E-5	-2.1853671E+0	1.8943854E+2	1.0492482E+1	-2.2249920E-5	4.4943979E+3	-1.0000660E-1	4.4946948E+3	6.5999998E-6	-2.9663029E-1	9.2000000E+1	0.0000000E+0	0.0000000E+0	0.0000000E+0
9.9829002E+1	3.5437010E-5	1.6000000E-1	4.5150537E+3	2.2169810E-5	4.5106387E+3	1.6007420E-1	4.5171475E+3	-7.4199997E-5	-2.0938561E+0	1.0004090E-1	4.5124834E+3	-4.0899999E-5	-1.8448511E+0	1.8943854E+2	1.0492648E+1	-2.2071859E-5	4.5306558E+3	-1.0003920E-1	4.5324316E+3	3.9200000E-5	-1.7760171E+0	9.3000000E+1	0.0000000E+0	0.0000000E+0	0.0000000E+0
1.0064100E+2	3.1338921E-5	1.4000000E-1	4.4672886E+3	2.2421609E-5	4.4599829E+3	1.4004371E-1	4.4686831E+3	-4.3700002E-5	-1.3944322E+0	1.0007670E-1	4.4634038E+3	-7.6700002E-5	-3.4208069E+0	1.8943854E+2	1.0492648E+1	-2.2240511E-5	4.4962998E+3	-1.0004970E-1	4.4985347E+3	4.9700000E-5	-2.2346611E+0	9.4000000E+1	0.0000000E+0	0.0000000E+0	0.0000000E+0
1.0145400E+2	2.6826750E-5	1.2000000E-1	4.4731470E+3	2.2046521E-5	4.5358633E+3	1.2004090E-1	4.4746719E+3	-4.0899999E-5	-1.5245976E+0	1.0006020E-1	4.5385937E+3	-6.0200000E-5	-2.7305896E+0	1.8943854E+2	1.0492648E+1	-2.2365541E-5	4.4711641E+3	-1.0003420E-1	4.4726934E+3	3.4199998E-5	-1.5291381E+0	9.5000000E+1	0.0000000E+0	0.0000000E+0	0.0000000E+0
1.0226600E+2	2.2001641E-5	1.0000000E-1	4.5451157E+3	2.2319649E-5	4.4803569E+3	1.0003040E-1	4.5464976E+3	-3.0400000E-5	-1.3817152E+0	1.0000400E-1	4.4805361E+3	-4.0000000E-6	-1.7921428E-1	1.8943854E+2	1.0492648E+1	-2.1999749E-5	4.5455063E+3	-1.0005330E-1	4.5479287E+3	5.3299998E-5	-2.4227548E+0	9.6000000E+1	0.0000000E+0	0.0000000E+0	0.0000000E+0
1.0307900E+2	1.7731671E-5	7.9999998E-2	4.5117012E+3	2.2426580E-5	4.4589946E+3	8.0003262E-2	4.5118853E+3	-3.2600001E-6	-1.8385184E-1	1.0006830E-1	4.4620400E+3	-6.8300003E-5	-3.0454934E+0	1.8943854E+2	1.0492648E+1	-2.2187200E-5	4.5071030E+3	-1.0005430E-1	4.5095508E+3	5.4299999E-5	-2.4473569E+0	9.7000000E+1	0.0000000E+0	0.0000000E+0	0.0000000E+0
1.0389100E+2	1.3535490E-5	5.9999999E-2	4.4327910E+3	2.2252560E-5	4.4938647E+3	6.0024980E-2	4.4346367E+3	-2.4980000E-5	-1.8455187E+0	1.0007360E-1	4.4971724E+3	-7.3600000E-5	-3.3074846E+0	1.8943854E+2	1.0492648E+1	-2.2410661E-5	4.4621621E+3	-1.0002900E-1	4.4634561E+3	2.9000001E-5	-1.2940271E+0	9.8000000E+1	0.0000000E+0	0.0000000E+0	0.0000000E+0
1.0470400E+2	8.8928573E-6	3.9999999E-2	4.4979922E+3	2.2016129E-5	4.5421245E+3	4.0037159E-2	4.5021709E+3	-3.7160000E-5	-4.1786346E+0	1.0006760E-1	4.5451948E+3	-6.7599998E-5	-3.0704761E+0	1.8943854E+2	1.0492648E+1	-2.2262540E-5	4.4918506E+3	-1.0006400E-1	4.4947251E+3	6.4000000E-5	-2.8747842E+0	9.9000000E+1	0.0000000E+0	0.0000000E+0	0.0000000E+0
1.0551600E+2	4.2041602E-6	2.0000000E-2	4.7571929E+3	2.2310929E-5	4.4821079E+3	2.0050289E-2	4.7691548E+3	-5.0290000E-5	-1.1961962E+1	1.0001400E-1	4.4827354E+3	-1.4000000E-5	-6.2749511E-1	1.8943854E+2	1.0492648E+1	-2.2004429E-5	4.5445396E+3	-1.0008410E-1	4.5483613E+3	8.4100000E-5	-3.8219576E+0	1.0000000E+2	0.0000000E+0	0.0000000E+0	0.0000000E+0
1.0634400E+2	1.0500510E-5	1.0000000E-1	9.5233467E+3	2.2383259E-5	4.4676245E+3	4.8511270E-2	4.6198965E+3	5.1488731E-2	4.9034502E+3	1.0002610E-1	4.4687905E+3	-2.6100000E-5	-1.1660500E+0	1.8943854E+2	1.0492648E+1	-2.2001141E-5	4.5452192E+3	-1.0011410E-1	4.5504053E+3	1.1410000E-4	-5.1860948E+0	1.0100000E+2	0.0000000E+0	0.0000000E+0	0.0000000E+0
1.0715700E+2	-4.4112089E-6	-2.0000000E-2	4.5339043E+3	2.2452299E-5	4.4538867E+3	-2.0091770E-2	4.5547080E+3	9.1770002E-5	-2.0803820E+1	1.0003570E-1	4.4554766E+3	-3.5699999E-5	-1.5900376E+0	1.8943854E+2	1.0492648E+1	-2.2119681E-5	4.5208608E+3	-1.0004690E-1	4.5229814E+3	4.6900001E-5	-2.1202838E+0	1.0200000E+2	1.0000000E+0	0.0000000E+0	0.0000000E+0
1.0796900E+2	-8.7647240E-6	-3.9999999E-2	4.5637490E+3	2.2133730E-5	4.5179912E+3	-4.0088180E-2	4.5738096E+3	8.8180001E-5	-1.0060784E+1	1.0006590E-1	4.5209687E+3	-6.5900000E-5	-2.9773562E+0	1.8943854E+2	1.0492648E+1	-2.2455610E-5	4.4532300E+3	-1.0006570E-1	4.4561558E+3	6.5699998E-5	-2.9257722E+0	1.0300000E+2	0.0000000E+0	0.0000000E+0	0.0000000E+0
1.0878200E+2	-1.0499680E-5	-5.9999999E-2	5.7144600E+3	2.2129419E-5	4.5188711E+3	-4.8230171E-2	4.5934897E+3	-1.1769830E-2	1.1209703E+3	1.0006400E-1	4.5217632E+3	-6.4000000E-5	-2.8920777E+0	1.8943854E+2	1.0492648E+1	-2.2417920E-5	4.4607173E+3	-1.0009340E-1	4.4648833E+3	9.3399998E-5	-4.1663098E+0	1.0400000E+2	0.0000000E+0	0.0000000E+0	0.0000000E+0
1.1175000E+2	-1.7993150E-5	-7.9999998E-2	4.4461362E+3	2.2087799E-5	4.5273862E+3	-8.0041647E-2	4.4484512E+3	4.1650001E-5	-2.3147697E+0	1.0009500E-1	4.5316870E+3	-9.5000003E-5	-4.3010168E+0	1.8943854E+2	1.0492418E+1	-2.2056660E-5	4.5337778E+3	-1.0007450E-1	4.5371558E+3	7.4500000E-5	-3.3776646E+0	1.0500000E+2	1.0000000E+0	0.0000000E+0	0.0000000E+0
1.1256300E+2	-2.2205220E-5	-1.0000000E-1	4.5034458E+3	2.2461260E-5	4.4521099E+3	-1.0003420E-1	4.5049858E+3	3.4199998E-5	-1.5401784E+0	1.0002060E-1	4.4530273E+3	-2.0600000E-5	-9.1713464E-1	1.8943854E+2	1.0492418E+1	-2.2204360E-5	4.5036201E+3	-1.0008690E-1	4.5075337E+3	8.6900000E-5	-3.9136457E+0	1.0600000E+2	0.0000000E+0	0.0000000E+0	0.0000000E+0
1.1337500E+2	-2.6465161E-5	-1.2000000E-1	4.5342632E+3	2.2301831E-5	4.4839370E+3	-1.2001780E-1	4.5349355E+3	1.7799999E-5	-6.7258239E-1	1.0000090E-1	4.4839775E+3	-8.9999997E-7	-4.0355433E-2	1.8943854E+2	1.0492418E+1	-2.2448930E-5	4.4545552E+3	-1.0001640E-1	4.4552856E+3	1.6399999E-5	-7.3054707E-1	1.0700000E+2	0.0000000E+0	0.0000000E+0	0.0000000E+0
1.1418800E+2	-3.1144718E-5	-1.4000000E-1	4.4951440E+3	2.2018650E-5	4.5416045E+3	-1.4008000E-1	4.4977124E+3	7.9999998E-5	-2.5686536E+0	1.0007670E-1	4.5450879E+3	-7.6700002E-5	-3.4834106E+0	1.8943854E+2	1.0492418E+1	-2.2415001E-5	4.4612983E+3	-1.0001520E-1	4.4619766E+3	1.5200000E-5	-6.7811733E-1	1.0800000E+2	0.0000000E+0	0.0000000E+0	0.0000000E+0
1.1500000E+2	-3.5803809E-5	-1.6000000E-1	4.4687983E+3	2.2180340E-5	4.5084971E+3	-1.6002920E-1	4.4696138E+3	2.9200000E-5	-8.1555569E-1	1.0001640E-1	4.5092363E+3	-1.6399999E-5	-7.3939353E-1	1.8943854E+2	1.0492418E+1	-2.2100370E-5	4.5248110E+3	-1.0008860E-1	4.5288203E+3	8.8599998E-5	-4.0089827E+0	1.0900000E+2	0.0000000E+0	0.0000000E+0	0.0000000E+0
1.1581300E+2	-4.0163111E-5	-1.8000001E-1	4.4817246E+3	2.2426380E-5	4.4590342E+3	-1.8001600E-1	4.4821230E+3	1.6000000E-5	-3.9837551E-1	1.0009030E-1	4.4630610E+3	-9.0299996E-5	-4.0265079E+0	1.8943854E+2	1.0492418E+1	-2.2009919E-5	4.5434058E+3	-1.0004570E-1	4.5454824E+3	4.5699999E-5	-2.0763364E+0	1.1000000E+2	0.0000000E+0	0.0000000E+0	0.0000000E+0
1.1690700E+2	-4.4784261E-5	-2.0000000E-1	4.4658550E+3	2.2438810E-5	4.4565645E+3	-1.9999620E-1	4.4657700E+3	-3.8000001E-6	8.4851243E-2	9.9985361E-2	4.4559121E+3	1.4640000E-5	6.5244102E-1	1.8943854E+2	1.0492418E+1	-2.2058361E-5	4.5334287E+3	-1.0006070E-1	4.5361802E+3	6.0700000E-5	-2.7517912E+0	1.1100000E+2	0.0000000E+0	0.0000000E+0	0.0000000E+0
1.1943800E+2	-4.8983740E-5	-2.2000000E-1	4.4912861E+3	2.2442169E-5	4.4558970E+3	-2.2004220E-1	4.4921479E+3	4.2200001E-5	-8.6151040E-1	1.0004760E-1	4.4580181E+3	-4.7599999E-5	-2.1210070E+0	1.8943854E+2	1.0492606E+1	-2.2258640E-5	4.4926377E+3	-1.0006740E-1	4.4956655E+3	6.7399997E-5	-3.0280375E+0	1.1200000E+2	0.0000000E+0	0.0000000E+0	0.0000000E+0
1.2025000E+2	-5.3450680E-5	-2.3999999E-1	4.4901206E+3	2.2155440E-5	4.5135640E+3	-2.4007630E-1	4.4915483E+3	7.6299999E-5	-1.4274842E+0	1.0002450E-1	4.5146699E+3	-2.4499999E-5	-1.1058233E+0	1.8943854E+2	1.0492606E+1	-2.2467630E-5	4.4508477E+3	-1.0004520E-1	4.4528594E+3	4.5199999E-5	-2.0117831E+0	1.1300000E+2	0.0000000E+0	0.0000000E+0	0.0000000E+0
1.2106300E+2	-5.8303820E-5	-2.5999999E-1	4.4593989E+3	2.2015931E-5	4.5421655E+3	-2.6000571E-1	4.4594966E+3	5.7000002E-6	-9.7763747E-2	1.0007880E-1	4.5457446E+3	-7.8800003E-5	-3.5792265E+0	1.8943854E+2	1.0492606E+1	-2.2306251E-5	4.4830483E+3	-1.0006070E-1	4.4857695E+3	6.0700000E-5	-2.7212105E+0	1.1400000E+2	0.0000000E+0	0.0000000E+0	0.0000000E+0
1.2187500E+2	-6.2998879E-5	-2.8000000E-1	4.4445234E+3	2.2339709E-5	4.4763340E+3	-2.7999929E-1	4.4445122E+3	-6.9999999E-7	1.1111309E-2	1.0007480E-1	4.4796821E+3	-7.4800002E-5	-3.3482978E+0	1.8943854E+2	1.0492606E+1	-2.2059419E-5	4.5332109E+3	-1.0003300E-1	4.5347065E+3	3.3000000E-5	-1.4959595E+0	1.1500000E+2	0.0000000E+0	0.0000000E+0	0.0000000E+0
1.2270400E+2	-6.7402230E-5	-3.0000001E-1	4.4508911E+3	2.2441871E-5	4.4559565E+3	-3.0004409E-1	4.4515454E+3	4.4100001E-5	-6.5428102E-1	1.0006950E-1	4.4590537E+3	-6.9499998E-5	-3.0968900E+0	1.8943854E+2	1.0492606E+1	-2.2036820E-5	4.5378599E+3	-1.0003830E-1	4.5395977E+3	3.8300001E-5	-1.7380003E+0	1.1600000E+2	0.0000000E+0	0.0000000E+0	0.0000000E+0
1.2351600E+2	-7.1769013E-5	-3.1999999E-1	4.4587490E+3	2.2023220E-5	4.5406621E+3	-3.1997919E-1	4.4584590E+3	-2.0800000E-5	2.8981867E-1	1.0004830E-1	4.5428550E+3	-4.8300000E-5	-2.1931398E+0	1.8943854E+2	1.0492606E+1	-2.2075550E-5	4.5298984E+3	-1.0000440E-1	4.5300977E+3	4.3999999E-6	-1.9931553E-1	1.1700000E+2	0.0000000E+0	0.0000000E+0	0.0000000E+0
1.2636000E+2	-7.6447694E-5	-3.4000000E-1	4.4474854E+3	2.2467601E-5	4.4508535E+3	-3.3998731E-1	4.4473193E+3	-1.2700000E-5	1.6612667E-1	1.0005620E-1	4.4533550E+3	-5.6199999E-5	-2.5013797E+0	1.8943854E+2	1.0492714E+1	-2.2213320E-5	4.5018032E+3	-1.0003160E-1	4.5032261E+3	3.1600001E-5	-1.4225699E+0	1.1800000E+2	0.0000000E+0	0.0000000E+0	0.0000000E+0
1.2717200E+2	-8.0905462E-5	-3.6000001E-1	4.4496377E+3	2.2139509E-5	4.5168120E+3	-3.5997081E-1	4.4492769E+3	-2.9200000E-5	3.6091506E-1	1.0006090E-1	4.5195625E+3	-6.0900002E-5	-2.7507384E+0	1.8943854E+2	1.0492714E+1	-2.2451290E-5	4.4540869E+3	-9.9998243E-2	4.4540088E+3	-1.7600000E-6	7.8391932E-2	1.1900000E+2	0.0000000E+0	0.0000000E+0	0.0000000E+0
1.2798500E+2	-8.5933127E-5	-3.8000000E-1	4.4220430E+3	2.2024080E-5	4.5404849E+3	-3.7995550E-1	4.4215254E+3	-4.4500001E-5	5.1784450E-1	1.0005830E-1	4.5431318E+3	-5.8300000E-5	-2.6471026E+0	1.8943854E+2	1.0492714E+1	-2.2275170E-5	4.4893037E+3	-1.0004830E-1	4.4914717E+3	4.8300000E-5	-2.1683335E+0	1.2000000E+2	0.0000000E+0	0.0000000E+0	0.0000000E+0
1.2879700E+2	-9.0577072E-5	-4.0000001E-1	4.4161289E+3	2.2454669E-5	4.4534165E+3	-3.9993620E-1	4.4154243E+3	-6.3799998E-5	7.0437253E-1	1.0006240E-1	4.4561953E+3	-6.2400002E-5	-2.7789319E+0	1.8943854E+2	1.0492714E+1	-2.2064251E-5	4.5322183E+3	-1.0002920E-1	4.5335420E+3	2.9200000E-5	-1.3234078E+0	1.2100000E+2	0.0000000E+0	0.0000000E+0	0.0000000E+0
1.2961000E+2	-9.4905983E-5	-4.1999999E-1	4.4254326E+3	2.2392889E-5	4.4657031E+3	-4.1997340E-1	4.4251523E+3	-2.6600001E-5	2.8027737E-1	1.0006790E-1	4.4687354E+3	-6.7900000E-5	-3.0322125E+0	1.8943854E+2	1.0492714E+1	-2.2370499E-5	4.4701729E+3	-1.0007170E-1	4.4733779E+3	7.1700000E-5	-3.2051139E+0	1.2200000E+2	0.0000000E+0	0.0000000E+0	0.0000000E+0
1.3042200E+2	-9.9823592E-5	-4.4000000E-1	4.4077759E+3	2.2018510E-5	4.5416333E+3	-4.3998891E-1	4.4076646E+3	-1.1100000E-5	1.1119616E-1	1.0005430E-1	4.5440996E+3	-5.4299999E-5	-2.4661069E+0	1.8943854E+2	1.0492714E+1	-2.2334130E-5	4.4774521E+3	-1.0003380E-1	4.4789658E+3	3.3799999E-5	-1.5133789E+0	1.2300000E+2	0.0000000E+0	0.0000000E+0	0.0000000E+0
1.3123500E+2	-1.0467680E-4	-4.6000001E-1	4.3944790E+3	2.2216251E-5	4.5012095E+3	-4.5991969E-1	4.3937119E+3	-8.0300000E-5	7.6712316E-1	1.0005330E-1	4.5036089E+3	-5.3299998E-5	-2.3991449E+0	1.8943854E+2	1.0492714E+1	-2.2102860E-5	4.5243013E+3	-1.0008450E-1	4.5281245E+3	8.4500003E-5	-3.8230348E+0	1.2400000E+2	0.0000000E+0	0.0000000E+0	0.0000000E+0
1.3206300E+2	-1.0900680E-4	-4.7999999E-1	4.4033950E+3	2.2460819E-5	4.4521973E+3	-4.7992539E-1	4.4027104E+3	-7.4600001E-5	6.8436098E-1	1.0006280E-1	4.4549932E+3	-6.2799998E-5	-2.7959797E+0	1.8943854E+2	1.0492714E+1	-2.2362041E-5	4.4718638E+3	-1.0005620E-1	4.4743770E+3	5.6199999E-5	-2.5131874E+0	1.2500000E+2	1.0000000E+0	0.0000000E+0	0.0000000E+0
1.3287500E+2	-1.1375430E-4	-5.0000000E-1	4.3954385E+3	2.2122700E-5	4.5202441E+3	-4.9990609E-1	4.3946128E+3	-9.3900002E-5	8.2546329E-1	1.0008430E-1	4.5240547E+3	-8.4300002E-5	-3.8105657E+0	1.8943854E+2	1.0492714E+1	-2.2410020E-5	4.4622896E+3	-1.0004040E-1	4.4640923E+3	4.0399998E-5	-1.8027650E+0	1.2600000E+2	0.0000000E+0	0.0000000E+0	0.0000000E+0
1.3368800E+2	-1.1882200E-4	-5.1999998E-1	4.3762939E+3	2.2182310E-5	4.5080967E+3	-5.1993608E-1	4.3757563E+3	-6.3899999E-5	5.3777921E-1	1.0009600E-1	4.5124243E+3	-9.6000003E-5	-4.3277731E+0	1.8943854E+2	1.0492714E+1	-2.2087890E-5	4.5273677E+3	-1.0001110E-1	4.5278701E+3	1.1100000E-5	-5.0253779E-1	1.2700000E+2	0.0000000E+0	0.0000000E+0	0.0000000E+0
1.3450000E+2	-1.2343370E-4	-5.4000002E-1	4.3748184E+3	2.2397830E-5	4.4647183E+3	-5.3994232E-1	4.3743506E+3	-5.7699999E-5	4.6745741E-1	1.0007020E-1	4.4678525E+3	-7.0200003E-5	-3.1342323E+0	1.8943854E+2	1.0492714E+1	-2.2112490E-5	4.5223311E+3	-1.0004570E-1	4.5243979E+3	4.5699999E-5	-2.0667052E+0	1.2800000E+2	0.0000000E+0	0.0000000E+0	0.0000000E+0
1.3531300E+2	-1.2791911E-4	-5.6000000E-1	4.3777671E+3	2.2310280E-5	4.4822388E+3	-5.5994421E-1	4.3773306E+3	-5.5799999E-5	4.3621320E-1	1.0002710E-1	4.4834531E+3	-2.7100001E-5	-1.2146866E+0	1.8943854E+2	1.0492714E+1	-2.2372609E-5	4.4697510E+3	-1.0005210E-1	4.4720801E+3	5.2100000E-5	-2.3287404E+0	1.2900000E+2	0.0000000E+0	0.0000000E+0	0.0000000E+0
1.3829700E+2	-1.3272090E-4	-5.7999998E-1	4.3700728E+3	2.2288390E-5	4.4866406E+3	-5.7993579E-1	4.3695894E+3	-6.4200001E-5	4.8372185E-1	1.0003950E-1	4.4884131E+3	-3.9499999E-5	-1.7722231E+0	1.8943854E+2	1.0492732E+1	-2.2491269E-5	4.4461694E+3	-1.0003380E-1	4.4476724E+3	3.3799999E-5	-1.5028054E+0	1.3000000E+2	0.0000000E+0	0.0000000E+0	0.0000000E+0
1.3911000E+2	-1.3780400E-4	-6.0000002E-1	4.3540103E+3	2.2030899E-5	4.5390791E+3	-5.9994721E-1	4.3536270E+3	-5.2799998E-5	3.8315287E-1	1.0008220E-1	4.5428105E+3	-8.2200000E-5	-3.7311232E+0	1.8943854E+2	1.0492732E+1	-2.2408800E-5	4.4625327E+3	-1.0004380E-1	4.4644873E+3	4.3799999E-5	-1.9545892E+0	1.3100000E+2	0.0000000E+0	0.0000000E+0	0.0000000E+0
1.3992200E+2	-1.4278080E-4	-6.2000000E-1	4.3423203E+3	2.2356340E-5	4.4730039E+3	-6.1988348E-1	4.3415044E+3	-1.1650000E-4	8.1593603E-1	1.0006930E-1	4.4761040E+3	-6.9299997E-5	-3.0997918E+0	1.8943854E+2	1.0492732E+1	-2.2046590E-5	4.5358486E+3	-1.0006140E-1	4.5386338E+3	6.1400002E-5	-2.7850113E+0	1.3200000E+2	0.0000000E+0	0.0000000E+0	0.0000000E+0
1.4073500E+2	-1.4726901E-4	-6.3999999E-1	4.3457891E+3	2.2494531E-5	4.4455254E+3	-6.3992143E-1	4.3452554E+3	-7.8600002E-5	5.3371722E-1	1.0006810E-1	4.4485527E+3	-6.8100002E-5	-3.0274026E+0	1.8943854E+2	1.0492732E+1	-2.2231960E-5	4.4980288E+3	-1.0004540E-1	4.5000713E+3	4.5400000E-5	-2.0421052E+0	1.3300000E+2	0.0000000E+0	0.0000000E+0	0.0000000E+0
1.4154700E+2	-1.5199480E-4	-6.6000003E-1	4.3422539E+3	2.2130200E-5	4.5187119E+3	-6.5988350E-1	4.3414873E+3	-1.1650000E-4	7.6647359E-1	1.0005190E-1	4.5210571E+3	-5.1899999E-5	-2.3452115E+0	1.8943854E+2	1.0492732E+1	-2.2500401E-5	4.4443652E+3	-1.0001680E-1	4.4451123E+3	1.6800001E-5	-7.4665338E-1	1.3400000E+2	0.0000000E+0	0.0000000E+0	0.0000000E+0
1.4236000E+2	-1.5715710E-4	-6.8000001E-1	4.3268804E+3	2.2040740E-5	4.5370527E+3	-6.7988372E-1	4.3261406E+3	-1.1630000E-4	7.4002385E-1	1.0002420E-1	4.5381509E+3	-2.4200001E-5	-1.0979668E+0	1.8943854E+2	1.0492732E+1	-2.2298131E-5	4.4846812E+3	-1.0001110E-1	4.4851787E+3	1.1100000E-5	-4.9779961E-1	1.3500000E+2	0.0000000E+0	0.0000000E+0	0.0000000E+0
1.4345399E+2	-1.6188710E-4	-6.9999999E-1	4.3240010E+3	2.2289580E-5	4.4864014E+3	-6.9988078E-1	4.3232646E+3	-1.1920000E-4	7.3631561E-1	1.0006640E-1	4.4893804E+3	-6.6400004E-5	-2.9789705E+0	1.8943854E+2	1.0492732E+1	-2.2500430E-5	4.4443594E+3	-1.0002590E-1	4.4455107E+3	2.5900001E-5	-1.1510891E+0	1.3600000E+2	0.0000000E+0	0.0000000E+0	0.0000000E+0
1.4598500E+2	-1.6663490E-4	-7.2000003E-1	4.3208237E+3	2.2250400E-5	4.4943013E+3	-7.1986198E-1	4.3199956E+3	-1.3800000E-4	8.2815784E-1	1.0005330E-1	4.4966968E+3	-5.3299998E-5	-2.3954625E+0	1.8943854E+2	1.0492714E+1	-2.2453911E-5	4.4535674E+3	-1.0005380E-1	4.4559634E+3	5.3799999E-5	-2.3960192E+0	1.3700000E+2	0.0000000E+0	0.0000000E+0	0.0000000E+0
1.4679700E+2	-1.7170511E-4	-7.4000001E-1	4.3097148E+3	2.2078601E-5	4.5292725E+3	-7.3985791E-1	4.3088872E+3	-1.4210001E-4	8.2758170E-1	1.0004830E-1	4.5314604E+3	-4.8300000E-5	-2.1876388E+0	1.8943854E+2	1.0492714E+1	-2.2487789E-5	4.4468574E+3	-1.0002660E-1	4.4480405E+3	2.6600001E-5	-1.1828641E+0	1.3800000E+2	0.0000000E+0	0.0000000E+0	0.0000000E+0
1.4762500E+2	-1.7686130E-4	-7.5999999E-1	4.2971528E+3	2.2141430E-5	4.5164199E+3	-7.5987321E-1	4.2964355E+3	-1.2680001E-4	7.1694601E-1	1.0007880E-1	4.5199790E+3	-7.8800003E-5	-3.5589390E+0	1.8943854E+2	1.0492714E+1	-2.2093820E-5	4.5261523E+3	-1.0003520E-1	4.5277456E+3	3.5199999E-5	-1.5932057E+0	1.3900000E+2	0.0000000E+0	0.0000000E+0	0.0000000E+0
1.4843800E+2	-1.8164990E-4	-7.7999997E-1	4.2939741E+3	2.2430309E-5	4.4582529E+3	-7.7987891E-1	4.2933076E+3	-1.2110000E-4	6.6666704E-1	9.9995144E-2	4.4580366E+3	4.8600000E-6	2.1667111E-1	1.8943854E+2	1.0492714E+1	-2.2046561E-5	4.5358550E+3	-1.0007170E-1	4.5391074E+3	7.1700000E-5	-3.2522080E+0	1.4000000E+2	0.0000000E+0	0.0000000E+0	0.0000000E+0
1.4925000E+2	-1.8672241E-4	-8.0000001E-1	4.2844351E+3	2.2441491E-5	4.4560322E+3	-7.9989427E-1	4.2838691E+3	-1.0570000E-4	5.6608099E-1	1.0007260E-1	4.4592671E+3	-7.2600000E-5	-3.2350793E+0	1.8943854E+2	1.0492714E+1	-2.2062841E-5	4.5325078E+3	-1.0007000E-1	4.5356807E+3	7.0000002E-5	-3.1727557E+0	1.4100000E+2	0.0000000E+0	0.0000000E+0	0.0000000E+0
1.5006300E+2	-1.9165860E-4	-8.1999999E-1	4.2784409E+3	2.2425989E-5	4.4591118E+3	-8.1983542E-1	4.2775820E+3	-1.6460000E-4	8.5881877E-1	1.0005880E-1	4.4617339E+3	-5.8800000E-5	-2.6219578E+0	1.8943854E+2	1.0492714E+1	-2.2044060E-5	4.5363696E+3	-1.0009220E-1	4.5405518E+3	9.2200004E-5	-4.1825328E+0	1.4200000E+2	0.0000000E+0	0.0000000E+0	0.0000000E+0
1.5290700E+2	-1.9641370E-4	-8.3999997E-1	4.2766875E+3	2.2508360E-5	4.4427935E+3	-8.3987743E-1	4.2760630E+3	-1.2260000E-4	6.2419271E-1	1.0004540E-1	4.4448105E+3	-4.5400000E-5	-2.0170283E+0	1.8943854E+2	1.0492880E+1	-2.2352540E-5	4.4737646E+3	-1.0005120E-1	4.4760552E+3	5.1200001E-5	-2.2905674E+0	1.4300000E+2	0.0000000E+0	0.0000000E+0	0.0000000E+0
1.5373500E+2	-2.0124530E-4	-8.6000001E-1	4.2733916E+3	2.2163340E-5	4.5119556E+3	-8.5986137E-1	4.2727031E+3	-1.3859999E-4	6.8871176E-1	1.0001680E-1	4.5127134E+3	-1.6800001E-5	-7.5800848E-1	1.8943854E+2	1.0492880E+1	-2.2509590E-5	4.4425508E+3	-1.0007640E-1	4.4459448E+3	7.6400000E-5	-3.3941090E+0	1.4400000E+2	0.0000000E+0	0.0000000E+0	0.0000000E+0
1.5454700E+2	-2.0652040E-4	-8.8000000E-1	4.2610801E+3	2.2055590E-5	4.5339980E+3	-8.7988210E-1	4.2605093E+3	-1.1790000E-4	5.7088792E-1	1.0006190E-1	4.5368047E+3	-6.1899998E-5	-2.8065448E+0	1.8943854E+2	1.0492880E+1	-2.2144870E-5	4.5157187E+3	-1.0003280E-1	4.5171997E+3	3.2799999E-5	-1.4811556E+0	1.4500000E+2	0.0000000E+0	0.0000000E+0	0.0000000E+0
1.5536000E+2	-2.1156610E-4	-8.9999998E-1	4.2539897E+3	2.2479921E-5	4.4484146E+3	-8.9985228E-1	4.2532915E+3	-1.4770000E-4	6.9812697E-1	1.0006740E-1	4.4514126E+3	-6.7399997E-5	-2.9982314E+0	1.8943854E+2	1.0492880E+1	-2.2092159E-5	4.5264927E+3	-1.0002780E-1	4.5277510E+3	2.7800001E-5	-1.2583649E+0	1.4600000E+2	0.0000000E+0	0.0000000E+0	0.0000000E+0
1.5617200E+2	-2.1631000E-4	-9.2000002E-1	4.2531553E+3	2.2240270E-5	4.4963481E+3	-9.1990072E-1	4.2526963E+3	-9.9299999E-5	4.5906338E-1	1.0006690E-1	4.4993564E+3	-6.6900000E-5	-3.0080571E+0	1.8943854E+2	1.0492880E+1	-2.2506560E-5	4.4431489E+3	-1.0002110E-1	4.4440864E+3	2.1100001E-5	-9.3750447E-1	1.4700000E+2	0.0000000E+0	0.0000000E+0	0.0000000E+0
1.5698500E+2	-2.2166361E-4	-9.4000000E-1	4.2406602E+3	2.2058910E-5	4.5333154E+3	-9.3981272E-1	4.2398154E+3	-1.8730000E-4	8.4497410E-1	1.0009980E-1	4.5378398E+3	-9.9800003E-5	-4.5242491E+0	1.8943854E+2	1.0492880E+1	-2.2286320E-5	4.4870576E+3	-1.0007910E-1	4.4906069E+3	7.9099998E-5	-3.5492625E+0	1.4800000E+2	0.0000000E+0	0.0000000E+0	0.0000000E+0
1.5779700E+2	-2.2681360E-4	-9.5999998E-1	4.2325503E+3	2.2432680E-5	4.4577822E+3	-9.5979762E-1	4.2316582E+3	-2.0240000E-4	8.9236271E-1	1.0008220E-1	4.4614463E+3	-8.2200000E-5	-3.6642969E+0	1.8943854E+2	1.0492880E+1	-2.2059950E-5	4.5331021E+3	-1.0002260E-1	4.5341265E+3	2.2599999E-5	-1.0244811E+0	1.4900000E+2	0.0000000E+0	0.0000000E+0	0.0000000E+0
1.5861000E+2	-2.3160579E-4	-9.8000002E-1	4.2313276E+3	2.2491400E-5	4.4461440E+3	-9.7980571E-1	4.2304888E+3	-1.9430000E-4	8.3892542E-1	1.0006280E-1	4.4489360E+3	-6.2799998E-5	-2.7921784E+0	1.8943854E+2	1.0492880E+1	-2.2267850E-5	4.4907793E+3	-1.0001090E-1	4.4912690E+3	1.0900000E-5	-4.8949495E-1	1.5000000E+2	0.0000000E+0	0.0000000E+0	0.0000000E+0
1.5942200E+2	-2.3655490E-4	-1.0000000E+0	4.2273486E+3	2.2224671E-5	4.4995044E+3	-9.9979758E-1	4.2264927E+3	-2.0240000E-4	8.5561532E-1	1.0004830E-1	4.5016777E+3	-4.8300000E-5	-2.1732607E+0	1.8943854E+2	1.0492880E+1	-2.2436130E-5	4.4570967E+3	-1.0003020E-1	4.4584429E+3	3.0200001E-5	-1.3460432E+0	1.5100000E+2	0.0000000E+0	0.0000000E+0	0.0000000E+0
1.6025000E+2	-2.3164639E-4	-9.8000002E-1	4.2305859E+3	2.2100439E-5	4.5247969E+3	-9.7981882E-1	4.2298037E+3	-1.8120000E-4	7.8222668E-1	1.0006380E-1	4.5276836E+3	-6.3799998E-5	-2.8868203E+0	1.8943854E+2	1.0492880E+1	-2.2355031E-5	4.4732661E+3	-1.0006330E-1	4.4760977E+3	6.3300002E-5	-2.8315775E+0	1.5200000E+2	0.0000000E+0	0.0000000E+0	0.0000000E+0
1.6106300E+2	-2.2689370E-4	-9.5999998E-1	4.2310562E+3	2.2183411E-5	4.5078730E+3	-9.5980239E-1	4.2301855E+3	-1.9760001E-4	8.7089241E-1	1.0007480E-1	4.5112451E+3	-7.4800002E-5	-3.3718891E+0	1.8943854E+2	1.0492880E+1	-2.2135860E-5	4.5175566E+3	-1.0003710E-1	4.5192324E+3	3.7099999E-5	-1.6760135E+0	1.5300000E+2	0.0000000E+0	0.0000000E+0	0.0000000E+0
1.6187500E+2	-2.2172950E-4	-9.4000000E-1	4.2393999E+3	2.2521470E-5	4.4402075E+3	-9.3983197E-1	4.2386421E+3	-1.6800000E-4	7.5767994E-1	9.9996567E-2	4.4400552E+3	3.4300001E-6	1.5229912E-1	1.8943854E+2	1.0492880E+1	-2.2118549E-5	4.5210918E+3	-1.0004140E-1	4.5229639E+3	4.1399999E-5	-1.8717321E+0	1.5400000E+2	0.0000000E+0	0.0000000E+0	0.0000000E+0
1.6482899E+2	-2.1639990E-4	-9.2000002E-1	4.2513882E+3	2.2251170E-5	4.4941455E+3	-9.1985989E-1	4.2507407E+3	-1.4010000E-4	6.4741248E-1	1.0006090E-1	4.4968828E+3	-6.0900002E-5	-2.7369347E+0	1.8943854E+2	1.0493070E+1	-2.2523731E-5	4.4397622E+3	-1.0003210E-1	4.4411870E+3	3.2100001E-5	-1.4251636E+0	1.5500000E+2	0.0000000E+0	0.0000000E+0	0.0000000E+0
1.6564101E+2	-2.1171330E-4	-8.9999998E-1	4.2510317E+3	2.2071639E-5	4.5307012E+3	-8.9985251E-1	4.2503354E+3	-1.4750000E-4	6.9669688E-1	1.0009170E-1	4.5348555E+3	-9.1700000E-5	-4.1546526E+0	1.8943854E+2	1.0493070E+1	-2.2352340E-5	4.4738047E+3	-1.0007740E-1	4.4772671E+3	7.7400000E-5	-3.4627247E+0	1.5600000E+2	0.0000000E+0	0.0000000E+0	0.0000000E+0
1.6646899E+2	-2.0683170E-4	-8.8000000E-1	4.2546670E+3	2.2354010E-5	4.4734702E+3	-8.7985128E-1	4.2539482E+3	-1.4870000E-4	7.1894205E-1	1.0004760E-1	4.4755996E+3	-4.7599999E-5	-2.1293719E+0	1.8943854E+2	1.0493070E+1	-2.2091181E-5	4.5266934E+3	-1.0005210E-1	4.5290518E+3	5.2100000E-5	-2.3584073E+0	1.5700000E+2	0.0000000E+0	0.0000000E+0	0.0000000E+0
1.6728200E+2	-2.0164911E-4	-8.6000001E-1	4.2648345E+3	2.2519980E-5	4.4405015E+3	-8.5986471E-1	4.2641636E+3	-1.3530000E-4	6.7096752E-1	1.0004640E-1	4.4425615E+3	-4.6400000E-5	-2.0603926E+0	1.8943854E+2	1.0493070E+1	-2.2145850E-5	4.5155186E+3	-1.0007950E-1	4.5191084E+3	7.9500001E-5	-3.5898373E+0	1.5800000E+2	0.0000000E+0	0.0000000E+0	0.0000000E+0
1.6809399E+2	-1.9648050E-4	-8.3999997E-1	4.2752334E+3	2.2218701E-5	4.5007134E+3	-8.3992583E-1	4.2748560E+3	-7.4199997E-5	3.7764561E-1	1.0005020E-1	4.5029727E+3	-5.0200000E-5	-2.2593582E+0	1.8943854E+2	1.0493070E+1	-2.2523771E-5	4.4397539E+3	-1.0004760E-1	4.4418672E+3	4.7599999E-5	-2.1133230E+0	1.5900000E+2	0.0000000E+0	0.0000000E+0	0.0000000E+0
1.6890700E+2	-1.9174060E-4	-8.1999999E-1	4.2766113E+3	2.2066281E-5	4.5318013E+3	-8.1987208E-1	4.2759443E+3	-1.2790000E-4	6.6704702E-1	1.0002900E-1	4.5331157E+3	-2.9000001E-5	-1.3142225E+0	1.8943854E+2	1.0493070E+1	-2.2424440E-5	4.4594204E+3	-1.0003880E-1	4.4611504E+3	3.8800001E-5	-1.7302550E+0	1.6000000E+2	0.0000000E+0	0.0000000E+0	0.0000000E+0
1.6998500E+2	-1.8685170E-4	-8.0000001E-1	4.2814702E+3	2.2405129E-5	4.4632637E+3	-7.9985142E-1	4.2806748E+3	-1.4860000E-4	7.9528308E-1	9.9987268E-2	4.4626953E+3	1.2730000E-5	5.6817347E-1	1.8943854E+2	1.0493070E+1	-2.2081411E-5	4.5286963E+3	-1.0009570E-1	4.5330303E+3	9.5700001E-5	-4.3339624E+0	1.6100000E+2	0.0000000E+0	0.0000000E+0	0.0000000E+0
1.7251601E+2	-1.8175031E-4	-7.7999997E-1	4.2916021E+3	2.2533941E-5	4.4377505E+3	-7.7985841E-1	4.2908232E+3	-1.4160000E-4	7.7909088E-1	1.0006090E-1	4.4404531E+3	-6.0900002E-5	-2.7025900E+0	1.8943854E+2	1.0492944E+1	-2.2251390E-5	4.4941011E+3	-1.0009410E-1	4.4983301E+3	9.4100003E-5	-4.2289491E+0	1.6200000E+2	0.0000000E+0	0.0000000E+0	0.0000000E+0
1.7332899E+2	-1.7666179E-4	-7.5999999E-1	4.3020054E+3	2.2211771E-5	4.5021177E+3	-7.5990009E-1	4.3014399E+3	-9.9899997E-5	5.6548727E-1	1.0002990E-1	4.5034639E+3	-2.9900000E-5	-1.3461331E+0	1.8943854E+2	1.0492944E+1	-2.2457160E-5	4.4529229E+3	-1.0001900E-1	4.4537690E+3	1.8999999E-5	-8.4605533E-1	1.6300000E+2	0.0000000E+0	0.0000000E+0	0.0000000E+0
1.7414101E+2	-1.7194390E-4	-7.4000001E-1	4.3037295E+3	2.2084660E-5	4.5280298E+3	-7.3990959E-1	4.3032036E+3	-9.0399997E-5	5.2575290E-1	1.0004690E-1	4.5301533E+3	-4.6900001E-5	-2.1236460E+0	1.8943854E+2	1.0492944E+1	-2.2356809E-5	4.4729102E+3	-1.0009170E-1	4.4770117E+3	9.1700000E-5	-4.1016583E+0	1.6400000E+2	0.0000000E+0	0.0000000E+0	0.0000000E+0
1.7496899E+2	-1.6733070E-4	-7.2000003E-1	4.3028564E+3	2.2401569E-5	4.4639727E+3	-7.1985912E-1	4.3020146E+3	-1.4090000E-4	8.4204513E-1	1.0008530E-1	4.4677808E+3	-8.5300002E-5	-3.8077688E+0	1.8943854E+2	1.0492944E+1	-2.2085020E-5	4.5279561E+3	-1.0003950E-1	4.5297446E+3	3.9499999E-5	-1.7885426E+0	1.6500000E+2	0.0000000E+0	0.0000000E+0	0.0000000E+0
1.7578200E+2	-1.6212960E-4	-6.9999999E-1	4.3175337E+3	2.2537610E-5	4.4370278E+3	-6.9987988E-1	4.3167930E+3	-1.2010000E-4	7.4076539E-1	1.0006670E-1	4.4399873E+3	-6.6699999E-5	-2.9594975E+0	1.8943854E+2	1.0492944E+1	-2.2318651E-5	4.4805576E+3	-1.0006640E-1	4.4835327E+3	6.6400004E-5	-2.9750903E+0	1.6600000E+2	0.0000000E+0	0.0000000E+0	0.0000000E+0
1.7659399E+2	-1.5714290E-4	-6.8000001E-1	4.3272715E+3	2.2075001E-5	4.5300112E+3	-6.7988253E-1	4.3265239E+3	-1.1750000E-4	7.4772710E-1	1.0010080E-1	4.5345776E+3	-1.0080000E-4	-4.5662513E+0	1.8943854E+2	1.0492944E+1	-2.2152561E-5	4.5141509E+3	-1.0005310E-1	4.5165479E+3	5.3100001E-5	-2.3970141E+0	1.6700000E+2	0.0000000E+0	0.0000000E+0	0.0000000E+0
1.7943800E+2	-1.5260800E-4	-6.6000003E-1	4.3248062E+3	2.2478111E-5	4.4487725E+3	-6.5992522E-1	4.3243159E+3	-7.4800002E-5	4.9014467E-1	1.0001540E-1	4.4494575E+3	-1.5400001E-5	-6.8511099E-1	1.8943854E+2	1.0492754E+1	-2.2108639E-5	4.5231187E+3	-1.0003400E-1	4.5246562E+3	3.4000001E-5	-1.5378603E+0	1.6800000E+2	0.0000000E+0	0.0000000E+0	0.0000000E+0
1.8025000E+2	-1.4742640E-4	-6.3999999E-1	4.3411494E+3	2.2252680E-5	4.4938408E+3	-6.3984889E-1	4.3401245E+3	-1.5110000E-4	1.0249182E+0	1.0003500E-1	4.4954136E+3	-3.5000001E-5	-1.5728443E+0	1.8943854E+2	1.0492754E+1	-2.2503389E-5	4.4437749E+3	-1.0000400E-1	4.4439526E+3	4.0000000E-6	-1.7775099E-1	1.6900000E+2	0.0000000E+0	0.0000000E+0	0.0000000E+0
1.8106300E+2	-1.4300919E-4	-6.2000000E-1	4.3353853E+3	2.2166570E-5	4.5112979E+3	-6.1988711E-1	4.3345962E+3	-1.1290000E-4	7.8945971E-1	1.0002830E-1	4.5125747E+3	-2.8300001E-5	-1.2766973E+0	1.8943854E+2	1.0492754E+1	-2.2234241E-5	4.4975679E+3	-1.0000900E-1	4.4979727E+3	9.0000003E-6	-4.0478110E-1	1.7000000E+2	0.0000000E+0	0.0000000E+0	0.0000000E+0
1.8187500E+2	-1.3820820E-4	-6.0000002E-1	4.3412764E+3	2.2513570E-5	4.4417656E+3	-5.9993309E-1	4.3407925E+3	-6.6900000E-5	4.8405233E-1	1.0001870E-1	4.4425962E+3	-1.8700001E-5	-8.3061016E-1	1.8943854E+2	1.0492754E+1	-2.2106540E-5	4.5235483E+3	-1.0004570E-1	4.5256157E+3	4.5699999E-5	-2.0672615E+0	1.7100000E+2	0.0000000E+0	0.0000000E+0	0.0000000E+0
1.8270399E+2	-1.3308290E-4	-5.7999998E-1	4.3581855E+3	2.2535460E-5	4.4374512E+3	-5.7992363E-1	4.3576118E+3	-7.6400000E-5	5.7407826E-1	1.0000180E-1	4.4375308E+3	-1.7999999E-6	-7.9874121E-2	1.8943854E+2	1.0492754E+1	-2.2340640E-5	4.4761475E+3	-1.0003300E-1	4.4776245E+3	3.3000000E-5	-1.4771286E+0	1.7200000E+2	0.0000000E+0	0.0000000E+0	0.0000000E+0
1.8351601E+2	-1.2821580E-4	-5.6000000E-1	4.3676362E+3	2.2255739E-5	4.4932227E+3	-5.5995202E-1	4.3672622E+3	-4.8000002E-5	3.7436885E-1	1.0002370E-1	4.4942876E+3	-2.3700000E-5	-1.0648938E+0	1.8943854E+2	1.0492754E+1	-2.2519151E-5	4.4406650E+3	-1.0003040E-1	4.4420151E+3	3.0400000E-5	-1.3499621E+0	1.7300000E+2	0.0000000E+0	0.0000000E+0	0.0000000E+0
1.8432899E+2	-1.2362120E-4	-5.4000002E-1	4.3681826E+3	2.2132661E-5	4.5182100E+3	-5.3991169E-1	4.3674687E+3	-8.8300003E-5	7.1427876E-1	1.0003420E-1	4.5197549E+3	-3.4199998E-5	-1.5452278E+0	1.8943854E+2	1.0492754E+1	-2.2444499E-5	4.4554346E+3	-1.0001680E-1	4.4561831E+3	1.6800001E-5	-7.4851298E-1	1.7400000E+2	0.0000000E+0	0.0000000E+0	0.0000000E+0
1.8514101E+2	-1.1911630E-4	-5.1999998E-1	4.3654814E+3	2.2155889E-5	4.5134727E+3	-5.1997018E-1	4.3652314E+3	-2.9800000E-5	2.5017565E-1	1.0008100E-1	4.5171284E+3	-8.0999998E-5	-3.6559126E+0	1.8943854E+2	1.0492754E+1	-2.2247290E-5	4.4949297E+3	-1.0004570E-1	4.4969839E+3	4.5699999E-5	-2.0541828E+0	1.7500000E+2	0.0000000E+0	0.0000000E+0	0.0000000E+0
1.8596899E+2	-1.1434740E-4	-5.0000000E-1	4.3726396E+3	2.2509759E-5	4.4425176E+3	-4.9991009E-1	4.3718535E+3	-8.9900001E-5	7.8620064E-1	1.0007520E-1	4.4458579E+3	-7.5199998E-5	-3.3407731E+0	1.8943854E+2	1.0492754E+1	-2.2294411E-5	4.4854292E+3	-1.0004190E-1	4.4873086E+3	4.1899999E-5	-1.8793949E+0	1.7600000E+2	0.0000000E+0	0.0000000E+0	0.0000000E+0
1.8676601E+2	-1.0920650E-4	-4.7999999E-1	4.3953428E+3	2.2394850E-5	4.4653125E+3	-4.7996661E-1	4.3950371E+3	-3.3400000E-5	3.0584261E-1	1.0006380E-1	4.4681611E+3	-6.3799998E-5	-2.8488693E+0	1.8943854E+2	1.0492754E+1	-2.2451610E-5	4.4540234E+3	-1.0004040E-1	4.4558228E+3	4.0399998E-5	-1.7994255E+0	1.7700000E+2	0.0000000E+0	0.0000000E+0	0.0000000E+0
1.8759399E+2	-1.0450810E-4	-4.6000001E-1	4.4015728E+3	2.2416800E-5	4.4609399E+3	-4.5991680E-1	4.4007764E+3	-8.3200001E-5	7.9611057E-1	1.0006500E-1	4.4638398E+3	-6.5000000E-5	-2.8996110E+0	1.8943854E+2	1.0492754E+1	-2.2429860E-5	4.4583428E+3	-1.0009650E-1	4.4626450E+3	9.6500000E-5	-4.3023005E+0	1.7800000E+2	0.0000000E+0	0.0000000E+0	0.0000000E+0
1.8840700E+2	-9.9853853E-5	-4.4000000E-1	4.4064399E+3	2.2233460E-5	4.4977256E+3	-4.3995860E-1	4.4060254E+3	-4.1399999E-5	4.1460595E-1	1.0007100E-1	4.5009189E+3	-7.1000002E-5	-3.1933851E+0	1.8943854E+2	1.0492754E+1	-2.2470920E-5	4.4501963E+3	-1.0004070E-1	4.4520073E+3	4.0700001E-5	-1.8112298E+0	1.7900000E+2	1.0000000E+0	0.0000000E+0	0.0000000E+0
1.9137500E+2	-9.5460302E-5	-4.1999999E-1	4.3997349E+3	2.2087570E-5	4.5274331E+3	-4.1994911E-1	4.3992017E+3	-5.0899998E-5	5.3320593E-1	1.0009100E-1	4.5315532E+3	-9.1000002E-5	-4.1199641E+0	1.8943854E+2	1.0492776E+1	-2.2375520E-5	4.4691699E+3	-1.0004070E-1	4.4709888E+3	4.0700001E-5	-1.8189521E+0	1.8000000E+2	0.0000000E+0	0.0000000E+0	0.0000000E+0
1.9218800E+2	-9.0942063E-5	-4.0000001E-1	4.3984048E+3	2.2265460E-5	4.4912612E+3	-3.9999530E-1	4.3983530E+3	-4.6999999E-6	5.1681258E-2	1.0001090E-1	4.4917510E+3	-1.0900000E-5	-4.8954749E-1	1.8943854E+2	1.0492776E+1	-2.2132681E-5	4.5182056E+3	-1.0008550E-1	4.5220688E+3	8.5500003E-5	-3.8630657E+0	1.8100000E+2	0.0000000E+0	0.0000000E+0	0.0000000E+0
1.9300000E+2	-8.6185653E-5	-3.8000000E-1	4.4090864E+3	2.2515689E-5	4.4413472E+3	-3.7996411E-1	4.4086699E+3	-3.5900001E-5	4.1654265E-1	1.0007020E-1	4.4444653E+3	-7.0200003E-5	-3.1178257E+0	1.8943854E+2	1.0492776E+1	-2.2282929E-5	4.4877402E+3	-1.0010600E-1	4.4924971E+3	1.0600000E-4	-4.7570047E+0	1.8200000E+2	0.0000000E+0	0.0000000E+0	0.0000000E+0
1.9381300E+2	-8.1187543E-5	-3.6000001E-1	4.4341777E+3	2.2318050E-5	4.4806782E+3	-3.5996249E-1	4.4337158E+3	-3.7500002E-5	4.6189353E-1	1.0003640E-1	4.4823091E+3	-3.6400001E-5	-1.6309669E+0	1.8943854E+2	1.0492776E+1	-2.2530479E-5	4.4384316E+3	-1.0002640E-1	4.4396035E+3	2.6399999E-5	-1.1717460E+0	1.8300000E+2	0.0000000E+0	0.0000000E+0	0.0000000E+0
1.9462500E+2	-7.6750119E-5	-3.4000000E-1	4.4299604E+3	2.2096710E-5	4.5255605E+3	-3.3999801E-1	4.4299346E+3	-2.0000000E-6	2.6058592E-2	1.0005350E-1	4.5279819E+3	-5.3500000E-5	-2.4211750E+0	1.8943854E+2	1.0492776E+1	-2.2162991E-5	4.5120264E+3	-1.0004350E-1	4.5139893E+3	4.3500000E-5	-1.9627316E+0	1.8400000E+2	0.0000000E+0	0.0000000E+0	0.0000000E+0
1.9543800E+2	-7.2250681E-5	-3.1999999E-1	4.4290239E+3	2.2512560E-5	4.4419648E+3	-3.1998181E-1	4.4287720E+3	-1.8200000E-5	2.5190073E-1	1.0002970E-1	4.4432842E+3	-2.9700001E-5	-1.3192636E+0	1.8943854E+2	1.0492776E+1	-2.2113350E-5	4.5221553E+3	-1.0004190E-1	4.5240498E+3	4.1899999E-5	-1.8947830E+0	1.8500000E+2	0.0000000E+0	0.0000000E+0	0.0000000E+0
1.9653200E+2	-6.7796544E-5	-3.0000001E-1	4.4250044E+3	2.2551019E-5	4.4343892E+3	-3.0006891E-1	4.4260210E+3	6.8900001E-5	-1.0162760E+0	9.9997997E-2	4.4343003E+3	2.0000000E-6	8.8687785E-2	1.8943854E+2	1.0492776E+1	-2.2309820E-5	4.4823311E+3	-1.0005550E-1	4.4848188E+3	5.5500001E-5	-2.4876938E+0	1.8600000E+2	0.0000000E+0	0.0000000E+0	0.0000000E+0
1.9904700E+2	-6.2785723E-5	-2.8000000E-1	4.4596128E+3	2.2376371E-5	4.4690000E+3	-2.8002691E-1	4.4600410E+3	2.6899999E-5	-4.2844138E-1	1.0007050E-1	4.4721509E+3	-7.0499998E-5	-3.1506450E+0	1.8943854E+2	1.0492962E+1	-2.2469440E-5	4.4504893E+3	-1.0005120E-1	4.4527681E+3	5.1200001E-5	-2.2786505E+0	1.8700000E+2	0.0000000E+0	0.0000000E+0	0.0000000E+0
1.9987500E+2	-5.8377991E-5	-2.5999999E-1	4.4537334E+3	2.2159300E-5	4.5127778E+3	-2.6000401E-1	4.4538018E+3	4.0000000E-6	-6.8518974E-2	1.0004850E-1	4.5149668E+3	-4.8499998E-5	-2.1886973E+0	1.8943854E+2	1.0492962E+1	-2.2394041E-5	4.4654736E+3	-1.0002800E-1	4.4667241E+3	2.8000000E-5	-1.2503327E+0	1.8800000E+2	0.0000000E+0	0.0000000E+0	0.0000000E+0
2.0068800E+2	-5.4121079E-5	-2.3999999E-1	4.4345015E+3	2.2303680E-5	4.4835649E+3	-2.4000600E-1	4.4346123E+3	6.0000002E-6	-1.1086253E-1	1.0006430E-1	4.4864478E+3	-6.4300002E-5	-2.8829324E+0	1.8943854E+2	1.0492962E+1	-2.2162871E-5	4.5120508E+3	-1.0004570E-1	4.5141128E+3	4.5699999E-5	-2.0620074E+0	1.8900000E+2	0.0000000E+0	0.0000000E+0	0.0000000E+0
2.0150000E+2	-4.9308201E-5	-2.2000000E-1	4.4617324E+3	2.2551420E-5	4.4343105E+3	-2.1996810E-1	4.4610854E+3	-3.1899999E-5	6.4695120E-1	1.0007260E-1	4.4375298E+3	-7.2600000E-5	-3.2193096E+0	1.8943854E+2	1.0492962E+1	-2.2437131E-5	4.4568979E+3	-1.0003610E-1	4.4585068E+3	3.6099998E-5	-1.6089401E+0	1.9000000E+2	0.0000000E+0	0.0000000E+0	0.0000000E+0
2.0231300E+2	-4.4674220E-5	-2.0000000E-1	4.4768550E+3	2.2174730E-5	4.5096377E+3	-2.0002650E-1	4.4774482E+3	2.6500000E-5	-5.9318328E-1	1.0007240E-1	4.5129028E+3	-7.2399998E-5	-3.2649777E+0	1.8943854E+2	1.0492962E+1	-2.2545661E-5	4.4354434E+3	-1.0004850E-1	4.4375947E+3	4.8499998E-5	-2.1511900E+0	1.9100000E+2	0.0000000E+0	0.0000000E+0	0.0000000E+0
2.0312500E+2	-4.0466581E-5	-1.8000001E-1	4.4481147E+3	2.2462140E-5	4.4519355E+3	-1.7999460E-1	4.4479814E+3	-5.4000002E-6	1.3344344E-1	1.0007480E-1	4.4552656E+3	-7.4800002E-5	-3.3300478E+0	1.8943854E+2	1.0492962E+1	-2.2360149E-5	4.4722417E+3	-1.0003020E-1	4.4735928E+3	3.0200001E-5	-1.3506171E+0	1.9200000E+2	0.0000000E+0	0.0000000E+0	0.0000000E+0
2.0596899E+2	-3.5556801E-5	-1.6000000E-1	4.4998423E+3	2.2334880E-5	4.4773018E+3	-1.6000959E-1	4.5001123E+3	9.6000003E-6	-2.6999056E-1	1.0003880E-1	4.4790391E+3	-3.8800001E-5	-1.7371931E+0	1.8943854E+2	1.0492776E+1	-2.2485599E-5	4.4472905E+3	-1.0001180E-1	4.4478154E+3	1.1800000E-5	-5.2478033E-1	1.9300000E+2	0.0000000E+0	0.0000000E+0	0.0000000E+0
2.0679700E+2	-3.1245068E-5	-1.4000000E-1	4.4807070E+3	2.2105591E-5	4.5237427E+3	-1.4002940E-1	4.4816479E+3	2.9400000E-5	-9.4094843E-1	1.0006310E-1	4.5265972E+3	-6.3100000E-5	-2.8544817E+0	1.8943854E+2	1.0492776E+1	-2.2179080E-5	4.5087534E+3	-1.0002040E-1	4.5096729E+3	2.0400001E-5	-9.1978568E-1	1.9400000E+2	0.0000000E+0	0.0000000E+0	0.0000000E+0
2.0761000E+2	-2.6822951E-5	-1.2000000E-1	4.4737808E+3	2.2551931E-5	4.4342104E+3	-1.2000490E-1	4.4739634E+3	4.9000000E-6	-1.8267938E-1	1.0006620E-1	4.4371455E+3	-6.6200002E-5	-2.9354472E+0	1.8943854E+2	1.0492776E+1	-2.2146920E-5	4.5153008E+3	-1.0002660E-1	4.5165015E+3	2.6600001E-5	-1.2010700E+0	1.9500000E+2	0.0000000E+0	0.0000000E+0	0.0000000E+0
2.0842200E+2	-2.2105771E-5	-1.0000000E-1	4.5237056E+3	2.2232020E-5	4.4980166E+3	-1.0002210E-1	4.5247056E+3	2.2099999E-5	-9.9973899E-1	1.0006690E-1	4.5010259E+3	-6.6900000E-5	-3.0091732E+0	1.8943854E+2	1.0492776E+1	-2.2562799E-5	4.4320742E+3	-1.0004520E-1	4.4340771E+3	4.5199999E-5	-2.0032976E+0	1.9600000E+2	0.0000000E+0	0.0000000E+0	0.0000000E+0
2.0923500E+2	-1.7974349E-5	-7.9999998E-2	4.4507866E+3	2.2110549E-5	4.5227280E+3	-8.0067627E-2	4.4545493E+3	6.7629997E-5	-3.7625840E+0	1.0005450E-1	4.5251929E+3	-5.4500000E-5	-2.4648867E+0	1.8943854E+2	1.0492776E+1	-2.2372429E-5	4.4697871E+3	-1.0001090E-1	4.4702744E+3	1.0900000E-5	-4.8720679E-1	1.9700000E+2	0.0000000E+0	0.0000000E+0	0.0000000E+0
2.1004700E+2	-1.3626500E-5	-5.9999999E-2	4.4031851E+3	2.2414280E-5	4.4614414E+3	-6.0048342E-2	4.4067324E+3	4.8340000E-5	-3.5474994E+0	1.0006430E-1	4.4643101E+3	-6.4300002E-5	-2.8687069E+0	1.8943854E+2	1.0492776E+1	-2.2119420E-5	4.5209141E+3	-1.0004590E-1	4.5229893E+3	4.5900000E-5	-2.0750997E+0	1.9800000E+2	0.0000000E+0	0.0000000E+0	0.0000000E+0
2.1086000E+2	-8.9836976E-6	-3.9999999E-2	4.4525093E+3	2.2504089E-5	4.4436367E+3	-4.0102959E-2	4.4639702E+3	1.0296000E-4	-1.1460759E+1	1.0000590E-1	4.4438989E+3	-5.8999999E-6	-2.6217458E-1	1.8943854E+2	1.0492776E+1	-2.2135180E-5	4.5176953E+3	-1.0006140E-1	4.5204692E+3	6.1400002E-5	-2.7738650E+0	1.9900000E+2	0.0000000E+0	0.0000000E+0	0.0000000E+0
2.1167200E+2	-4.3349501E-6	-2.0000000E-2	4.6136636E+3	2.2497230E-5	4.4449917E+3	-1.9999269E-2	4.6134951E+3	-7.3000001E-7	1.6839871E-1	1.0008070E-1	4.4485786E+3	-8.0700003E-5	-3.5871084E+0	1.8943854E+2	1.0492776E+1	-2.2452830E-5	4.4537817E+3	-1.0002990E-1	4.4551133E+3	2.9900000E-5	-1.3316807E+0	2.0000000E+2	0.0000000E+0	0.0000000E+0	0.0000000E+0
2.1250000E+2	1.0500420E-5	1.0000000E-1	9.5234287E+3	2.2156541E-5	4.5133398E+3	4.6272282E-2	4.4067075E+3	5.3727720E-2	5.1167212E+3	1.0007000E-1	4.5164995E+3	-7.0000002E-5	-3.1593380E+0	1.8943854E+2	1.0492776E+1	-2.2417440E-5	4.4608125E+3	-1.0003470E-1	4.4623604E+3	3.4699999E-5	-1.5479020E+0	2.0100000E+2	0.0000000E+0	0.0000000E+0	0.0000000E+0
