t (s)	I (A)	V (V)	R(ohm)	Ibias (A)	Rrem(ohm)	Vsense (V)	Rsense(ohm)	Vdif (V)	Rdif(ohm)	VbiasSense (V)	RremSense(ohm)	VbiasDif (V)	RremDif(ohm)	T [K]	Rterm(ohm)	IbiasNEG (A)	RremNEG(ohm)	VbiasSenseNEG (V)	RremSenseNEG(ohm)	VbiasDifNEG (V)	RremDifNEG(ohm)	PasodeV	Saturó?	Saturó? (bias)	Saturó? (biasNEG)
2.6499987E-1	2.7542501E-6	1.0000000E-1	3.6307523E+4	3.0175499E-6	3.3139469E+4	1.0004880E-1	3.6325242E+4	-4.8800001E-5	-1.7718073E+1	1.0007930E-1	3.3165746E+4	-7.9300000E-5	-2.6279598E+1	1.0084600E+2	1.3924242E+1	-2.7401491E-6	3.6494367E+4	-1.0005660E-1	3.6515023E+4	5.6600002E-5	-2.0655811E+1	1.0000000E+0	0.0000000E+0	0.0000000E+0	0.0000000E+0
1.0779996E+0	6.4325008E-7	2.0000000E-2	3.1092105E+4	3.1616139E-6	3.1629414E+4	2.0113710E-2	3.1268879E+4	-1.1371000E-4	-1.7677417E+2	1.0006950E-1	3.1651396E+4	-6.9499998E-5	-2.1982443E+1	1.0084600E+2	1.3924242E+1	-2.9474390E-6	3.3927758E+4	-1.0010910E-1	3.3964773E+4	1.0910000E-4	-3.7015186E+1	2.0000000E+0	0.0000000E+0	0.0000000E+0	0.0000000E+0
1.8899999E+0	1.0494090E-6	3.9999999E-2	3.8116691E+4	2.7435040E-6	3.6449738E+4	3.1711578E-2	3.0218514E+4	8.2884198E-3	7.8981787E+3	1.0005120E-1	3.6468398E+4	-5.1200001E-5	-1.8662266E+1	1.0084600E+2	1.3924242E+1	-3.1149341E-6	3.2103408E+4	-1.0004640E-1	3.2118305E+4	4.6400000E-5	-1.4895982E+1	3.0000000E+0	0.0000000E+0	0.0000000E+0	0.0000000E+0
2.7179999E+0	1.5649390E-6	5.9999999E-2	3.8340152E+4	2.8791060E-6	3.4733004E+4	6.0043100E-2	3.8367695E+4	-4.3100001E-5	-2.7541010E+1	1.0009720E-1	3.4766766E+4	-9.7199998E-5	-3.3760479E+1	1.0084600E+2	1.3924242E+1	-2.7735100E-6	3.6055395E+4	-1.0007260E-1	3.6081570E+4	7.2600000E-5	-2.6176218E+1	4.0000000E+0	1.0000000E+0	0.0000000E+0	0.0000000E+0
5.5929999E+0	2.2743841E-6	7.9999998E-2	3.5174359E+4	2.7610729E-6	3.6217805E+4	8.0073118E-2	3.5206508E+4	-7.3119998E-5	-3.2149364E+1	1.0011170E-1	3.6258258E+4	-1.1170000E-4	-4.0455288E+1	1.0084600E+2	1.3925168E+1	-2.8758750E-6	3.4772027E+4	-1.0006500E-1	3.4794629E+4	6.5000000E-5	-2.2601816E+1	5.0000000E+0	0.0000000E+0	0.0000000E+0	0.0000000E+0
6.4219999E+0	2.8171680E-6	1.0000000E-1	3.5496641E+4	2.7257699E-6	3.6686883E+4	1.0004230E-1	3.5511656E+4	-4.2299998E-5	-1.5015079E+1	1.0005500E-1	3.6707059E+4	-5.5000000E-5	-2.0177784E+1	1.0084600E+2	1.3925168E+1	-2.8880479E-6	3.4625465E+4	-1.0001660E-1	3.4631211E+4	1.6600001E-5	-5.7478271E+0	6.0000000E+0	0.0000000E+0	0.0000000E+0	0.0000000E+0
7.2339997E+0	3.4123800E-6	1.2000000E-1	3.5166070E+4	3.0826700E-6	3.2439412E+4	1.2009530E-1	3.5194000E+4	-9.5299998E-5	-2.7927723E+1	1.0007790E-1	3.2464682E+4	-7.7899997E-5	-2.5270302E+1	1.0084600E+2	1.3925168E+1	-2.7310500E-6	3.6615953E+4	-1.0004810E-1	3.6633566E+4	4.8099999E-5	-1.7612274E+1	7.0000000E+0	0.0000000E+0	0.0000000E+0	0.0000000E+0
8.0469999E+0	4.3318469E-6	1.4000000E-1	3.2318777E+4	3.0033630E-6	3.3296008E+4	1.4008901E-1	3.2339322E+4	-8.9000001E-5	-2.0545509E+1	1.0004760E-1	3.3311855E+4	-4.7599999E-5	-1.5848900E+1	1.0084600E+2	1.3925168E+1	-3.1622360E-6	3.1623193E+4	-1.0007980E-1	3.1648428E+4	7.9799996E-5	-2.5235308E+1	8.0000000E+0	0.0000000E+0	0.0000000E+0	0.0000000E+0
8.8589993E+0	4.6012769E-6	1.6000000E-1	3.4772957E+4	2.7280400E-6	3.6656355E+4	1.6006680E-1	3.4787473E+4	-6.6799999E-5	-1.4517709E+1	1.0005040E-1	3.6674828E+4	-5.0400002E-5	-1.8474802E+1	1.0084600E+2	1.3925168E+1	-2.8751369E-6	3.4780953E+4	-1.0006900E-1	3.4804949E+4	6.9000002E-5	-2.3998856E+1	9.0000000E+0	0.0000000E+0	0.0000000E+0	0.0000000E+0
9.6719999E+0	5.1627349E-6	1.8000001E-1	3.4865242E+4	3.1327800E-6	3.1920531E+4	1.8007641E-1	3.4880039E+4	-7.6400000E-5	-1.4798358E+1	1.0008240E-1	3.1946834E+4	-8.2400002E-5	-2.6302517E+1	1.0084600E+2	1.3925168E+1	-2.9238861E-6	3.4201059E+4	-1.0010290E-1	3.4236254E+4	1.0290000E-4	-3.5192890E+1	1.0000000E+1	0.0000000E+0	0.0000000E+0	0.0000000E+0
1.0750000E+1	5.9167610E-6	2.0000000E-1	3.3802277E+4	2.7540750E-6	3.6309832E+4	2.0012210E-1	3.3822914E+4	-1.2210000E-4	-2.0636292E+1	1.0006020E-1	3.6331691E+4	-6.0200000E-5	-2.1858519E+1	1.0084600E+2	1.3925168E+1	-3.0078361E-6	3.3246492E+4	-1.0007020E-1	3.3269832E+4	7.0200003E-5	-2.3339039E+1	1.1000000E+1	0.0000000E+0	0.0000000E+0	0.0000000E+0
1.3281000E+1	6.3135649E-6	2.2000000E-1	3.4845605E+4	3.0130091E-6	3.3189414E+4	2.2003441E-1	3.4851055E+4	-3.4400000E-5	-5.4485855E+0	1.0006140E-1	3.3209793E+4	-6.1400002E-5	-2.0378300E+1	1.0084600E+2	1.3926656E+1	-2.7237411E-6	3.6714211E+4	-1.0006590E-1	3.6738406E+4	6.5900000E-5	-2.4194664E+1	1.2000000E+1	0.0000000E+0	0.0000000E+0	0.0000000E+0
1.4093000E+1	7.2006560E-6	2.3999999E-1	3.3330297E+4	3.0847229E-6	3.2417822E+4	2.4008060E-1	3.3341488E+4	-8.0600003E-5	-1.1193424E+1	1.0004070E-1	3.2431016E+4	-4.0700001E-5	-1.3194054E+1	1.0084600E+2	1.3926656E+1	-3.0276231E-6	3.3029211E+4	-1.0007100E-1	3.3052660E+4	7.1000002E-5	-2.3450741E+1	1.3000000E+1	0.0000000E+0	0.0000000E+0	0.0000000E+0
1.4922000E+1	7.8591047E-6	2.5999999E-1	3.3082648E+4	3.1470170E-6	3.1776123E+4	2.6007870E-1	3.3092660E+4	-7.8700003E-5	-1.0013863E+1	1.0004660E-1	3.1790932E+4	-4.6599998E-5	-1.4807673E+1	1.0084600E+2	1.3926656E+1	-2.9233120E-6	3.4207773E+4	-1.0011360E-1	3.4246637E+4	1.1360000E-4	-3.8860031E+1	1.4000000E+1	0.0000000E+0	0.0000000E+0	0.0000000E+0
1.5733999E+1	8.4817157E-6	2.8000000E-1	3.3012187E+4	2.7871190E-6	3.5879344E+4	2.8005460E-1	3.3018625E+4	-5.4600001E-5	-6.4373765E+0	1.0003810E-1	3.5893012E+4	-3.8099999E-5	-1.3670030E+1	1.0084600E+2	1.3926656E+1	-3.1564680E-6	3.1680980E+4	-1.0009260E-1	3.1710316E+4	9.2599999E-5	-2.9336588E+1	1.5000000E+1	0.0000000E+0	0.0000000E+0	0.0000000E+0
1.6547001E+1	8.8035886E-6	3.0000001E-1	3.4077012E+4	2.7207591E-6	3.6754449E+4	3.0002451E-1	3.4079793E+4	-2.4499999E-5	-2.7829559E+0	1.0004470E-1	3.6770879E+4	-4.4699998E-5	-1.6429239E+1	1.0084600E+2	1.3926656E+1	-2.8314039E-6	3.5318168E+4	-1.0005260E-1	3.5336746E+4	5.2600000E-5	-1.8577356E+1	1.6000000E+1	0.0000000E+0	0.0000000E+0	0.0000000E+0
1.7358999E+1	9.5403102E-6	3.1999999E-1	3.3541887E+4	2.8230450E-6	3.5422742E+4	3.2008389E-1	3.3550680E+4	-8.3899999E-5	-8.7942638E+0	1.0003470E-1	3.5435035E+4	-3.4699999E-5	-1.2291692E+1	1.0084600E+2	1.3926656E+1	-2.9770340E-6	3.3590480E+4	-1.0001640E-1	3.3595988E+4	1.6399999E-5	-5.5088387E+0	1.7000000E+1	0.0000000E+0	0.0000000E+0	0.0000000E+0
2.0218000E+1	9.9506633E-6	3.4000000E-1	3.4168578E+4	2.9449591E-6	3.3956332E+4	3.4004310E-1	3.4172910E+4	-4.3100001E-5	-4.3313699E+0	1.0011700E-1	3.3996059E+4	-1.1700000E-4	-3.9728905E+1	1.0084600E+2	1.3928184E+1	-2.7558419E-6	3.6286551E+4	-1.0005550E-1	3.6306691E+4	5.5500001E-5	-2.0139036E+1	1.8000000E+1	0.0000000E+0	0.0000000E+0	0.0000000E+0
2.1031000E+1	1.0500470E-5	3.6000001E-1	3.4284180E+4	3.1525051E-6	3.1720807E+4	3.4995389E-1	3.3327449E+4	1.0046100E-2	9.5672858E+2	1.0007070E-1	3.1743232E+4	-7.0700000E-5	-2.2426609E+1	1.0084600E+2	1.3928184E+1	-2.8651391E-6	3.4902320E+4	-1.0008910E-1	3.4933418E+4	8.9100002E-5	-3.1097967E+1	1.9000000E+1	0.0000000E+0	0.0000000E+0	0.0000000E+0
2.1843000E+1	1.1626940E-5	3.8000000E-1	3.2682719E+4	2.8454081E-6	3.5144344E+4	3.8002011E-1	3.2684447E+4	-2.0100000E-5	-1.7287438E+0	1.0006330E-1	3.5166590E+4	-6.3300002E-5	-2.2246370E+1	1.0084600E+2	1.3928184E+1	-3.0205260E-6	3.3106816E+4	-1.0004930E-1	3.3123137E+4	4.9300001E-5	-1.6321661E+1	2.0000000E+1	1.0000000E+0	0.0000000E+0	0.0000000E+0
2.2656000E+1	1.1797750E-5	4.0000001E-1	3.3904770E+4	2.9887910E-6	3.3458344E+4	3.9999941E-1	3.3904719E+4	6.0000002E-7	5.0857157E-2	1.0011410E-1	3.3496520E+4	-1.1410000E-4	-3.8175972E+1	1.0084600E+2	1.3928184E+1	-2.7368701E-6	3.6538090E+4	-1.0004590E-1	3.6554859E+4	4.5900000E-5	-1.6770983E+1	2.1000000E+1	0.0000000E+0	0.0000000E+0	0.0000000E+0
2.3468000E+1	1.2777800E-5	4.1999999E-1	3.2869508E+4	3.1416989E-6	3.1829912E+4	4.2003769E-1	3.2872457E+4	-3.7700000E-5	-2.9504297E+0	1.0006000E-1	3.1849010E+4	-5.9999998E-5	-1.9097946E+1	1.0084600E+2	1.3928184E+1	-3.1002760E-6	3.2255193E+4	-1.0008620E-1	3.2282996E+4	8.6200002E-5	-2.7803976E+1	2.2000000E+1	0.0000000E+0	0.0000000E+0	0.0000000E+0
2.4281000E+1	1.3226210E-5	4.4000000E-1	3.3267277E+4	2.7064070E-6	3.6949359E+4	4.3999031E-1	3.3266543E+4	9.7000002E-6	7.3339224E-1	1.0007310E-1	3.6976367E+4	-7.3099996E-5	-2.7009981E+1	1.0084600E+2	1.3928184E+1	-3.0062081E-6	3.3264496E+4	-1.0008120E-1	3.3291508E+4	8.1200000E-5	-2.7010773E+1	2.3000000E+1	0.0000000E+0	0.0000000E+0	0.0000000E+0
2.5093000E+1	1.3653190E-5	4.6000001E-1	3.3691762E+4	2.9954081E-6	3.3384434E+4	4.6003720E-1	3.3694484E+4	-3.7199999E-5	-2.7246380E+0	1.0008120E-1	3.3411543E+4	-8.1200000E-5	-2.7108160E+1	1.0084600E+2	1.3928184E+1	-2.7194840E-6	3.6771684E+4	-1.0005640E-1	3.6792422E+4	5.6400000E-5	-2.0739229E+1	2.4000000E+1	0.0000000E+0	0.0000000E+0	0.0000000E+0
2.5906000E+1	1.4680750E-5	4.7999999E-1	3.2695877E+4	3.0861090E-6	3.2403262E+4	4.8002410E-1	3.2697520E+4	-2.4100000E-5	-1.6416055E+0	1.0003660E-1	3.2415123E+4	-3.6599999E-5	-1.1859594E+1	1.0084600E+2	1.3928184E+1	-3.0032641E-6	3.3297105E+4	-1.0007760E-1	3.3322945E+4	7.7600002E-5	-2.5838554E+1	2.5000000E+1	0.0000000E+0	0.0000000E+0	0.0000000E+0
2.6718000E+1	1.5315911E-5	5.0000000E-1	3.2645791E+4	2.7385399E-6	3.6515809E+4	5.0004083E-1	3.2648455E+4	-4.0800001E-5	-2.6638966E+0	1.0002610E-1	3.6525340E+4	-2.6100000E-5	-9.5306253E+0	1.0084600E+2	1.3928184E+1	-3.1188420E-6	3.2063182E+4	-1.0004780E-1	3.2078508E+4	4.7800000E-5	-1.5326201E+1	2.6000000E+1	0.0000000E+0	0.0000000E+0	0.0000000E+0
2.7547001E+1	1.5604210E-5	5.1999998E-1	3.3324340E+4	2.7378219E-6	3.6525383E+4	5.2002221E-1	3.3325762E+4	-2.2200000E-5	-1.4226930E+0	1.0005210E-1	3.6544414E+4	-5.2100000E-5	-1.9029726E+1	1.0084600E+2	1.3928184E+1	-2.9330790E-6	3.4093863E+4	-1.0003260E-1	3.4104980E+4	3.2600001E-5	-1.1114600E+1	2.7000000E+1	0.0000000E+0	0.0000000E+0	0.0000000E+0
2.8358999E+1	1.6331431E-5	5.4000002E-1	3.3065078E+4	3.1319221E-6	3.1929275E+4	5.4005069E-1	3.3068184E+4	-5.0700000E-5	-3.1044433E+0	1.0012150E-1	3.1968070E+4	-1.2150000E-4	-3.8794071E+1	1.0084600E+2	1.3928184E+1	-2.8193861E-6	3.5468715E+4	-1.0010620E-1	3.5506383E+4	1.0620000E-4	-3.7667774E+1	2.8000000E+1	0.0000000E+0	0.0000000E+0	0.0000000E+0
2.9172001E+1	1.7245900E-5	5.6000000E-1	3.2471486E+4	2.9277669E-6	3.4155723E+4	5.6004328E-1	3.2473996E+4	-4.3299999E-5	-2.5107417E+0	1.0001900E-1	3.4162215E+4	-1.8999999E-5	-6.4895873E+0	1.0084600E+2	1.3928184E+1	-3.1583090E-6	3.1662514E+4	-1.0005570E-1	3.1680148E+4	5.5699998E-5	-1.7636021E+1	2.9000000E+1	0.0000000E+0	0.0000000E+0	0.0000000E+0
3.2139999E+1	1.7571390E-5	5.7999998E-1	3.3008203E+4	2.7334320E-6	3.6584047E+4	5.8004880E-1	3.3010980E+4	-4.8800001E-5	-2.7772419E+0	1.0004500E-1	3.6600508E+4	-4.5000001E-5	-1.6462820E+1	1.0084600E+2	1.3930468E+1	-3.1097650E-6	3.2156771E+4	-1.0005070E-1	3.2173074E+4	5.0700000E-5	-1.6303482E+1	3.0000000E+1	0.0000000E+0	0.0000000E+0	0.0000000E+0
3.2967999E+1	1.8113949E-5	6.0000002E-1	3.3123641E+4	2.7618780E-6	3.6207246E+4	6.0000902E-1	3.3124141E+4	-9.0000003E-6	-4.9685463E-1	1.0008840E-1	3.6239254E+4	-8.8399996E-5	-3.2007206E+1	1.0084600E+2	1.3930468E+1	-2.7390720E-6	3.6508715E+4	-1.0005090E-1	3.6527297E+4	5.0899998E-5	-1.8582935E+1	3.1000000E+1	0.0000000E+0	0.0000000E+0	0.0000000E+0
3.3780998E+1	1.8890431E-5	6.2000000E-1	3.2820852E+4	3.1501941E-6	3.1744076E+4	6.2004763E-1	3.2823371E+4	-4.7599999E-5	-2.5197945E+0	1.0008430E-1	3.1770838E+4	-8.4300002E-5	-2.6760256E+1	1.0084600E+2	1.3930468E+1	-2.8520710E-6	3.5062242E+4	-1.0008690E-1	3.5092711E+4	8.6900000E-5	-3.0469088E+1	3.2000000E+1	0.0000000E+0	0.0000000E+0	0.0000000E+0
3.4592999E+1	1.9749201E-5	6.3999999E-1	3.2406375E+4	2.8744539E-6	3.4789215E+4	6.4000648E-1	3.2406705E+4	-6.4999999E-6	-3.2912725E-1	9.9989183E-2	3.4785453E+4	1.0820000E-5	3.7641931E+0	1.0084600E+2	1.3930468E+1	-3.1468369E-6	3.1777941E+4	-1.0008910E-1	3.1806256E+4	8.9100002E-5	-2.8314146E+1	3.3000000E+1	0.0000000E+0	0.0000000E+0	0.0000000E+0
3.5405998E+1	1.9955871E-5	6.6000003E-1	3.3072977E+4	2.8450179E-6	3.5149164E+4	6.6003060E-1	3.3074508E+4	-3.0600000E-5	-1.5333834E+0	1.0007170E-1	3.5174363E+4	-7.1700000E-5	-2.5201950E+1	1.0084600E+2	1.3930468E+1	-2.8088020E-6	3.5602367E+4	-1.0005430E-1	3.5621699E+4	5.4299999E-5	-1.9332085E+1	3.4000000E+1	0.0000000E+0	0.0000000E+0	0.0000000E+0
3.6217999E+1	2.0801361E-5	6.8000001E-1	3.2690170E+4	3.1406510E-6	3.1840533E+4	6.7997873E-1	3.2689146E+4	2.1300000E-5	1.0239716E+0	1.0007760E-1	3.1865240E+4	-7.7600002E-5	-2.4708254E+1	1.0084600E+2	1.3930468E+1	-3.0279839E-6	3.3025273E+4	-1.0009380E-1	3.3056250E+4	9.3800001E-5	-3.0977707E+1	3.5000000E+1	0.0000000E+0	0.0000000E+0	0.0000000E+0
3.7312000E+1	2.1336889E-5	6.9999999E-1	3.2807031E+4	3.0841090E-6	3.2424275E+4	7.0003313E-1	3.2808582E+4	-3.3100001E-5	-1.5513039E+0	1.0009690E-1	3.2455695E+4	-9.6900003E-5	-3.1419123E+1	1.0084600E+2	1.3930468E+1	-2.7158389E-6	3.6821035E+4	-1.0007640E-1	3.6849164E+4	7.6400000E-5	-2.8131269E+1	3.6000000E+1	0.0000000E+0	0.0000000E+0	0.0000000E+0
3.9842999E+1	2.2285611E-5	7.2000003E-1	3.2307844E+4	3.0167630E-6	3.3148113E+4	7.2000438E-1	3.2308041E+4	-4.3999999E-6	-1.9743682E-1	1.0002780E-1	3.3157328E+4	-2.7800001E-5	-9.2151756E+0	1.0084600E+2	1.3931938E+1	-3.1396130E-6	3.1851059E+4	-1.0005350E-1	3.1868100E+4	5.3500000E-5	-1.7040318E+1	3.7000000E+1	0.0000000E+0	0.0000000E+0	0.0000000E+0
4.0655998E+1	2.2603361E-5	7.4000001E-1	3.2738496E+4	2.7396070E-6	3.6501586E+4	7.4000549E-1	3.2738738E+4	-5.5000000E-6	-2.4332665E-1	1.0006930E-1	3.6526883E+4	-6.9299997E-5	-2.5295599E+1	1.0084600E+2	1.3931938E+1	-2.9199650E-6	3.4246984E+4	-1.0002970E-1	3.4257156E+4	2.9700001E-5	-1.0171355E+1	3.8000000E+1	0.0000000E+0	0.0000000E+0	0.0000000E+0
4.1467999E+1	2.3143850E-5	7.5999999E-1	3.2838098E+4	2.9446251E-6	3.3960184E+4	7.6000881E-1	3.2838477E+4	-8.7999997E-6	-3.8023061E-1	1.0014680E-1	3.4010035E+4	-1.4680000E-4	-4.9853546E+1	1.0084600E+2	1.3931938E+1	-2.7062399E-6	3.6951637E+4	-1.0007240E-1	3.6978391E+4	7.2399998E-5	-2.6752985E+1	3.9000000E+1	0.0000000E+0	0.0000000E+0	0.0000000E+0
4.2280998E+1	2.4177560E-5	7.7999997E-1	3.2261320E+4	3.1338750E-6	3.1909377E+4	7.8003180E-1	3.2262635E+4	-3.1799998E-5	-1.3152692E+0	1.0009480E-1	3.1939627E+4	-9.4800002E-5	-3.0250090E+1	1.0084600E+2	1.3931938E+1	-2.9240971E-6	3.4198594E+4	-1.0012820E-1	3.4242434E+4	1.2820000E-4	-4.3842594E+1	4.0000000E+1	0.0000000E+0	0.0000000E+0	0.0000000E+0
4.3092999E+1	2.4814690E-5	8.0000001E-1	3.2238969E+4	2.7228230E-6	3.6726590E+4	8.0000389E-1	3.2239125E+4	-3.9000001E-6	-1.5716498E-1	1.0004310E-1	3.6742418E+4	-4.3100001E-5	-1.5829160E+1	1.0084600E+2	1.3931938E+1	-3.0949200E-6	3.2311014E+4	-1.0002370E-1	3.2318670E+4	2.3700000E-5	-7.6577101E+0	4.1000000E+1	0.0000000E+0	0.0000000E+0	0.0000000E+0
4.3905998E+1	2.5116189E-5	8.1999999E-1	3.2648264E+4	3.1051841E-6	3.2204211E+4	8.2003659E-1	3.2649721E+4	-3.6599999E-5	-1.4572273E+0	1.0010170E-1	3.2236963E+4	-1.0170000E-4	-3.2751682E+1	1.0084600E+2	1.3931938E+1	-3.0077010E-6	3.3247984E+4	-1.0007170E-1	3.3271824E+4	7.1700000E-5	-2.3838806E+1	4.2000000E+1	0.0000000E+0	0.0000000E+0	0.0000000E+0
4.6764999E+1	2.6001961E-5	8.3999997E-1	3.2305258E+4	2.6970281E-6	3.7077852E+4	8.4002793E-1	3.2306330E+4	-2.7900000E-5	-1.0729960E+0	1.0004970E-1	3.7096277E+4	-4.9700000E-5	-1.8427692E+1	1.0084600E+2	1.3933320E+1	-2.8281161E-6	3.5359230E+4	-1.0007690E-1	3.5386418E+4	7.6900003E-5	-2.7191246E+1	4.3000000E+1	0.0000000E+0	0.0000000E+0	0.0000000E+0
4.7577999E+1	2.6397891E-5	8.6000001E-1	3.2578361E+4	3.0177989E-6	3.3136734E+4	8.6005223E-1	3.2580338E+4	-5.2200001E-5	-1.9774308E+0	1.0004400E-1	3.3151312E+4	-4.4000000E-5	-1.4580163E+1	1.0084600E+2	1.3933320E+1	-2.6974990E-6	3.7071375E+4	-1.0009740E-1	3.7107484E+4	9.7400000E-5	-3.6107521E+1	4.4000000E+1	0.0000000E+0	0.0000000E+0	0.0000000E+0
4.8389999E+1	2.7381380E-5	8.8000000E-1	3.2138629E+4	3.0089259E-6	3.3234449E+4	8.8003528E-1	3.2139918E+4	-3.5300000E-5	-1.2891972E+0	1.0003570E-1	3.3246316E+4	-3.5699999E-5	-1.1864698E+1	1.0084600E+2	1.3933320E+1	-3.1351080E-6	3.1896828E+4	-1.0010290E-1	3.1929650E+4	1.0290000E-4	-3.2821835E+1	4.5000000E+1	0.0000000E+0	0.0000000E+0	0.0000000E+0
4.9202999E+1	2.7942349E-5	8.9999998E-1	3.2209174E+4	2.7361070E-6	3.6548277E+4	9.0003228E-1	3.2210330E+4	-3.2299999E-5	-1.1559515E+0	1.0006330E-1	3.6571414E+4	-6.3300002E-5	-2.3135059E+1	1.0084600E+2	1.3933320E+1	-3.1212601E-6	3.2038344E+4	-1.0009530E-1	3.2068877E+4	9.5299998E-5	-3.0532541E+1	4.6000000E+1	0.0000000E+0	0.0000000E+0	0.0000000E+0
5.0014999E+1	2.8382190E-5	9.2000002E-1	3.2414693E+4	3.1433319E-6	3.1813375E+4	9.2001653E-1	3.2415275E+4	-1.6500000E-5	-5.8135051E-1	1.0005830E-1	3.1831922E+4	-5.8300000E-5	-1.8547197E+1	1.0084600E+2	1.3933320E+1	-2.9163950E-6	3.4288906E+4	-1.0011820E-1	3.4329437E+4	1.1820000E-4	-4.0529488E+1	4.7000000E+1	0.0000000E+0	0.0000000E+0	0.0000000E+0
5.0827999E+1	2.9358949E-5	9.4000000E-1	3.2017494E+4	2.8136960E-6	3.5540441E+4	9.4003111E-1	3.2018553E+4	-3.1100000E-5	-1.0593022E+0	1.0004830E-1	3.5557609E+4	-4.8300000E-5	-1.7166033E+1	1.0084600E+2	1.3933320E+1	-3.1474390E-6	3.1771863E+4	-1.0007190E-1	3.1794707E+4	7.1900002E-5	-2.2843969E+1	4.8000000E+1	0.0000000E+0	0.0000000E+0	0.0000000E+0
5.1639999E+1	2.9671490E-5	9.5999998E-1	3.2354291E+4	2.9922171E-6	3.3420035E+4	9.6001291E-1	3.2354725E+4	-1.2900000E-5	-4.3476078E-1	1.0010150E-1	3.3453957E+4	-1.0150000E-4	-3.3921337E+1	1.0084600E+2	1.3933320E+1	-2.7319149E-6	3.6604359E+4	-1.0007140E-1	3.6630496E+4	7.1399998E-5	-2.6135513E+1	4.9000000E+1	0.0000000E+0	0.0000000E+0	0.0000000E+0
5.2452999E+1	3.0716059E-5	9.8000002E-1	3.1905133E+4	3.0027500E-6	3.3302805E+4	9.8001248E-1	3.1905541E+4	-1.2500000E-5	-4.0695325E-1	1.0006330E-1	3.3323887E+4	-6.3300002E-5	-2.1080675E+1	1.0084600E+2	1.3933320E+1	-3.0432509E-6	3.2859598E+4	-1.0009880E-1	3.2892062E+4	9.8800003E-5	-3.2465282E+1	5.0000000E+1	0.0000000E+0	0.0000000E+0	0.0000000E+0
5.3264999E+1	3.1167510E-5	1.0000000E+0	3.2084693E+4	2.7133030E-6	3.6855449E+4	1.0000221E+0	3.2085398E+4	-2.2000000E-5	-7.0586324E-1	1.0004570E-1	3.6872293E+4	-4.5699999E-5	-1.6842939E+1	1.0084600E+2	1.3933320E+1	-2.7448041E-6	3.6432473E+4	-1.0004000E-1	3.6447047E+4	3.9999999E-5	-1.4572989E+1	5.1000000E+1	0.0000000E+0	0.0000000E+0	0.0000000E+0
5.4077999E+1	3.0528139E-5	9.8000002E-1	3.2101529E+4	3.1394191E-6	3.1853027E+4	9.8002541E-1	3.2102361E+4	-2.5400001E-5	-8.3201927E-1	1.0009070E-1	3.1881918E+4	-9.0699999E-5	-2.8890696E+1	1.0084600E+2	1.3933320E+1	-2.8680940E-6	3.4866359E+4	-1.0012910E-1	3.4911375E+4	1.2909999E-4	-4.5012470E+1	5.2000000E+1	0.0000000E+0	0.0000000E+0	0.0000000E+0
5.4889999E+1	3.0042809E-5	9.5999998E-1	3.1954400E+4	2.7457879E-6	3.6419418E+4	9.6000838E-1	3.1954682E+4	-8.4000003E-6	-2.7960101E-1	1.0005160E-1	3.6438211E+4	-5.1600000E-5	-1.8792419E+1	1.0084600E+2	1.3933320E+1	-2.8776590E-6	3.4750469E+4	-9.9981777E-2	3.4744137E+4	-1.8220000E-5	6.3315353E+0	5.3000000E+1	0.0000000E+0	0.0000000E+0	0.0000000E+0
5.5702999E+1	2.9006780E-5	9.4000000E-1	3.2406217E+4	3.0353419E-6	3.2945215E+4	9.4004232E-1	3.2407676E+4	-4.2299998E-5	-1.4582797E+0	1.0007480E-1	3.2969859E+4	-7.4800002E-5	-2.4643023E+1	1.0084600E+2	1.3933320E+1	-2.6942439E-6	3.7116164E+4	-1.0009430E-1	3.7151164E+4	9.4299998E-5	-3.5000542E+1	5.4000000E+1	0.0000000E+0	0.0000000E+0	0.0000000E+0
5.8687000E+1	2.8277151E-5	9.2000002E-1	3.2535104E+4	3.0227691E-6	3.3082250E+4	9.2002368E-1	3.2535941E+4	-2.3700000E-5	-8.3813256E-1	1.0009190E-1	3.3112652E+4	-9.1900001E-5	-3.0402588E+1	1.0084600E+2	1.3933320E+1	-2.7036390E-6	3.6987187E+4	-1.0005140E-1	3.7006199E+4	5.1399998E-5	-1.9011414E+1	5.5000000E+1	0.0000000E+0	0.0000000E+0	0.0000000E+0
5.9500000E+1	2.8030279E-5	8.9999998E-1	3.2108135E+4	2.9792429E-6	3.3565574E+4	9.0006101E-1	3.2110311E+4	-6.0999999E-5	-2.1762180E+0	1.0006430E-1	3.3587156E+4	-6.4300002E-5	-2.1582664E+1	1.0084600E+2	1.3935858E+1	-3.0427309E-6	3.2865211E+4	-1.0008260E-1	3.2892359E+4	8.2600003E-5	-2.7146666E+1	5.6000000E+1	0.0000000E+0	0.0000000E+0	0.0000000E+0
6.0312000E+1	2.7043179E-5	8.8000000E-1	3.2540553E+4	2.8472659E-6	3.5121410E+4	8.8003582E-1	3.2541875E+4	-3.5800000E-5	-1.3238088E+0	1.0009120E-1	3.5153441E+4	-9.1200003E-5	-3.2030727E+1	1.0084600E+2	1.3935858E+1	-2.8116449E-6	3.5566367E+4	-1.0004730E-1	3.5583191E+4	4.7300000E-5	-1.6822891E+1	5.7000000E+1	0.0000000E+0	0.0000000E+0	0.0000000E+0
6.1125000E+1	2.6446520E-5	8.6000001E-1	3.2518457E+4	3.0892850E-6	3.2369949E+4	8.6003262E-1	3.2519689E+4	-3.2600001E-5	-1.2326764E+0	1.0007120E-1	3.2392998E+4	-7.1199996E-5	-2.3047403E+1	1.0084600E+2	1.3935858E+1	-2.7130880E-6	3.6858371E+4	-1.0006450E-1	3.6882145E+4	6.4499996E-5	-2.3773649E+1	5.8000000E+1	0.0000000E+0	0.0000000E+0	0.0000000E+0
6.1937000E+1	2.6067140E-5	8.3999997E-1	3.2224479E+4	2.7296630E-6	3.6634559E+4	8.4003931E-1	3.2225986E+4	-3.9300001E-5	-1.5076452E+0	1.0005400E-1	3.6654340E+4	-5.4000000E-5	-1.9782661E+1	1.0084600E+2	1.3935858E+1	-3.1113900E-6	3.2139977E+4	-1.0006090E-1	3.2159549E+4	6.0900002E-5	-1.9573246E+1	5.9000000E+1	0.0000000E+0	0.0000000E+0	0.0000000E+0
6.2750000E+1	2.5057219E-5	8.1999999E-1	3.2725100E+4	2.6952900E-6	3.7101758E+4	8.2004082E-1	3.2726727E+4	-4.0800001E-5	-1.6282732E+0	1.0007140E-1	3.7128250E+4	-7.1399998E-5	-2.6490656E+1	1.0084600E+2	1.3935858E+1	-2.8978111E-6	3.4508809E+4	-1.0000470E-1	3.4510430E+4	4.6999999E-6	-1.6219139E+0	6.0000000E+1	0.0000000E+0	0.0000000E+0	0.0000000E+0
6.3842999E+1	2.4384561E-5	8.0000001E-1	3.2807645E+4	2.9572509E-6	3.3815187E+4	8.0000257E-1	3.2807754E+4	-2.6000000E-6	-1.0662485E-1	1.0013910E-1	3.3862227E+4	-1.3910000E-4	-4.7036926E+1	1.0084600E+2	1.3935858E+1	-2.7144320E-6	3.6840121E+4	-1.0004590E-1	3.6857031E+4	4.5900000E-5	-1.6909615E+1	6.1000000E+1	0.0000000E+0	0.0000000E+0	0.0000000E+0
6.6389999E+1	2.4011710E-5	7.7999997E-1	3.2484150E+4	3.1279310E-6	3.1970016E+4	7.8003502E-1	3.2485607E+4	-3.5000001E-5	-1.4576222E+0	1.0008960E-1	3.1998660E+4	-8.9599998E-5	-2.8645134E+1	1.0084600E+2	1.3937580E+1	-3.0377130E-6	3.2919504E+4	-1.0008600E-1	3.2947812E+4	8.6000000E-5	-2.8310772E+1	6.2000000E+1	0.0000000E+0	0.0000000E+0	0.0000000E+0
6.7203003E+1	2.3394590E-5	7.5999999E-1	3.2486143E+4	2.7602159E-6	3.6229047E+4	7.6002431E-1	3.2487182E+4	-2.4299999E-5	-1.0387017E+0	1.0005310E-1	3.6248285E+4	-5.3100001E-5	-1.9237625E+1	1.0084600E+2	1.3937580E+1	-3.1096670E-6	3.2157783E+4	-1.0008340E-1	3.2184604E+4	8.3400002E-5	-2.6819592E+1	6.3000000E+1	0.0000000E+0	0.0000000E+0	0.0000000E+0
6.8014999E+1	2.2404751E-5	7.4000001E-1	3.3028711E+4	2.9689450E-6	3.3682000E+4	7.4002838E-1	3.3029977E+4	-2.8400000E-5	-1.2675884E+0	1.0008170E-1	3.3709516E+4	-8.1699996E-5	-2.7518192E+1	1.0084600E+2	1.3937580E+1	-2.7000060E-6	3.7036953E+4	-1.0006760E-1	3.7061992E+4	6.7599998E-5	-2.5036982E+1	6.4000000E+1	0.0000000E+0	0.0000000E+0	0.0000000E+0
6.8828003E+1	2.2162860E-5	7.2000003E-1	3.2486781E+4	3.0157221E-6	3.3159555E+4	7.1999258E-1	3.2486447E+4	7.4000000E-6	3.3389193E-1	1.0004330E-1	3.3173914E+4	-4.3299999E-5	-1.4358088E+1	1.0084600E+2	1.3937580E+1	-3.0876940E-6	3.2386629E+4	-1.0009790E-1	3.2418336E+4	9.7900003E-5	-3.1706511E+1	6.5000000E+1	0.0000000E+0	0.0000000E+0	0.0000000E+0
6.9639999E+1	2.1263260E-5	6.9999999E-1	3.2920633E+4	2.6863399E-6	3.7225371E+4	7.0001721E-1	3.2921441E+4	-1.7200000E-5	-8.0890703E-1	1.0007070E-1	3.7251687E+4	-7.0700000E-5	-2.6318336E+1	1.0084600E+2	1.3937580E+1	-2.8942679E-6	3.4551051E+4	-9.9996328E-2	3.4549781E+4	-3.6700001E-6	1.2680236E+0	6.6000000E+1	0.0000000E+0	0.0000000E+0	0.0000000E+0
7.0453003E+1	2.0566349E-5	6.8000001E-1	3.3063719E+4	2.6914820E-6	3.7154250E+4	6.7999983E-1	3.3063707E+4	2.0000000E-7	9.7246226E-3	1.0004760E-1	3.7171937E+4	-4.7599999E-5	-1.7685425E+1	1.0084600E+2	1.3937580E+1	-2.8345280E-6	3.5279242E+4	-1.0006070E-1	3.5300656E+4	6.0700000E-5	-2.1414499E+1	6.7000000E+1	0.0000000E+0	0.0000000E+0	0.0000000E+0
7.3311996E+1	1.9916821E-5	6.6000003E-1	3.3137820E+4	3.1229281E-6	3.2021230E+4	6.6002661E-1	3.3139156E+4	-2.6600001E-5	-1.3355546E+0	1.0008760E-1	3.2049281E+4	-8.7599998E-5	-2.8050598E+1	1.0084600E+2	1.3939002E+1	-2.7624710E-6	3.6199477E+4	-1.0010220E-1	3.6236473E+4	1.0220000E-4	-3.6995865E+1	6.8000000E+1	0.0000000E+0	0.0000000E+0	0.0000000E+0
7.4125000E+1	1.9574380E-5	6.3999999E-1	3.2695799E+4	3.1075210E-6	3.2179992E+4	6.4001298E-1	3.2696463E+4	-1.3000000E-5	-6.6413343E-1	1.0008140E-1	3.2206186E+4	-8.1400001E-5	-2.6194513E+1	1.0084600E+2	1.3939002E+1	-2.9102109E-6	3.4361770E+4	-1.0013580E-1	3.4408434E+4	1.3580000E-4	-4.6663284E+1	6.9000000E+1	0.0000000E+0	0.0000000E+0	0.0000000E+0
7.4936996E+1	1.8811101E-5	6.2000000E-1	3.2959262E+4	2.6803641E-6	3.7308367E+4	6.2002182E-1	3.2960422E+4	-2.1800000E-5	-1.1588902E+0	1.0007910E-1	3.7337875E+4	-7.9099998E-5	-2.9510918E+1	1.0084600E+2	1.3939002E+1	-3.0021299E-6	3.3309684E+4	-1.0005450E-1	3.3327836E+4	5.4500000E-5	-1.8153778E+1	7.0000000E+1	0.0000000E+0	0.0000000E+0	0.0000000E+0
7.5750000E+1	1.7910810E-5	6.0000002E-1	3.3499324E+4	2.9067930E-6	3.4402176E+4	6.0003853E-1	3.3501473E+4	-3.8499998E-5	-2.1495399E+0	1.0011080E-1	3.4440293E+4	-1.1080000E-4	-3.8117611E+1	1.0084600E+2	1.3939002E+1	-2.7419010E-6	3.6471047E+4	-1.0001540E-1	3.6476664E+4	1.5400001E-5	-5.6165414E+0	7.1000000E+1	0.0000000E+0	0.0000000E+0	0.0000000E+0
7.6561996E+1	1.7433540E-5	5.7999998E-1	3.3269203E+4	3.0497190E-6	3.2789906E+4	5.8005142E-1	3.3272152E+4	-5.1399998E-5	-2.9483397E+0	1.0009860E-1	3.2822238E+4	-9.8600001E-5	-3.2330849E+1	1.0084600E+2	1.3939002E+1	-2.6922330E-6	3.7143887E+4	-1.0004230E-1	3.7159598E+4	4.2299998E-5	-1.5711864E+1	7.2000000E+1	0.0000000E+0	0.0000000E+0	0.0000000E+0
7.7375000E+1	1.6967890E-5	5.6000000E-1	3.3003516E+4	3.1144921E-6	3.2107965E+4	5.6003809E-1	3.3005758E+4	-3.8099999E-5	-2.2454176E+0	1.0007290E-1	3.2131371E+4	-7.2900002E-5	-2.3406706E+1	1.0084600E+2	1.3939002E+1	-2.9930980E-6	3.3410199E+4	-1.0008100E-1	3.3437262E+4	8.0999998E-5	-2.7062262E+1	7.3000000E+1	0.0000000E+0	0.0000000E+0	0.0000000E+0
7.8203003E+1	1.6378630E-5	5.4000002E-1	3.2969789E+4	2.7841891E-6	3.5917102E+4	5.4006219E-1	3.2973590E+4	-6.2200001E-5	-3.7976315E+0	1.0006690E-1	3.5941129E+4	-6.6900000E-5	-2.4028542E+1	1.0084600E+2	1.3939002E+1	-3.1332340E-6	3.1915906E+4	-1.0005780E-1	3.1934354E+4	5.7800000E-5	-1.8447393E+1	7.4000000E+1	0.0000000E+0	0.0000000E+0	0.0000000E+0
7.9014999E+1	1.5517449E-5	5.1999998E-1	3.3510660E+4	2.7607821E-6	3.6221621E+4	5.2002192E-1	3.3512070E+4	-2.1899999E-5	-1.4113144E+0	1.0010770E-1	3.6260633E+4	-1.0770000E-4	-3.9010685E+1	1.0084600E+2	1.3939002E+1	-2.7020280E-6	3.7009238E+4	-1.0003350E-1	3.7021637E+4	3.3500000E-5	-1.2398095E+1	7.5000000E+1	0.0000000E+0	0.0000000E+0	0.0000000E+0
7.9828003E+1	1.5115460E-5	5.0000000E-1	3.3078715E+4	3.0877229E-6	3.2386324E+4	5.0004530E-1	3.3081711E+4	-4.5299999E-5	-2.9969316E+0	1.0005900E-1	3.2405434E+4	-5.9000002E-5	-1.9107931E+1	1.0084600E+2	1.3939002E+1	-2.9910700E-6	3.3432852E+4	-1.0008380E-1	3.3460867E+4	8.3799998E-5	-2.8016729E+1	7.6000000E+1	0.0000000E+0	0.0000000E+0	0.0000000E+0
8.0639999E+1	1.4436540E-5	4.7999999E-1	3.3248965E+4	2.6771600E-6	3.7353016E+4	4.8001790E-1	3.3250203E+4	-1.7900000E-5	-1.2399093E+0	1.0005590E-1	3.7373895E+4	-5.5900000E-5	-2.0880337E+1	1.0084600E+2	1.3939002E+1	-2.8474010E-6	3.5119746E+4	-1.0000610E-1	3.5121887E+4	6.1000001E-6	-2.1423044E+0	7.7000000E+1	0.0000000E+0	0.0000000E+0	0.0000000E+0
8.1453003E+1	1.3537530E-5	4.6000001E-1	3.3979609E+4	3.0075821E-6	3.3249301E+4	4.6004581E-1	3.3982992E+4	-4.5799999E-5	-3.3831873E+0	1.0010150E-1	3.3283051E+4	-1.0150000E-4	-3.3748039E+1	1.0084600E+2	1.3939002E+1	-2.6797070E-6	3.7317512E+4	-1.0004810E-1	3.7335461E+4	4.8099999E-5	-1.7949724E+1	7.8000000E+1	0.0000000E+0	0.0000000E+0	0.0000000E+0
8.2264999E+1	1.3257090E-5	4.4000000E-1	3.3189789E+4	2.9831599E-6	3.3521500E+4	4.4000509E-1	3.3190172E+4	-5.1000002E-6	-3.8469982E-1	1.0003570E-1	3.3533469E+4	-3.5699999E-5	-1.1967175E+1	1.0084600E+2	1.3939002E+1	-3.0918650E-6	3.2342939E+4	-1.0009460E-1	3.2373535E+4	9.4600000E-5	-3.0596420E+1	7.9000000E+1	0.0000000E+0	0.0000000E+0	0.0000000E+0
8.5234001E+1	1.2702560E-5	4.1999999E-1	3.3064203E+4	2.8070310E-6	3.5624828E+4	4.2003039E-1	3.3066594E+4	-3.0400000E-5	-2.3932183E+0	1.0007620E-1	3.5651977E+4	-7.6199998E-5	-2.7146120E+1	1.0084600E+2	1.3941936E+1	-3.1240729E-6	3.2009496E+4	-1.0006950E-1	3.2031742E+4	6.9499998E-5	-2.2246599E+1	8.0000000E+1	0.0000000E+0	0.0000000E+0	0.0000000E+0
8.6061996E+1	1.1756060E-5	4.0000001E-1	3.4025004E+4	2.8526670E-6	3.5054914E+4	4.0000460E-1	3.4025395E+4	-4.6000000E-6	-3.9128757E-1	1.0013010E-1	3.5100523E+4	-1.3010000E-4	-4.5606445E+1	1.0084600E+2	1.3941936E+1	-2.6956320E-6	3.7097051E+4	-1.0005040E-1	3.7115750E+4	5.0400002E-5	-1.8696915E+1	8.1000000E+1	0.0000000E+0	0.0000000E+0	0.0000000E+0
8.6859001E+1	1.1367500E-5	3.8000000E-1	3.3428633E+4	3.1133679E-6	3.2119557E+4	3.8003731E-1	3.3431914E+4	-3.7300000E-5	-3.2812843E+0	1.0007190E-1	3.2142650E+4	-7.1900002E-5	-2.3093962E+1	1.0084600E+2	1.3941936E+1	-2.8585280E-6	3.4983039E+4	-1.0011580E-1	3.5023551E+4	1.1580000E-4	-4.0510361E+1	8.2000000E+1	0.0000000E+0	0.0000000E+0	0.0000000E+0
8.7686996E+1	1.0858880E-5	3.6000001E-1	3.3152590E+4	2.7375031E-6	3.6529641E+4	3.6001799E-1	3.3154246E+4	-1.8000001E-5	-1.6576295E+0	1.0005070E-1	3.6548160E+4	-5.0700000E-5	-1.8520527E+1	1.0084600E+2	1.3941936E+1	-2.9591231E-6	3.3793797E+4	-1.0004380E-1	3.3808598E+4	4.3799999E-5	-1.4801682E+1	8.3000000E+1	0.0000000E+0	0.0000000E+0	0.0000000E+0
8.8500000E+1	9.8199307E-6	3.4000000E-1	3.4623461E+4	2.8287500E-6	3.5351305E+4	3.4003931E-1	3.4627465E+4	-3.9300001E-5	-4.0020647E+0	1.0007170E-1	3.5376652E+4	-7.1700000E-5	-2.5346884E+1	1.0084600E+2	1.3941936E+1	-2.7739329E-6	3.6049898E+4	-1.0003110E-1	3.6061109E+4	3.1100000E-5	-1.1211518E+1	8.4000000E+1	1.0000000E+0	0.0000000E+0	0.0000000E+0
8.9311996E+1	9.3399431E-6	3.1999999E-1	3.4261449E+4	3.1232089E-6	3.2018350E+4	3.2007861E-1	3.4269867E+4	-7.8600002E-5	-8.4154692E+0	1.0005810E-1	3.2036953E+4	-5.8099999E-5	-1.8602661E+1	1.0084600E+2	1.3941936E+1	-2.8406339E-6	3.5203410E+4	-1.0007860E-1	3.5231078E+4	7.8600002E-5	-2.7669880E+1	8.5000000E+1	0.0000000E+0	0.0000000E+0	0.0000000E+0
9.0405998E+1	8.8763300E-6	3.0000001E-1	3.3797754E+4	2.6806470E-6	3.7304426E+4	3.0001831E-1	3.3799812E+4	-1.8299999E-5	-2.0616629E+0	1.0006980E-1	3.7330465E+4	-6.9800000E-5	-2.6038490E+1	1.0084600E+2	1.3941936E+1	-2.8919731E-6	3.4578469E+4	-1.0000710E-1	3.4580926E+4	7.0999999E-6	-2.4550714E+0	8.6000000E+1	0.0000000E+0	0.0000000E+0	0.0000000E+0
9.2936996E+1	8.1896833E-6	2.8000000E-1	3.4189359E+4	3.1125130E-6	3.2128379E+4	2.8014019E-1	3.4206477E+4	-1.4020001E-4	-1.7119101E+1	1.0008430E-1	3.2155465E+4	-8.4300002E-5	-2.7084225E+1	1.0084600E+2	1.3943492E+1	-2.8386401E-6	3.5228137E+4	-1.0007640E-1	3.5255051E+4	7.6400000E-5	-2.6914297E+1	8.7000000E+1	0.0000000E+0	0.0000000E+0	0.0000000E+0
9.3750000E+1	7.8327057E-6	2.5999999E-1	3.3194148E+4	2.7945021E-6	3.5784551E+4	2.6006100E-1	3.3201937E+4	-6.0999999E-5	-7.7878575E+0	1.0006020E-1	3.5806094E+4	-6.0200000E-5	-2.1542299E+1	1.0084600E+2	1.3943492E+1	-3.1246700E-6	3.2003379E+4	-1.0007760E-1	3.2028215E+4	7.7600002E-5	-2.4834623E+1	8.8000000E+1	0.0000000E+0	0.0000000E+0	0.0000000E+0
9.4561996E+1	6.8125000E-6	2.3999999E-1	3.5229359E+4	2.9494340E-6	3.3904809E+4	2.4005079E-1	3.5236816E+4	-5.0800001E-5	-7.4568806E+0	1.0012360E-1	3.3946715E+4	-1.2360000E-4	-4.1906345E+1	1.0084600E+2	1.3943492E+1	-2.7052590E-6	3.6965039E+4	-1.0006710E-1	3.6989840E+4	6.7100002E-5	-2.4803539E+1	8.9000000E+1	0.0000000E+0	0.0000000E+0	0.0000000E+0
9.5375000E+1	6.5246668E-6	2.2000000E-1	3.3718195E+4	3.1055019E-6	3.2200914E+4	2.2007971E-1	3.3730410E+4	-7.9700003E-5	-1.2215183E+1	1.0008670E-1	3.2228832E+4	-8.6699998E-5	-2.7918192E+1	1.0084600E+2	1.3943492E+1	-2.8861900E-6	3.4647754E+4	-1.0010840E-1	3.4685312E+4	1.0840000E-4	-3.7558167E+1	9.0000000E+1	0.0000000E+0	0.0000000E+0	0.0000000E+0
9.6186996E+1	5.8672281E-6	2.0000000E-1	3.4087648E+4	2.6792400E-6	3.7324016E+4	2.0000720E-1	3.4088875E+4	-7.1999998E-6	-1.2271553E+0	1.0005640E-1	3.7345066E+4	-5.6400000E-5	-2.1050745E+1	1.0084600E+2	1.3943492E+1	-2.9160831E-6	3.4292578E+4	-1.0004120E-1	3.4306707E+4	4.1200001E-5	-1.4128542E+1	9.1000000E+1	0.0000000E+0	0.0000000E+0	0.0000000E+0
9.7000000E+1	5.0136978E-6	1.8000001E-1	3.5901645E+4	2.7265439E-6	3.6676465E+4	1.8004870E-1	3.5911355E+4	-4.8700000E-5	-9.7133894E+0	1.0002470E-1	3.6685527E+4	-2.4700001E-5	-9.0590868E+0	1.0084600E+2	1.3943492E+1	-3.1083030E-6	3.2171896E+4	-1.0007810E-1	3.2197021E+4	7.8099998E-5	-2.5126251E+1	9.2000000E+1	0.0000000E+0	0.0000000E+0	0.0000000E+0
9.9859001E+1	4.7074709E-6	1.6000000E-1	3.3988527E+4	2.7224710E-6	3.6731336E+4	1.6005020E-1	3.3999191E+4	-5.0200000E-5	-1.0663900E+1	1.0003850E-1	3.6745480E+4	-3.8499998E-5	-1.4141564E+1	1.0084600E+2	1.3945210E+1	-3.0737260E-6	3.2533805E+4	-1.0003810E-1	3.2546199E+4	3.8099999E-5	-1.2395379E+1	9.3000000E+1	0.0000000E+0	0.0000000E+0	0.0000000E+0
1.0067200E+2	3.8399930E-6	1.4000000E-1	3.6458398E+4	2.9652060E-6	3.3724469E+4	1.4005180E-1	3.6471891E+4	-5.1800002E-5	-1.3489608E+1	1.0008340E-1	3.3752598E+4	-8.3400002E-5	-2.8126207E+1	1.0084600E+2	1.3945210E+1	-2.6816440E-6	3.7290559E+4	-1.0004400E-1	3.7306965E+4	4.4000000E-5	-1.6407845E+1	9.4000000E+1	0.0000000E+0	0.0000000E+0	0.0000000E+0
1.0148400E+2	3.6018660E-6	1.2000000E-1	3.3316066E+4	3.0881399E-6	3.2381951E+4	1.2009690E-1	3.3342969E+4	-9.6900003E-5	-2.6902721E+1	1.0009720E-1	3.2413428E+4	-9.7199998E-5	-3.1475258E+1	1.0084600E+2	1.3945210E+1	-3.0143920E-6	3.3174187E+4	-1.0010720E-1	3.3209750E+4	1.0720000E-4	-3.5562729E+1	9.5000000E+1	0.0000000E+0	0.0000000E+0	0.0000000E+0
1.0231200E+2	3.0500389E-6	1.0000000E-1	3.2786465E+4	3.0549490E-6	3.2733771E+4	1.0008880E-1	3.2815582E+4	-8.8800000E-5	-2.9114382E+1	1.0006140E-1	3.2753869E+4	-6.1400002E-5	-2.0098536E+1	1.0084600E+2	1.3945210E+1	-2.8839700E-6	3.4674426E+4	-1.0010310E-1	3.4710172E+4	1.0310000E-4	-3.5749332E+1	9.6000000E+1	0.0000000E+0	0.0000000E+0	0.0000000E+0
1.0312500E+2	2.4607789E-6	7.9999998E-2	3.2510031E+4	2.7478920E-6	3.6391531E+4	8.0038793E-2	3.2525793E+4	-3.8790000E-5	-1.5763301E+1	1.0004260E-1	3.6407035E+4	-4.2600001E-5	-1.5502792E+1	1.0084600E+2	1.3945210E+1	-3.1100910E-6	3.2153400E+4	-1.0006950E-1	3.2175746E+4	6.9499998E-5	-2.2346613E+1	9.7000000E+1	0.0000000E+0	0.0000000E+0	0.0000000E+0
1.0393700E+2	1.5447210E-6	5.9999999E-2	3.8841965E+4	2.9775790E-6	3.3584332E+4	6.0086250E-2	3.8897801E+4	-8.6250002E-5	-5.5835327E+1	1.0008930E-1	3.3614320E+4	-8.9300003E-5	-2.9990808E+1	1.0084600E+2	1.3945210E+1	-2.6785490E-6	3.7333645E+4	-1.0003610E-1	3.7347125E+4	3.6099998E-5	-1.3477447E+1	9.8000000E+1	0.0000000E+0	0.0000000E+0	0.0000000E+0
1.0475000E+2	1.2849511E-6	3.9999999E-2	3.1129592E+4	3.0730721E-6	3.2540729E+4	4.0085789E-2	3.1196357E+4	-8.5790001E-5	-6.6765190E+1	1.0006450E-1	3.2561717E+4	-6.4499996E-5	-2.0988770E+1	1.0084600E+2	1.3945210E+1	-2.9837370E-6	3.3515020E+4	-1.0007880E-1	3.3541430E+4	7.8800003E-5	-2.6409834E+1	9.9000000E+1	0.0000000E+0	0.0000000E+0	0.0000000E+0
1.0556200E+2	7.2050898E-7	2.0000000E-2	2.7758154E+4	3.0825679E-6	3.2440484E+4	2.0079849E-2	2.7868979E+4	-7.9849997E-5	-1.1082443E+2	1.0006280E-1	3.2460857E+4	-6.2799998E-5	-2.0372623E+1	1.0084600E+2	1.3945210E+1	-2.9413220E-6	3.3998316E+4	-1.0015230E-1	3.4050098E+4	1.5230000E-4	-5.1779438E+1	1.0000000E+2	0.0000000E+0	0.0000000E+0	0.0000000E+0
1.0639000E+2	1.0500680E-6	1.0000000E-1	9.5231930E+4	2.6937221E-6	3.7123355E+4	2.7900930E-2	2.6570594E+4	7.2099067E-2	6.8661336E+4	1.0004590E-1	3.7140395E+4	-4.5900000E-5	-1.7039619E+1	1.0084600E+2	1.3945210E+1	-2.9649029E-6	3.3727918E+4	-1.0006450E-1	3.3749672E+4	6.4499996E-5	-2.1754505E+1	1.0100000E+2	0.0000000E+0	0.0000000E+0	0.0000000E+0
1.0720300E+2	-8.0403612E-7	-2.0000000E-2	2.4874506E+4	2.9413241E-6	3.3998293E+4	-2.0059351E-2	2.4948320E+4	5.9350001E-5	-7.3815094E+1	1.0016490E-1	3.4054359E+4	-1.6490000E-4	-5.6063187E+1	1.0084600E+2	1.3945210E+1	-2.6920241E-6	3.7146770E+4	-1.0003690E-1	3.7160477E+4	3.6900001E-5	-1.3707159E+1	1.0200000E+2	1.0000000E+0	0.0000000E+0	0.0000000E+0
1.0801500E+2	-1.0117890E-6	-3.9999999E-2	3.9533934E+4	3.0574481E-6	3.2707016E+4	-3.7444111E-2	3.7007824E+4	-2.5558900E-3	2.5261096E+3	1.0003190E-1	3.2717449E+4	-3.1899999E-5	-1.0433538E+1	1.0084600E+2	1.3945210E+1	-2.9574680E-6	3.3812707E+4	-1.0009150E-1	3.3843645E+4	9.1499998E-5	-3.0938627E+1	1.0300000E+2	0.0000000E+0	0.0000000E+0	0.0000000E+0
1.0882800E+2	-1.0499690E-6	-5.9999999E-2	5.7144543E+4	2.8753070E-6	3.4778895E+4	-4.3421268E-2	4.1354812E+4	-1.6578730E-2	1.5789732E+4	1.0001160E-1	3.4782930E+4	-1.1600000E-5	-4.0343518E+0	1.0084600E+2	1.3945210E+1	-3.0690719E-6	3.2583139E+4	-1.0007140E-1	3.2606404E+4	7.1399998E-5	-2.3264360E+1	1.0400000E+2	0.0000000E+0	0.0000000E+0	0.0000000E+0
1.1178100E+2	-2.5326940E-6	-7.9999998E-2	3.1586918E+4	2.8883601E-6	3.4621723E+4	-8.0080748E-2	3.1618803E+4	8.0749996E-5	-3.1883047E+1	1.0011320E-1	3.4660914E+4	-1.1320000E-4	-3.9191792E+1	1.0084600E+2	1.3948060E+1	-2.6810590E-6	3.7298695E+4	-1.0004830E-1	3.7316711E+4	4.8300000E-5	-1.8015270E+1	1.0500000E+2	1.0000000E+0	0.0000000E+0	0.0000000E+0
1.1259300E+2	-2.7926151E-6	-1.0000000E-1	3.5808730E+4	3.0612100E-6	3.2666822E+4	-1.0005860E-1	3.5829715E+4	5.8599999E-5	-2.0983917E+1	1.0005900E-1	3.2686094E+4	-5.9000002E-5	-1.9273424E+1	1.0084600E+2	1.3948060E+1	-3.0470560E-6	3.2818562E+4	-1.0011890E-1	3.2857586E+4	1.1890000E-4	-3.9021271E+1	1.0600000E+2	0.0000000E+0	0.0000000E+0	0.0000000E+0
1.1340600E+2	-3.3020469E-6	-1.2000000E-1	3.6341094E+4	2.7937490E-6	3.5794195E+4	-1.2009500E-1	3.6369863E+4	9.5000003E-5	-2.8770033E+1	1.0004140E-1	3.5809016E+4	-4.1399999E-5	-1.4818797E+1	1.0084600E+2	1.3948060E+1	-3.1072259E-6	3.2183047E+4	-1.0006830E-1	3.2205027E+4	6.8300003E-5	-2.1981022E+1	1.0700000E+2	0.0000000E+0	0.0000000E+0	0.0000000E+0
1.1421800E+2	-4.2472780E-6	-1.4000000E-1	3.2962289E+4	2.8336019E-6	3.5290770E+4	-1.4008000E-1	3.2981125E+4	7.9999998E-5	-1.8835592E+1	1.0010480E-1	3.5327758E+4	-1.0480000E-4	-3.6984730E+1	1.0084600E+2	1.3948060E+1	-2.7432300E-6	3.6453379E+4	-1.0005280E-1	3.6472625E+4	5.2799998E-5	-1.9247383E+1	1.0800000E+2	0.0000000E+0	0.0000000E+0	0.0000000E+0
1.1504700E+2	-4.8129282E-6	-1.6000000E-1	3.3243797E+4	2.7931060E-6	3.5802437E+4	-1.6007259E-1	3.3258883E+4	7.2600000E-5	-1.5084373E+1	1.0009530E-1	3.5836555E+4	-9.5299998E-5	-3.4119720E+1	1.0084600E+2	1.3948060E+1	-2.7095739E-6	3.6906172E+4	-1.0003760E-1	3.6920047E+4	3.7599999E-5	-1.3876720E+1	1.0900000E+2	0.0000000E+0	0.0000000E+0	0.0000000E+0
1.1585900E+2	-5.4437310E-6	-1.8000001E-1	3.3065559E+4	2.8818190E-6	3.4700305E+4	-1.8007611E-1	3.3079535E+4	7.6099997E-5	-1.3979383E+1	1.0012360E-1	3.4743195E+4	-1.2360000E-4	-4.2889576E+1	1.0084600E+2	1.3948060E+1	-2.7251810E-6	3.6694809E+4	-1.0003140E-1	3.6706332E+4	3.1399999E-5	-1.1522170E+1	1.1000000E+2	0.0000000E+0	0.0000000E+0	0.0000000E+0
1.1693700E+2	-5.6607510E-6	-2.0000000E-1	3.5331000E+4	2.7496510E-6	3.6368250E+4	-2.0004770E-1	3.5339426E+4	4.7699999E-5	-8.4264441E+0	1.0005710E-1	3.6389020E+4	-5.7099998E-5	-2.0766272E+1	1.0084600E+2	1.3948060E+1	-3.1055240E-6	3.2200686E+4	-1.0007550E-1	3.2224996E+4	7.5500000E-5	-2.4311518E+1	1.1100000E+2	0.0000000E+0	0.0000000E+0	0.0000000E+0
1.1946800E+2	-6.5250460E-6	-2.2000000E-1	3.3716238E+4	2.7709671E-6	3.6088484E+4	-2.2006230E-1	3.3725785E+4	6.2300001E-5	-9.5478258E+0	1.0010550E-1	3.6126559E+4	-1.0550000E-4	-3.8073353E+1	1.0084600E+2	1.3949446E+1	-2.6876969E-6	3.7206574E+4	-1.0004810E-1	3.7224473E+4	4.8099999E-5	-1.7896362E+1	1.1200000E+2	0.0000000E+0	0.0000000E+0	0.0000000E+0
1.2028100E+2	-6.8543231E-6	-2.3999999E-1	3.5014398E+4	3.0925039E-6	3.2336256E+4	-2.4005580E-1	3.5022539E+4	5.5799999E-5	-8.1408482E+0	1.0008000E-1	3.2362125E+4	-7.9999998E-5	-2.5869005E+1	1.0084600E+2	1.3949446E+1	-2.8436609E-6	3.5165937E+4	-1.0010620E-1	3.5203281E+4	1.0620000E-4	-3.7346222E+1	1.1300000E+2	0.0000000E+0	0.0000000E+0	0.0000000E+0
1.2109300E+2	-7.3785418E-6	-2.5999999E-1	3.5237312E+4	2.7352660E-6	3.6559516E+4	-2.6004669E-1	3.5243645E+4	4.6699999E-5	-6.3291636E+0	1.0003280E-1	3.6571508E+4	-3.2799999E-5	-1.1991521E+1	1.0084600E+2	1.3949446E+1	-2.9912931E-6	3.3430359E+4	-1.0001850E-1	3.3436543E+4	1.8500001E-5	-6.1846166E+0	1.1400000E+2	0.0000000E+0	0.0000000E+0	0.0000000E+0
1.2190600E+2	-8.3802097E-6	-2.8000000E-1	3.3412051E+4	2.7786259E-6	3.5989012E+4	-2.8011301E-1	3.3425535E+4	1.1300000E-4	-1.3484149E+1	1.0011910E-1	3.6031875E+4	-1.1910000E-4	-4.2862911E+1	1.0084600E+2	1.3949446E+1	-2.7209810E-6	3.6751449E+4	-1.0001640E-1	3.6757477E+4	1.6399999E-5	-6.0272379E+0	1.1500000E+2	0.0000000E+0	0.0000000E+0	0.0000000E+0
1.2271800E+2	-8.6991249E-6	-3.0000001E-1	3.4486227E+4	3.0567189E-6	3.2714816E+4	-3.0006409E-1	3.4493594E+4	6.4100001E-5	-7.3685570E+0	1.0005470E-1	3.2732711E+4	-5.4700002E-5	-1.7895004E+1	1.0084600E+2	1.3949446E+1	-3.0462950E-6	3.2826762E+4	-1.0011550E-1	3.2864676E+4	1.1550000E-4	-3.7914909E+1	1.1600000E+2	0.0000000E+0	0.0000000E+0	0.0000000E+0
1.2353100E+2	-9.3262888E-6	-3.1999999E-1	3.4311609E+4	2.9888820E-6	3.3457328E+4	-3.2011199E-1	3.4323621E+4	1.1200000E-4	-1.2009064E+1	1.0002490E-1	3.3465656E+4	-2.4900000E-5	-8.3308744E+0	1.0084600E+2	1.3949446E+1	-3.1068530E-6	3.2186910E+4	-1.0004450E-1	3.2201234E+4	4.4500001E-5	-1.4323175E+1	1.1700000E+2	0.0000000E+0	0.0000000E+0	0.0000000E+0
1.2639000E+2	-1.0157700E-5	-3.4000000E-1	3.3472145E+4	2.8803070E-6	3.4718520E+4	-3.4008050E-1	3.3480070E+4	8.0500002E-5	-7.9250226E+0	1.0013720E-1	3.4766156E+4	-1.3720000E-4	-4.7633812E+1	1.0084600E+2	1.3951520E+1	-2.7094070E-6	3.6908445E+4	-1.0003540E-1	3.6921512E+4	3.5400000E-5	-1.3065590E+1	1.1800000E+2	0.0000000E+0	0.0000000E+0	0.0000000E+0
1.2720300E+2	-1.0464530E-5	-3.6000001E-1	3.4401926E+4	3.1045679E-6	3.2210602E+4	-3.5902691E-1	3.4308937E+4	-9.7310002E-4	9.2990318E+1	1.0005040E-1	3.2226834E+4	-5.0400002E-5	-1.6234142E+1	1.0084600E+2	1.3951520E+1	-2.8021750E-6	3.5686566E+4	-1.0009430E-1	3.5720219E+4	9.4299998E-5	-3.3652431E+1	1.1900000E+2	0.0000000E+0	0.0000000E+0	0.0000000E+0
1.2801500E+2	-1.0989900E-5	-3.8000000E-1	3.4577203E+4	3.0603130E-6	3.2676396E+4	-3.8004491E-1	3.4581289E+4	4.4900000E-5	-4.0855694E+0	1.0007330E-1	3.2700348E+4	-7.3299998E-5	-2.3951797E+1	1.0084600E+2	1.3951520E+1	-2.9121361E-6	3.4339055E+4	-1.0014960E-1	3.4390426E+4	1.4960000E-4	-5.1371227E+1	1.2000000E+2	1.0000000E+0	0.0000000E+0	0.0000000E+0
1.2884300E+2	-1.1544910E-5	-4.0000001E-1	3.4647305E+4	2.7895680E-6	3.5847844E+4	-4.0002799E-1	3.4649730E+4	2.8000000E-5	-2.4253113E+0	1.0008260E-1	3.5877453E+4	-8.2600003E-5	-2.9610319E+1	1.0084600E+2	1.3951520E+1	-3.0909171E-6	3.2352857E+4	-1.0007600E-1	3.2377447E+4	7.5999997E-5	-2.4588173E+1	1.2100000E+2	0.0000000E+0	0.0000000E+0	0.0000000E+0
1.2965601E+2	-1.2244240E-5	-4.1999999E-1	3.4301844E+4	2.7073679E-6	3.6936242E+4	-4.2002839E-1	3.4304164E+4	2.8400000E-5	-2.3194580E+0	1.0004120E-1	3.6951461E+4	-4.1200001E-5	-1.5217731E+1	1.0084600E+2	1.3951520E+1	-3.0979811E-6	3.2279088E+4	-1.0008930E-1	3.2307912E+4	8.9300003E-5	-2.8825226E+1	1.2200000E+2	0.0000000E+0	0.0000000E+0	0.0000000E+0
1.3046800E+2	-1.3175930E-5	-4.4000000E-1	3.3394227E+4	2.9356011E-6	3.4064574E+4	-4.4003990E-1	3.3397254E+4	3.9899998E-5	-3.0282493E+0	1.0012560E-1	3.4107359E+4	-1.2560000E-4	-4.2785107E+1	1.0084600E+2	1.3951520E+1	-2.6602299E-6	3.7590734E+4	-1.0004260E-1	3.7606750E+4	4.2600001E-5	-1.6013653E+1	1.2300000E+2	0.0000000E+0	0.0000000E+0	0.0000000E+0
1.3128101E+2	-1.3413640E-5	-4.6000001E-1	3.4293449E+4	3.0425540E-6	3.2867125E+4	-4.6004060E-1	3.4296477E+4	4.0600000E-5	-3.0267699E+0	1.0005280E-1	3.2884477E+4	-5.2799998E-5	-1.7353842E+1	1.0084600E+2	1.3951520E+1	-2.9310340E-6	3.4117652E+4	-1.0013770E-1	3.4164633E+4	1.3770000E-4	-4.6980007E+1	1.2400000E+2	0.0000000E+0	0.0000000E+0	0.0000000E+0
1.3209300E+2	-1.4056410E-5	-4.7999999E-1	3.4148121E+4	2.6616440E-6	3.7570766E+4	-4.8005059E-1	3.4151723E+4	5.0600000E-5	-3.5997813E+0	1.0007050E-1	3.7597250E+4	-7.0499998E-5	-2.6487389E+1	1.0084600E+2	1.3951520E+1	-3.0269630E-6	3.3036414E+4	-1.0002660E-1	3.3045199E+4	2.6600001E-5	-8.7876863E+0	1.2500000E+2	0.0000000E+0	0.0000000E+0	0.0000000E+0
1.3290601E+2	-1.5029420E-5	-5.0000000E-1	3.3268082E+4	2.9280779E-6	3.4152094E+4	-5.0003082E-1	3.3270133E+4	3.0800002E-5	-2.0493140E+0	1.0012890E-1	3.4196117E+4	-1.2890001E-4	-4.4022053E+1	1.0084600E+2	1.3951520E+1	-2.6773259E-6	3.7350699E+4	-1.0003760E-1	3.7364742E+4	3.7599999E-5	-1.4043863E+1	1.2600000E+2	0.0000000E+0	0.0000000E+0	0.0000000E+0
1.3371800E+2	-1.5250650E-5	-5.1999998E-1	3.4096906E+4	2.9034529E-6	3.4441750E+4	-5.2004433E-1	3.4099812E+4	4.4299999E-5	-2.9047942E+0	1.0004660E-1	3.4457801E+4	-4.6599998E-5	-1.6049854E+1	1.0084600E+2	1.3951520E+1	-3.0370140E-6	3.2927078E+4	-1.0010740E-1	3.2962441E+4	1.0740000E-4	-3.5363682E+1	1.2700000E+2	0.0000000E+0	0.0000000E+0	0.0000000E+0
1.3454700E+2	-1.6029089E-5	-5.4000002E-1	3.3688750E+4	2.6556540E-6	3.7655508E+4	-5.4006147E-1	3.3692586E+4	6.1500003E-5	-3.8367743E+0	1.0008930E-1	3.7689133E+4	-8.9300003E-5	-3.3626369E+1	1.0084600E+2	1.3951520E+1	-3.0164169E-6	3.3151914E+4	-1.0002990E-1	3.3161828E+4	2.9900000E-5	-9.9124222E+0	1.2800000E+2	0.0000000E+0	0.0000000E+0	0.0000000E+0
1.3535899E+2	-1.6792870E-5	-5.6000000E-1	3.3347484E+4	3.1008940E-6	3.2248764E+4	-5.6005257E-1	3.3350617E+4	5.2600000E-5	-3.1322818E+0	1.0009310E-1	3.2278787E+4	-9.3100003E-5	-3.0023600E+1	1.0084600E+2	1.3951520E+1	-2.8668560E-6	3.4881418E+4	-1.0012940E-1	3.4926555E+4	1.2940000E-4	-4.5136555E+1	1.2900000E+2	0.0000000E+0	0.0000000E+0	0.0000000E+0
1.3832800E+2	-1.7042161E-5	-5.7999998E-1	3.4033246E+4	2.9647560E-6	3.3729590E+4	-5.8007240E-1	3.4037492E+4	7.2399998E-5	-4.2482877E+0	1.0003900E-1	3.3742742E+4	-3.8999999E-5	-1.3154539E+1	1.0084600E+2	1.3954348E+1	-2.9819701E-6	3.3534879E+4	-1.0008600E-1	3.3563719E+4	8.6000000E-5	-2.8839994E+1	1.3000000E+2	0.0000000E+0	0.0000000E+0	0.0000000E+0
1.3914000E+2	-1.7907571E-5	-6.0000002E-1	3.3505383E+4	2.6533121E-6	3.7688746E+4	-6.0007638E-1	3.3509648E+4	7.6400000E-5	-4.2663522E+0	1.0005500E-1	3.7709473E+4	-5.5000000E-5	-2.0728809E+1	1.0084600E+2	1.3954348E+1	-2.8774191E-6	3.4753367E+4	-1.0001540E-1	3.4758719E+4	1.5400001E-5	-5.3520188E+0	1.3100000E+2	0.0000000E+0	0.0000000E+0	0.0000000E+0
1.3995300E+2	-1.8702651E-5	-6.2000000E-1	3.3150383E+4	2.8307520E-6	3.5326301E+4	-6.2004799E-1	3.3152949E+4	4.8000002E-5	-2.5664811E+0	1.0013290E-1	3.5373250E+4	-1.3289999E-4	-4.6948654E+1	1.0084600E+2	1.3954348E+1	-2.7245469E-6	3.6703348E+4	-1.0004930E-1	3.6721445E+4	4.9300001E-5	-1.8094751E+1	1.3200000E+2	0.0000000E+0	0.0000000E+0	0.0000000E+0
1.4076500E+2	-1.8975999E-5	-6.3999999E-1	3.3726812E+4	3.0835911E-6	3.2429723E+4	-6.4000767E-1	3.3727219E+4	7.7000004E-6	-4.0577573E-1	1.0006550E-1	3.2450963E+4	-6.5499997E-5	-2.1241468E+1	1.0084600E+2	1.3954348E+1	-2.8564800E-6	3.5008121E+4	-1.0012410E-1	3.5051566E+4	1.2410000E-4	-4.3445080E+1	1.3300000E+2	0.0000000E+0	0.0000000E+0	0.0000000E+0
1.4159300E+2	-1.9529911E-5	-6.6000003E-1	3.3794320E+4	2.7880319E-6	3.5867594E+4	-6.6004282E-1	3.3796512E+4	4.2799998E-5	-2.1915104E+0	1.0006980E-1	3.5892629E+4	-6.9800000E-5	-2.5035582E+1	1.0084600E+2	1.3954348E+1	-3.0925919E-6	3.2335336E+4	-1.0007690E-1	3.2360201E+4	7.6900003E-5	-2.4865873E+1	1.3400000E+2	0.0000000E+0	0.0000000E+0	0.0000000E+0
1.4240601E+2	-2.0328040E-5	-6.8000001E-1	3.3451332E+4	2.6577800E-6	3.7625387E+4	-6.8001789E-1	3.3452211E+4	1.7900000E-5	-8.8055712E-1	1.0006430E-1	3.7649578E+4	-6.4300002E-5	-2.4193123E+1	1.0084600E+2	1.3954348E+1	-3.0287310E-6	3.3017129E+4	-1.0004160E-1	3.3030863E+4	4.1600000E-5	-1.3735126E+1	1.3500000E+2	0.0000000E+0	0.0000000E+0	0.0000000E+0
1.4348399E+2	-2.0763109E-5	-6.9999999E-1	3.3713641E+4	2.6524119E-6	3.7701535E+4	-7.0005512E-1	3.3716293E+4	5.5100001E-5	-2.6537449E+0	1.0008140E-1	3.7732223E+4	-8.1400001E-5	-3.0689049E+1	1.0084600E+2	1.3954348E+1	-2.9603989E-6	3.3779230E+4	-1.0002520E-1	3.3787742E+4	2.5200001E-5	-8.5123663E+0	1.3600000E+2	0.0000000E+0	0.0000000E+0	0.0000000E+0
1.4601500E+2	-2.1743810E-5	-7.2000003E-1	3.3112871E+4	3.0758911E-6	3.2510904E+4	-7.2001100E-1	3.3113379E+4	1.1000000E-5	-5.0589108E-1	1.0010460E-1	3.2544912E+4	-1.0460000E-4	-3.4006405E+1	1.0084600E+2	1.3956064E+1	-2.6750561E-6	3.7382395E+4	-1.0004190E-1	3.7398059E+4	4.1899999E-5	-1.5663223E+1	1.3700000E+2	0.0000000E+0	0.0000000E+0	0.0000000E+0
1.4682800E+2	-2.2031340E-5	-7.4000001E-1	3.3588516E+4	3.0190340E-6	3.3123180E+4	-7.4008578E-1	3.3592410E+4	8.5799998E-5	-3.8944521E+0	1.0001660E-1	3.3128676E+4	-1.6600001E-5	-5.4984474E+0	1.0084600E+2	1.3956064E+1	-2.9569489E-6	3.3818641E+4	-1.0007980E-1	3.3845629E+4	7.9799996E-5	-2.6987276E+1	1.3800000E+2	0.0000000E+0	0.0000000E+0	0.0000000E+0
1.4764000E+2	-2.2946970E-5	-7.5999999E-1	3.3119840E+4	2.8056970E-6	3.5641766E+4	-7.6004720E-1	3.3121898E+4	4.7199999E-5	-2.0569165E+0	1.0008120E-1	3.5670707E+4	-8.1200000E-5	-2.8941114E+1	1.0084600E+2	1.3956064E+1	-2.7157130E-6	3.6822742E+4	-1.0002060E-1	3.6830328E+4	2.0600000E-5	-7.5854850E+0	1.3900000E+2	0.0000000E+0	0.0000000E+0	0.0000000E+0
1.4845300E+2	-2.3453480E-5	-7.7999997E-1	3.3257324E+4	3.0788469E-6	3.2479691E+4	-7.7998608E-1	3.3256730E+4	-1.3900000E-5	5.9266257E-1	1.0008340E-1	3.2506779E+4	-8.3400002E-5	-2.7088062E+1	1.0084600E+2	1.3956064E+1	-2.7166620E-6	3.6809879E+4	-1.0007050E-1	3.6835832E+4	7.0499998E-5	-2.5950964E+1	1.4000000E+2	0.0000000E+0	0.0000000E+0	0.0000000E+0
1.4926500E+2	-2.3889979E-5	-8.0000001E-1	3.3486844E+4	2.7424981E-6	3.6463109E+4	-8.0004501E-1	3.3488727E+4	4.5000001E-5	-1.8836349E+0	1.0003520E-1	3.6475941E+4	-3.5199999E-5	-1.2835014E+1	1.0084600E+2	1.3956064E+1	-3.0896681E-6	3.2365937E+4	-1.0009360E-1	3.2396232E+4	9.3600000E-5	-3.0294518E+1	1.4100000E+2	0.0000000E+0	0.0000000E+0	0.0000000E+0
1.5007800E+2	-2.4882989E-5	-8.1999999E-1	3.2954238E+4	2.6818520E-6	3.7287664E+4	-8.2004619E-1	3.2956098E+4	4.6199999E-5	-1.8566900E+0	1.0005470E-1	3.7308062E+4	-5.4700002E-5	-2.0396353E+1	1.0084600E+2	1.3956064E+1	-2.8041970E-6	3.5660832E+4	-1.0004810E-1	3.5677984E+4	4.8099999E-5	-1.7152861E+1	1.4200000E+2	0.0000000E+0	0.0000000E+0	0.0000000E+0
1.5293700E+2	-2.5366580E-5	-8.3999997E-1	3.3114437E+4	3.0887661E-6	3.2375389E+4	-8.4005171E-1	3.3116473E+4	5.1700001E-5	-2.0381148E+0	1.0007290E-1	3.2398990E+4	-7.2900002E-5	-2.3601658E+1	1.0084600E+2	1.3957830E+1	-2.7057661E-6	3.6958109E+4	-1.0010220E-1	3.6995883E+4	1.0220000E-4	-3.7771191E+1	1.4300000E+2	0.0000000E+0	0.0000000E+0	0.0000000E+0
1.5375000E+2	-2.5777230E-5	-8.6000001E-1	3.3362777E+4	2.9750870E-6	3.3612461E+4	-8.6003780E-1	3.3364246E+4	3.7800000E-5	-1.4664105E+0	1.0002540E-1	3.3621000E+4	-2.5400001E-5	-8.5375652E+0	1.0084600E+2	1.3957830E+1	-3.0749020E-6	3.2521361E+4	-1.0010290E-1	3.2554826E+4	1.0290000E-4	-3.3464481E+1	1.4400000E+2	0.0000000E+0	0.0000000E+0	0.0000000E+0
1.5456200E+2	-2.6680620E-5	-8.8000000E-1	3.2982742E+4	2.6380490E-6	3.7906801E+4	-8.8007021E-1	3.2985371E+4	7.0200003E-5	-2.6311233E+0	1.0005590E-1	3.7927992E+4	-5.5900000E-5	-2.1189901E+1	1.0084600E+2	1.3957830E+1	-2.9553930E-6	3.3836449E+4	-1.0003040E-1	3.3846734E+4	3.0400000E-5	-1.0286280E+1	1.4500000E+2	0.0000000E+0	0.0000000E+0	0.0000000E+0
1.5539000E+2	-2.7469039E-5	-8.9999998E-1	3.2764160E+4	2.9566140E-6	3.3822473E+4	-9.0001440E-1	3.2764684E+4	1.4400000E-5	-5.2422655E-1	1.0008240E-1	3.3850344E+4	-8.2400002E-5	-2.7869719E+1	1.0084600E+2	1.3957830E+1	-2.6599089E-6	3.7595270E+4	-1.0005450E-1	3.7615762E+4	5.4500000E-5	-2.0489422E+1	1.4600000E+2	0.0000000E+0	0.0000000E+0	0.0000000E+0
1.5618700E+2	-2.7665939E-5	-9.2000002E-1	3.3253887E+4	2.9211101E-6	3.4233562E+4	-9.2004991E-1	3.3255687E+4	4.9900002E-5	-1.8036618E+0	1.0004450E-1	3.4248797E+4	-4.4500001E-5	-1.5233935E+1	1.0084600E+2	1.3957830E+1	-2.9906421E-6	3.3437637E+4	-1.0008740E-1	3.3466859E+4	8.7400003E-5	-2.9224495E+1	1.4700000E+2	0.0000000E+0	0.0000000E+0	0.0000000E+0
1.5701500E+2	-2.8494880E-5	-9.4000000E-1	3.2988383E+4	2.6825880E-6	3.7277434E+4	-9.4002062E-1	3.2989105E+4	2.0600000E-5	-7.2293687E-1	1.0003280E-1	3.7289660E+4	-3.2799999E-5	-1.2226998E+1	1.0084600E+2	1.3957830E+1	-2.9222360E-6	3.4220371E+4	-1.0002400E-1	3.4228582E+4	2.4000001E-5	-8.2128887E+0	1.4800000E+2	0.0000000E+0	0.0000000E+0	0.0000000E+0
1.5782800E+2	-2.9370651E-5	-9.5999998E-1	3.2685691E+4	2.9311120E-6	3.4116746E+4	-9.6003032E-1	3.2686723E+4	3.0300000E-5	-1.0316421E+0	1.0008100E-1	3.4144379E+4	-8.0999998E-5	-2.7634563E+1	1.0084600E+2	1.3957830E+1	-2.6604150E-6	3.7588121E+4	-1.0005280E-1	3.7607969E+4	5.2799998E-5	-1.9846527E+1	1.4900000E+2	0.0000000E+0	0.0000000E+0	0.0000000E+0
1.5864000E+2	-2.9725790E-5	-9.8000002E-1	3.2968004E+4	3.0672200E-6	3.2602812E+4	-9.8002082E-1	3.2968703E+4	2.0800000E-5	-6.9972908E-1	1.0006120E-1	3.2622766E+4	-6.1200000E-5	-1.9952921E+1	1.0084600E+2	1.3957830E+1	-2.9529249E-6	3.3864727E+4	-1.0009570E-1	3.3897137E+4	9.5700001E-5	-3.2408543E+1	1.5000000E+2	0.0000000E+0	0.0000000E+0	0.0000000E+0
1.5945300E+2	-3.0367230E-5	-1.0000000E+0	3.2930234E+4	2.6670100E-6	3.7495172E+4	-1.0000570E+0	3.2932113E+4	5.7000001E-5	-1.8770233E+0	1.0006330E-1	3.7518906E+4	-6.3300002E-5	-2.3734444E+1	1.0084600E+2	1.3957830E+1	-3.0554941E-6	3.2727932E+4	-1.0007360E-1	3.2752020E+4	7.3600000E-5	-2.4087757E+1	1.5100000E+2	0.0000000E+0	0.0000000E+0	0.0000000E+0
1.6026500E+2	-3.0024110E-5	-9.8000002E-1	3.2640436E+4	2.9431410E-6	3.3977305E+4	-9.8002118E-1	3.2641141E+4	2.1200000E-5	-7.0609921E-1	1.0009220E-1	3.4008633E+4	-9.2200004E-5	-3.1327076E+1	1.0084600E+2	1.3957830E+1	-2.6517980E-6	3.7710262E+4	-1.0004000E-1	3.7725348E+4	3.9999999E-5	-1.5084105E+1	1.5200000E+2	0.0000000E+0	0.0000000E+0	0.0000000E+0
1.6107800E+2	-2.9018120E-5	-9.5999998E-1	3.3082777E+4	3.0751880E-6	3.2518338E+4	-9.6003151E-1	3.3083863E+4	3.1500000E-5	-1.0855286E+0	1.0008980E-1	3.2547539E+4	-8.9800000E-5	-2.9201468E+1	1.0084600E+2	1.3957830E+1	-2.8400380E-6	3.5210797E+4	-1.0011240E-1	3.5250375E+4	1.1240000E-4	-3.9576935E+1	1.5300000E+2	0.0000000E+0	0.0000000E+0	0.0000000E+0
1.6189000E+2	-2.8443550E-5	-9.4000000E-1	3.3047914E+4	2.6460070E-6	3.7792797E+4	-9.4003129E-1	3.3049016E+4	3.1299998E-5	-1.1004252E+0	1.0003970E-1	3.7807797E+4	-3.9700000E-5	-1.5003739E+1	1.0084600E+2	1.3957830E+1	-2.8615721E-6	3.4945828E+4	-1.0002040E-1	3.4952957E+4	2.0400001E-5	-7.1289487E+0	1.5400000E+2	0.0000000E+0	0.0000000E+0	0.0000000E+0
1.6487500E+2	-2.7743170E-5	-9.2000002E-1	3.3161316E+4	2.7393110E-6	3.6505531E+4	-9.2006111E-1	3.3163516E+4	6.1100000E-5	-2.2023439E+0	1.0004260E-1	3.6521082E+4	-4.2600001E-5	-1.5551355E+1	1.0084600E+2	1.3960744E+1	-3.0805290E-6	3.2461957E+4	-1.0007910E-1	3.2487635E+4	7.9099998E-5	-2.5677408E+1	1.5500000E+2	0.0000000E+0	0.0000000E+0	0.0000000E+0
1.6568700E+2	-2.7425691E-5	-8.9999998E-1	3.2815949E+4	3.0401950E-6	3.2892629E+4	-9.0003318E-1	3.2817156E+4	3.3200002E-5	-1.2105439E+0	1.0011200E-1	3.2929465E+4	-1.1200000E-4	-3.6839741E+1	1.0084600E+2	1.3960744E+1	-2.8406650E-6	3.5203023E+4	-1.0010530E-1	3.5240094E+4	1.0530000E-4	-3.7068787E+1	1.5600000E+2	0.0000000E+0	0.0000000E+0	0.0000000E+0
1.6650000E+2	-2.6362630E-5	-8.8000000E-1	3.3380586E+4	2.9368609E-6	3.4049961E+4	-8.8008088E-1	3.3383652E+4	8.0899998E-5	-3.0687377E+0	1.0006380E-1	3.4071684E+4	-6.3799998E-5	-2.1723875E+1	1.0084600E+2	1.3960744E+1	-2.9489750E-6	3.3910086E+4	-1.0008670E-1	3.3939488E+4	8.6699998E-5	-2.9400045E+1	1.5700000E+2	0.0000000E+0	0.0000000E+0	0.0000000E+0
1.6731200E+2	-2.5717130E-5	-8.6000001E-1	3.3440746E+4	2.6972550E-6	3.7074730E+4	-8.6003608E-1	3.3442148E+4	3.6099998E-5	-1.4037336E+0	1.0002090E-1	3.7082477E+4	-2.0900001E-5	-7.7486186E+0	1.0084600E+2	1.3960744E+1	-3.0791709E-6	3.2476273E+4	-1.0009430E-1	3.2506898E+4	9.4299998E-5	-3.0625126E+1	1.5800000E+2	0.0000000E+0	0.0000000E+0	0.0000000E+0
1.6812500E+2	-2.5480040E-5	-8.3999997E-1	3.2966980E+4	2.7214401E-6	3.6745254E+4	-8.4005642E-1	3.2969195E+4	5.6400000E-5	-2.2134974E+0	1.0010240E-1	3.6782879E+4	-1.0240000E-4	-3.7627140E+1	1.0084600E+2	1.3960744E+1	-2.7765650E-6	3.6015723E+4	-1.0004090E-1	3.6030453E+4	4.0899999E-5	-1.4730432E+1	1.5900000E+2	0.0000000E+0	0.0000000E+0	0.0000000E+0
1.6893700E+2	-2.4643130E-5	-8.1999999E-1	3.3274992E+4	3.0679980E-6	3.2594545E+4	-8.2002997E-1	3.3276211E+4	2.9999999E-5	-1.2173778E+0	1.0008550E-1	3.2622414E+4	-8.5500003E-5	-2.7868336E+1	1.0084600E+2	1.3960744E+1	-2.6968071E-6	3.7080887E+4	-1.0009430E-1	3.7115855E+4	9.4299998E-5	-3.4967278E+1	1.6000000E+2	0.0000000E+0	0.0000000E+0	0.0000000E+0
1.7003101E+2	-2.3929149E-5	-8.0000001E-1	3.3432027E+4	2.6749619E-6	3.7383707E+4	-8.0005598E-1	3.3434367E+4	5.6000001E-5	-2.3402419E+0	1.0008260E-1	3.7414586E+4	-8.2600003E-5	-3.0878942E+1	1.0084600E+2	1.3960744E+1	-2.7335050E-6	3.6583066E+4	-1.0002210E-1	3.6591152E+4	2.2099999E-5	-8.0848579E+0	1.6100000E+2	0.0000000E+0	0.0000000E+0	0.0000000E+0
1.7256200E+2	-2.3292350E-5	-7.7999997E-1	3.3487391E+4	3.0364811E-6	3.2932859E+4	-7.8003740E-1	3.3488996E+4	3.7400001E-5	-1.6056774E+0	1.0005760E-1	3.2951828E+4	-5.7599998E-5	-1.8969326E+1	1.0084600E+2	1.3962524E+1	-3.0446670E-6	3.2844312E+4	-1.0008980E-1	3.2873809E+4	8.9800000E-5	-2.9494194E+1	1.6200000E+2	0.0000000E+0	0.0000000E+0	0.0000000E+0
1.7337500E+2	-2.2795370E-5	-7.5999999E-1	3.3340105E+4	2.7292340E-6	3.6640316E+4	-7.6003307E-1	3.3341555E+4	3.3100001E-5	-1.4520493E+0	1.0002950E-1	3.6651125E+4	-2.9500001E-5	-1.0808893E+1	1.0084600E+2	1.3962524E+1	-3.0861349E-6	3.2402990E+4	-1.0006070E-1	3.2422658E+4	6.0700000E-5	-1.9668615E+1	1.6300000E+2	0.0000000E+0	0.0000000E+0	0.0000000E+0
1.7418700E+2	-2.2111321E-5	-7.4000001E-1	3.3467020E+4	2.6430550E-6	3.7835004E+4	-7.4004787E-1	3.3469187E+4	4.7900001E-5	-2.1663113E+0	1.0004500E-1	3.7852031E+4	-4.5000001E-5	-1.7025753E+1	1.0084600E+2	1.3962524E+1	-3.0146471E-6	3.3171379E+4	-1.0004640E-1	3.3186770E+4	4.6400000E-5	-1.5391521E+1	1.6400000E+2	0.0000000E+0	0.0000000E+0	0.0000000E+0
1.7500000E+2	-2.1707159E-5	-7.2000003E-1	3.3168781E+4	2.8596730E-6	3.4969031E+4	-7.1997952E-1	3.3167836E+4	-2.0500000E-5	9.4438887E-1	1.0012890E-1	3.5014109E+4	-1.2890001E-4	-4.5075085E+1	1.0084600E+2	1.3962524E+1	-2.6877369E-6	3.7206020E+4	-1.0003470E-1	3.7218934E+4	3.4699999E-5	-1.2910489E+1	1.6500000E+2	0.0000000E+0	0.0000000E+0	0.0000000E+0
1.7581200E+2	-2.0883830E-5	-6.9999999E-1	3.3518758E+4	3.0458809E-6	3.2831223E+4	-7.0003009E-1	3.3520195E+4	3.0100000E-5	-1.4413065E+0	1.0008650E-1	3.2859621E+4	-8.6499997E-5	-2.8399008E+1	1.0084600E+2	1.3962524E+1	-2.6610510E-6	3.7579137E+4	-1.0006710E-1	3.7604352E+4	6.7100002E-5	-2.5215601E+1	1.6600000E+2	0.0000000E+0	0.0000000E+0	0.0000000E+0
1.7664000E+2	-2.0103860E-5	-6.8000001E-1	3.3824352E+4	2.7428000E-6	3.6459094E+4	-6.8002683E-1	3.3825684E+4	2.6800000E-5	-1.3330773E+0	1.0006380E-1	3.6482355E+4	-6.3799998E-5	-2.3260900E+1	1.0084600E+2	1.3962524E+1	-2.9638190E-6	3.3740254E+4	-1.0003710E-1	3.3752770E+4	3.7099999E-5	-1.2517633E+1	1.6700000E+2	0.0000000E+0	0.0000000E+0	0.0000000E+0
1.7948399E+2	-1.9818521E-5	-6.6000003E-1	3.3302184E+4	2.9103539E-6	3.4360082E+4	-6.6002011E-1	3.3303199E+4	2.0100000E-5	-1.0142028E+0	1.0013720E-1	3.4407223E+4	-1.3720000E-4	-4.7142033E+1	1.0084600E+2	1.3964454E+1	-2.6568700E-6	3.7638273E+4	-1.0004710E-1	3.7656000E+4	4.7099998E-5	-1.7727627E+1	1.6800000E+2	0.0000000E+0	0.0000000E+0	0.0000000E+0
1.8029700E+2	-1.8901659E-5	-6.3999999E-1	3.3859461E+4	3.0001800E-6	3.3331332E+4	-6.4002180E-1	3.3860613E+4	2.1800000E-5	-1.1533378E+0	1.0008260E-1	3.3358863E+4	-8.2600003E-5	-2.7531681E+1	1.0084600E+2	1.3964454E+1	-2.7373640E-6	3.6531496E+4	-1.0010220E-1	3.6568832E+4	1.0220000E-4	-3.7335190E+1	1.6900000E+2	0.0000000E+0	0.0000000E+0	0.0000000E+0
1.8110899E+2	-1.8166291E-5	-6.2000000E-1	3.4129148E+4	2.9830230E-6	3.3523039E+4	-6.2007117E-1	3.4133066E+4	7.1199996E-5	-3.9193473E+0	1.0002710E-1	3.3532125E+4	-2.7100001E-5	-9.0847435E+0	1.0084600E+2	1.3964454E+1	-2.9666789E-6	3.3707727E+4	-1.0009740E-1	3.3740555E+4	9.7400000E-5	-3.2831326E+1	1.7000000E+2	0.0000000E+0	0.0000000E+0	0.0000000E+0
1.8192200E+2	-1.7743439E-5	-6.0000002E-1	3.3815312E+4	2.6360301E-6	3.7935836E+4	-6.0006309E-1	3.3818871E+4	6.3100000E-5	-3.5562439E+0	1.0007620E-1	3.7964742E+4	-7.6199998E-5	-2.8907106E+1	1.0084600E+2	1.3964454E+1	-2.7586491E-6	3.6249629E+4	-1.0006710E-1	3.6273953E+4	6.7100002E-5	-2.4323500E+1	1.7100000E+2	0.0000000E+0	0.0000000E+0	0.0000000E+0
1.8273399E+2	-1.7204860E-5	-5.7999998E-1	3.3711406E+4	3.0003839E-6	3.3329066E+4	-5.8006293E-1	3.3715062E+4	6.2899999E-5	-3.6559436E+0	1.0009070E-1	3.3359297E+4	-9.0699999E-5	-3.0229464E+1	1.0084600E+2	1.3964454E+1	-2.6641439E-6	3.7535508E+4	-1.0005550E-1	3.7556340E+4	5.5500001E-5	-2.0832207E+1	1.7200000E+2	0.0000000E+0	0.0000000E+0	0.0000000E+0
1.8354700E+2	-1.6280441E-5	-5.6000000E-1	3.4397105E+4	2.7695280E-6	3.6107234E+4	-5.6005859E-1	3.4400703E+4	5.8599999E-5	-3.5994112E+0	1.0006740E-1	3.6131570E+4	-6.7399997E-5	-2.4336277E+1	1.0084600E+2	1.3964454E+1	-3.0702529E-6	3.2570605E+4	-1.0008480E-1	3.2598227E+4	8.4799998E-5	-2.7619873E+1	1.7300000E+2	0.0000000E+0	0.0000000E+0	0.0000000E+0
1.8435899E+2	-1.6105811E-5	-5.4000002E-1	3.3528273E+4	2.7751021E-6	3.6034711E+4	-5.4005069E-1	3.3531422E+4	5.0700000E-5	-3.1479323E+0	1.0009380E-1	3.6068512E+4	-9.3800001E-5	-3.3800560E+1	1.0084600E+2	1.3964454E+1	-2.7404010E-6	3.6491012E+4	-1.0003640E-1	3.6504293E+4	3.6400001E-5	-1.3282727E+1	1.7400000E+2	0.0000000E+0	0.0000000E+0	0.0000000E+0
1.8517200E+2	-1.5274560E-5	-5.1999998E-1	3.4043535E+4	3.0617650E-6	3.2660900E+4	-5.2005267E-1	3.4046984E+4	5.2700001E-5	-3.4501812E+0	1.0005950E-1	3.2680334E+4	-5.9499998E-5	-1.9433235E+1	1.0084600E+2	1.3964454E+1	-2.9320599E-6	3.4105715E+4	-1.0008650E-1	3.4135215E+4	8.6499997E-5	-2.9501442E+1	1.7500000E+2	0.0000000E+0	0.0000000E+0	0.0000000E+0
1.8598399E+2	-1.4494480E-5	-5.0000000E-1	3.4495891E+4	2.7404949E-6	3.6489758E+4	-5.0004292E-1	3.4498852E+4	4.2899999E-5	-2.9597476E+0	1.0006930E-1	3.6515047E+4	-6.9299997E-5	-2.5287403E+1	1.0084600E+2	1.3964454E+1	-3.0775950E-6	3.2492904E+4	-1.0007430E-1	3.2517047E+4	7.4299998E-5	-2.4142227E+1	1.7600000E+2	0.0000000E+0	0.0000000E+0	0.0000000E+0
1.8681200E+2	-1.4096480E-5	-4.7999999E-1	3.4051055E+4	2.6316461E-6	3.7999031E+4	-4.8006609E-1	3.4055742E+4	6.6100001E-5	-4.6891141E+0	1.0005040E-1	3.8018184E+4	-5.0400002E-5	-1.9151512E+1	1.0084600E+2	1.3964454E+1	-2.7896581E-6	3.5846687E+4	-1.0002780E-1	3.5856652E+4	2.7800001E-5	-9.9653797E+0	1.7700000E+2	0.0000000E+0	0.0000000E+0	0.0000000E+0
1.8762500E+2	-1.3539580E-5	-4.6000001E-1	3.3974465E+4	2.9710161E-6	3.3658520E+4	-4.6002030E-1	3.3975965E+4	2.0300000E-5	-1.4993080E+0	1.0010430E-1	3.3693625E+4	-1.0430000E-4	-3.5105835E+1	1.0084600E+2	1.3964454E+1	-2.6396519E-6	3.7883781E+4	-1.0009000E-1	3.7917879E+4	9.0000001E-5	-3.4095402E+1	1.7800000E+2	0.0000000E+0	0.0000000E+0	0.0000000E+0
1.8843700E+2	-1.2618910E-5	-4.4000000E-1	3.4868305E+4	2.7216790E-6	3.6742027E+4	-4.4004920E-1	3.4872203E+4	4.9200000E-5	-3.8989105E+0	1.0004830E-1	3.6759773E+4	-4.8300000E-5	-1.7746399E+1	1.0084600E+2	1.3964454E+1	-2.9436710E-6	3.3971187E+4	-1.0003420E-1	3.3982805E+4	3.4199998E-5	-1.1618146E+1	1.7900000E+2	0.0000000E+0	0.0000000E+0	0.0000000E+0
1.9140601E+2	-1.2273190E-5	-4.1999999E-1	3.4220934E+4	2.6252890E-6	3.8091043E+4	-4.2003489E-1	3.4223777E+4	3.4900000E-5	-2.8435965E+0	1.0006740E-1	3.8116719E+4	-6.7399997E-5	-2.5673365E+1	1.0084600E+2	1.3967392E+1	-2.9214791E-6	3.4229238E+4	-1.0007760E-1	3.4255801E+4	7.7600002E-5	-2.6561888E+1	1.8000000E+2	0.0000000E+0	0.0000000E+0	0.0000000E+0
1.9221800E+2	-1.1842670E-5	-4.0000001E-1	3.3776168E+4	2.8516331E-6	3.5067625E+4	-4.0000960E-1	3.3776977E+4	9.6000003E-6	-8.1062800E-1	1.0011840E-1	3.5109145E+4	-1.1840000E-4	-4.1520069E+1	1.0084600E+2	1.3967392E+1	-2.6665059E-6	3.7502258E+4	-1.0004520E-1	3.7519211E+4	4.5199999E-5	-1.6951021E+1	1.8100000E+2	0.0000000E+0	0.0000000E+0	0.0000000E+0
1.9303101E+2	-1.1047990E-5	-3.8000000E-1	3.4395398E+4	3.0468930E-6	3.2820320E+4	-3.8003871E-1	3.4398898E+4	3.8700000E-5	-3.5028996E+0	1.0009810E-1	3.2852516E+4	-9.8099998E-5	-3.2196732E+1	1.0084600E+2	1.3967392E+1	-2.6463360E-6	3.7788098E+4	-1.0005430E-1	3.7808617E+4	5.4299999E-5	-2.0518936E+1	1.8200000E+2	0.0000000E+0	0.0000000E+0	0.0000000E+0
1.9385899E+2	-1.0210860E-5	-3.6000001E-1	3.5256578E+4	2.7509200E-6	3.6351477E+4	-3.6003071E-1	3.5259586E+4	3.0700001E-5	-3.0066028E+0	1.0005330E-1	3.6370852E+4	-5.3299998E-5	-1.9375336E+1	1.0084600E+2	1.3967392E+1	-3.0655669E-6	3.2620393E+4	-1.0007720E-1	3.2645576E+4	7.7199998E-5	-2.5182943E+1	1.8300000E+2	0.0000000E+0	0.0000000E+0	0.0000000E+0
1.9467200E+2	-9.8346100E-6	-3.4000000E-1	3.4571781E+4	2.6487239E-6	3.7754027E+4	-3.4014031E-1	3.4586047E+4	1.4030001E-4	-1.4265944E+1	1.0004880E-1	3.7772453E+4	-4.8800001E-5	-1.8423965E+1	1.0084600E+2	1.3967392E+1	-3.0231661E-6	3.3077906E+4	-1.0003470E-1	3.3089383E+4	3.4699999E-5	-1.1478033E+1	1.8400000E+2	0.0000000E+0	0.0000000E+0	0.0000000E+0
1.9548399E+2	-9.4434363E-6	-3.1999999E-1	3.3885973E+4	2.7765450E-6	3.6015984E+4	-3.2007551E-1	3.3893965E+4	7.5500000E-5	-7.9949713E+0	1.0006380E-1	3.6038961E+4	-6.3799998E-5	-2.2978197E+1	1.0084600E+2	1.3967392E+1	-2.7311110E-6	3.6615137E+4	-1.0005280E-1	3.6634469E+4	5.2799998E-5	-1.9332792E+1	1.8500000E+2	0.0000000E+0	0.0000000E+0	0.0000000E+0
1.9656200E+2	-8.7228473E-6	-3.0000001E-1	3.4392441E+4	2.6251450E-6	3.8093133E+4	-3.0008790E-1	3.4402520E+4	8.7900000E-5	-1.0076985E+1	1.0004620E-1	3.8110734E+4	-4.6199999E-5	-1.7599028E+1	1.0084600E+2	1.3967392E+1	-2.8648390E-6	3.4905977E+4	-1.0002020E-1	3.4913027E+4	2.0199999E-5	-7.0510073E+0	1.8600000E+2	0.0000000E+0	0.0000000E+0	0.0000000E+0
1.9909300E+2	-8.1160506E-6	-2.8000000E-1	3.4499535E+4	3.0639619E-6	3.2637480E+4	-2.8005719E-1	3.4506586E+4	5.7199999E-5	-7.0477624E+0	1.0007290E-1	3.2661273E+4	-7.2900002E-5	-2.3792723E+1	1.0084600E+2	1.3969254E+1	-2.7855019E-6	3.5900172E+4	-1.0007670E-1	3.5927707E+4	7.6700002E-5	-2.7535431E+1	1.8700000E+2	0.0000000E+0	0.0000000E+0	0.0000000E+0
1.9992200E+2	-7.2583330E-6	-2.5999999E-1	3.5820898E+4	2.7868739E-6	3.5882496E+4	-2.6006079E-1	3.5829273E+4	6.0800001E-5	-8.3765793E+0	1.0002760E-1	3.5892402E+4	-2.7599999E-5	-9.9035692E+0	1.0084600E+2	1.3969254E+1	-3.0409519E-6	3.2884437E+4	-1.0010530E-1	3.2919066E+4	1.0530000E-4	-3.4627316E+1	1.8800000E+2	0.0000000E+0	0.0000000E+0	0.0000000E+0
2.0073399E+2	-6.8687468E-6	-2.3999999E-1	3.4940871E+4	2.6203090E-6	3.8163437E+4	-2.4011730E-1	3.4957949E+4	1.1730000E-4	-1.7077351E+1	1.0009070E-1	3.8198051E+4	-9.0699999E-5	-3.4614239E+1	1.0084600E+2	1.3969254E+1	-2.9818759E-6	3.3535934E+4	-1.0000300E-1	3.3536941E+4	3.0000001E-6	-1.0060780E+0	1.8900000E+2	0.0000000E+0	0.0000000E+0	0.0000000E+0
2.0154700E+2	-6.5226291E-6	-2.2000000E-1	3.3728730E+4	2.8385241E-6	3.5229578E+4	-2.2007230E-1	3.3739816E+4	7.2299998E-5	-1.1084488E+1	1.0013060E-1	3.5275586E+4	-1.3060000E-4	-4.6009827E+1	1.0084600E+2	1.3969254E+1	-2.6265859E-6	3.8072234E+4	-1.0006260E-1	3.8096070E+4	6.2599996E-5	-2.3833220E+1	1.9000000E+2	0.0000000E+0	0.0000000E+0	0.0000000E+0
2.0235899E+2	-5.6378672E-6	-2.0000000E-1	3.5474410E+4	3.0503600E-6	3.2783016E+4	-2.0005110E-1	3.5483473E+4	5.1100000E-5	-9.0637112E+0	1.0011200E-1	3.2819734E+4	-1.1200000E-4	-3.6716976E+1	1.0084600E+2	1.3969254E+1	-2.9023499E-6	3.4454840E+4	-1.0011670E-1	3.4495047E+4	1.1670000E-4	-4.0208797E+1	1.9100000E+2	0.0000000E+0	0.0000000E+0	0.0000000E+0
2.0317200E+2	-4.9657629E-6	-1.8000001E-1	3.6248207E+4	2.6206851E-6	3.8157961E+4	-1.8007401E-1	3.6263109E+4	7.4000003E-5	-1.4902040E+1	1.0004520E-1	3.8175211E+4	-4.5199999E-5	-1.7247398E+1	1.0084600E+2	1.3969254E+1	-2.7403910E-6	3.6491145E+4	-1.0006620E-1	3.6515301E+4	6.6200002E-5	-2.4157137E+1	1.9200000E+2	0.0000000E+0	0.0000000E+0	0.0000000E+0
2.0603101E+2	-4.7224439E-6	-1.6000000E-1	3.3880762E+4	2.6848461E-6	3.7246086E+4	-1.6011479E-1	3.3905070E+4	1.1480000E-4	-2.4309446E+1	1.0008260E-1	3.7276848E+4	-8.2600003E-5	-3.0765266E+1	1.0084600E+2	1.3971202E+1	-2.7260451E-6	3.6683180E+4	-1.0005160E-1	3.6702109E+4	5.1600000E-5	-1.8928520E+1	1.9300000E+2	0.0000000E+0	0.0000000E+0	0.0000000E+0
2.0684300E+2	-3.9997940E-6	-1.4000000E-1	3.5001801E+4	3.0584561E-6	3.2696236E+4	-1.4003059E-1	3.5009453E+4	3.0600000E-5	-7.6503940E+0	1.0007120E-1	3.2719516E+4	-7.1199996E-5	-2.3279720E+1	1.0084600E+2	1.3971202E+1	-2.9392520E-6	3.4022262E+4	-1.0010580E-1	3.4058258E+4	1.0580000E-4	-3.5995552E+1	1.9400000E+2	0.0000000E+0	0.0000000E+0	0.0000000E+0
2.0765601E+2	-3.2242190E-6	-1.2000000E-1	3.7218316E+4	2.9587900E-6	3.3797602E+4	-1.2005590E-1	3.7235652E+4	5.5900000E-5	-1.7337532E+1	1.0004970E-1	3.3814398E+4	-4.9700000E-5	-1.6797407E+1	1.0084600E+2	1.3971202E+1	-2.9317509E-6	3.4109309E+4	-1.0008930E-1	3.4139770E+4	8.9300003E-5	-3.0459612E+1	1.9500000E+2	0.0000000E+0	0.0000000E+0	0.0000000E+0
2.0848399E+2	-2.6550540E-6	-1.0000000E-1	3.7664016E+4	2.7463209E-6	3.6412348E+4	-1.0005470E-1	3.7684621E+4	5.4700002E-5	-2.0602217E+1	1.0006240E-1	3.6435070E+4	-6.2400002E-5	-2.2721306E+1	1.0084600E+2	1.3971202E+1	-3.0480780E-6	3.2807559E+4	-1.0010740E-1	3.2842793E+4	1.0740000E-4	-3.5235317E+1	1.9600000E+2	0.0000000E+0	0.0000000E+0	0.0000000E+0
2.0929700E+2	-2.3064590E-6	-7.9999998E-2	3.4685203E+4	2.6194809E-6	3.8175500E+4	-8.0146313E-2	3.4748637E+4	1.4631001E-4	-6.3434902E+1	1.0005240E-1	3.8195504E+4	-5.2399999E-5	-2.0003963E+1	1.0084600E+2	1.3971202E+1	-2.8468260E-6	3.5126840E+4	-1.0003590E-1	3.5139449E+4	3.5900001E-5	-1.2610536E+1	1.9700000E+2	0.0000000E+0	0.0000000E+0	0.0000000E+0
2.1010899E+2	-1.9304421E-6	-5.9999999E-2	3.1080965E+4	2.8277620E-6	3.5363656E+4	-6.0073141E-2	3.1118854E+4	7.3140000E-5	-3.7887695E+1	1.0009600E-1	3.5397605E+4	-9.6000003E-5	-3.3949108E+1	1.0084600E+2	1.3971202E+1	-2.6679111E-6	3.7482508E+4	-1.0001420E-1	3.7487832E+4	1.4200000E-5	-5.3225164E+0	1.9800000E+2	0.0000000E+0	0.0000000E+0	0.0000000E+0
2.1092200E+2	-1.0616200E-6	-3.9999999E-2	3.7678266E+4	2.9718510E-6	3.3649062E+4	-4.0042881E-2	3.7718656E+4	4.2880001E-5	-4.0391102E+1	1.0001920E-1	3.3655523E+4	-1.9200001E-5	-6.4606199E+0	1.0084600E+2	1.3971202E+1	-3.0092349E-6	3.3231039E+4	-1.0010720E-1	3.3266660E+4	1.0720000E-4	-3.5623672E+1	1.9900000E+2	0.0000000E+0	0.0000000E+0	0.0000000E+0
2.1173399E+2	-4.7802592E-7	-2.0000000E-2	4.1838738E+4	2.6763539E-6	3.7364266E+4	-2.0081520E-2	4.2009273E+4	8.1519996E-5	-1.7053470E+2	1.0004760E-1	3.7382051E+4	-4.7599999E-5	-1.7785391E+1	1.0084600E+2	1.3971202E+1	-3.0192689E-6	3.3120602E+4	-1.0005450E-1	3.3138652E+4	5.4500000E-5	-1.8050726E+1	2.0000000E+2	1.0000000E+0	0.0000000E+0	0.0000000E+0
2.1256200E+2	1.0500660E-6	1.0000000E-1	9.5232109E+4	2.8815541E-6	3.4703496E+4	4.2003632E-2	4.0000941E+4	5.7996370E-2	5.5231168E+4	1.0014150E-1	3.4752602E+4	-1.4150000E-4	-4.9105450E+1	1.0084600E+2	1.3971202E+1	-2.6190689E-6	3.8181508E+4	-1.0004730E-1	3.8199566E+4	4.7300000E-5	-1.8059853E+1	2.0100000E+2	0.0000000E+0	0.0000000E+0	0.0000000E+0
