t (s)	I (A)	V (V)	R(ohm)	Ibias (A)	Rrem(ohm)	Vsense (V)	Rsense(ohm)	Vdif (V)	Rdif(ohm)	VbiasSense (V)	RremSense(ohm)	VbiasDif (V)	RremDif(ohm)	T [K]	Rterm(ohm)	IbiasNEG (A)	RremNEG(ohm)	VbiasSenseNEG (V)	RremSenseNEG(ohm)	VbiasDifNEG (V)	RremDifNEG(ohm)	PasodeV	Saturó?	Saturó? (bias)	Saturó? (biasNEG)
2.6600027E-1	1.6444510E-7	1.0000000E-1	6.0810569E+5	1.7203300E-7	5.8128381E+5	1.0030530E-1	6.0996225E+5	-3.0530000E-4	-1.8565466E+3	1.0005090E-1	5.8157969E+5	-5.0899998E-5	-2.9587347E+2	1.2876337E+2	1.2376158E+1	-1.3091200E-7	7.6387194E+5	-1.0031220E-1	7.6625675E+5	3.1219999E-4	-2.3848081E+3	1.0000000E+0	0.0000000E+0	0.0000000E+0	0.0000000E+0
1.0780001E+0	1.3289041E-7	2.0000000E-2	1.5049995E+5	-1.1908290E-7	-8.3975112E+5	1.9769430E-2	1.4876492E+5	2.3057000E-4	1.7350388E+3	9.9890947E-2	-8.3883537E+5	1.0905000E-4	-9.1574860E+2	1.2876337E+2	1.2376158E+1	-2.1904920E-7	4.5651844E+5	-1.0018520E-1	4.5736391E+5	1.8520000E-4	-8.4547217E+2	2.0000000E+0	0.0000000E+0	0.0000000E+0	0.0000000E+0
1.9060001E+0	-1.0141590E-7	3.9999999E-2	-3.9441547E+5	-9.9204499E-8	-1.0080188E+6	3.9929152E-2	-3.9371687E+5	7.0850001E-5	-6.9860840E+2	1.0041170E-1	-1.0121688E+6	-4.1169999E-4	4.1500132E+3	1.2876337E+2	1.2376158E+1	1.1133250E-7	-8.9821031E+5	-9.9900253E-2	-8.9731437E+5	-9.9750003E-5	-8.9596478E+2	3.0000000E+0	0.0000000E+0	0.0000000E+0	0.0000000E+0
2.7190003E+0	-9.8189048E-8	5.9999999E-2	-6.1106612E+5	1.9152620E-7	5.2212178E+5	6.0366388E-2	-6.1479756E+5	-3.6639001E-4	3.7314751E+3	1.0029630E-1	5.2366881E+5	-2.9629999E-4	-1.5470469E+3	1.2876337E+2	1.2376158E+1	1.2972940E-7	-7.7083531E+5	-9.9823952E-2	-7.6947825E+5	-1.7605000E-4	-1.3570555E+3	4.0000000E+0	0.0000000E+0	0.0000000E+0	0.0000000E+0
5.5940003E+0	2.2025650E-7	7.9999998E-2	3.6321287E+5	3.0990460E-8	3.2267995E+6	8.0160141E-2	3.6393994E+5	-1.6014000E-4	-7.2706140E+2	9.9832296E-2	3.2213882E+6	1.6770000E-4	5.4113428E+3	1.2876337E+2	1.2375450E+1	-1.4612840E-7	6.8432969E+5	-1.0030460E-1	6.8641412E+5	3.0459999E-4	-2.0844683E+3	5.0000000E+0	0.0000000E+0	0.0000000E+0	0.0000000E+0
6.4060001E+0	-1.1745230E-7	1.0000000E-1	-8.5140944E+5	-2.1862120E-7	-4.5741219E+5	9.9914551E-2	-8.5068194E+5	8.5450003E-5	-7.2752942E+2	9.9929333E-2	-4.5708894E+5	7.0670001E-5	-3.2325317E+2	1.2876337E+2	1.2375450E+1	-3.9280049E-8	2.5458215E+6	-9.9794634E-2	2.5405932E+6	-2.0537000E-4	5.2283540E+3	6.0000000E+0	0.0000000E+0	0.0000000E+0	0.0000000E+0
7.2190003E+0	-8.2663753E-8	1.2000000E-1	-1.4516641E+6	-2.1425740E-7	-4.6672834E+5	1.1988450E-1	-1.4502669E+6	1.1550000E-4	-1.3972267E+3	9.9969633E-2	-4.6658659E+5	3.0370000E-5	-1.4174539E+2	1.2876337E+2	1.2375450E+1	8.0383188E-8	-1.2440412E+6	-9.9796057E-2	-1.2415041E+6	-2.0394000E-4	-2.5370977E+3	7.0000000E+0	0.0000000E+0	0.0000000E+0	0.0000000E+0
8.0469999E+0	-1.7625869E-7	1.4000000E-1	-7.9428706E+5	1.1471000E-7	8.7176356E+5	1.4004371E-1	-7.9453494E+5	-4.3700002E-5	2.4793103E+2	1.0020540E-1	8.7355419E+5	-2.0540001E-4	-1.7906024E+3	1.2876337E+2	1.2375450E+1	2.0623651E-7	-4.8488022E+5	-9.9923372E-2	-4.8450866E+5	-7.6630000E-5	-3.7156372E+2	8.0000000E+0	0.0000000E+0	0.0000000E+0	0.0000000E+0
8.8590002E+0	1.3086201E-7	1.6000000E-1	1.2226620E+6	1.0064280E-7	9.9361306E+5	1.6024850E-1	1.2245610E+6	-2.4850000E-4	-1.8989470E+3	9.9724047E-2	9.9087119E+5	2.7595001E-4	2.7418752E+3	1.2876337E+2	1.2375450E+1	-2.0793119E-7	4.8092831E+5	-1.0022310E-1	4.8200125E+5	2.2310000E-4	-1.0729510E+3	9.0000000E+0	0.0000000E+0	0.0000000E+0	0.0000000E+0
9.6719999E+0	-2.9591551E-8	1.8000001E-1	-6.0828175E+6	-1.9825440E-7	-5.0440244E+5	1.7962340E-1	-6.0700910E+6	3.7659999E-4	-1.2726606E+4	9.9864721E-2	-5.0372006E+5	1.3528000E-4	-6.8235559E+2	1.2876337E+2	1.2375450E+1	-1.5386250E-7	6.4993094E+5	-9.9903584E-2	6.4930431E+5	-9.6420001E-5	6.2666339E+2	1.0000000E+1	0.0000000E+0	0.0000000E+0	0.0000000E+0
1.0750000E+1	-9.7232601E-8	2.0000000E-1	-2.0569232E+6	9.4073577E-8	1.0629978E+6	1.9988631E-1	-2.0557539E+6	1.1370000E-4	-1.1693608E+3	1.0023740E-1	1.0655212E+6	-2.3740000E-4	-2.5235566E+3	1.2876337E+2	1.2375450E+1	2.1785600E-7	-4.5901881E+5	-1.0002780E-1	-4.5914641E+5	2.7800001E-5	1.2760722E+2	1.1000000E+1	0.0000000E+0	0.0000000E+0	0.0000000E+0
1.3281000E+1	1.5824079E-7	2.2000000E-1	1.3902862E+6	8.2162501E-8	1.2171002E+6	2.2024730E-1	1.3918490E+6	-2.4729999E-4	-1.5628081E+3	9.9708319E-2	1.2135502E+6	2.9167999E-4	3.5500381E+3	1.2876337E+2	1.2374692E+1	-1.3070020E-7	7.6510975E+5	-1.0025980E-1	7.6709750E+5	2.5980000E-4	-1.9877551E+3	1.2000000E+1	0.0000000E+0	0.0000000E+0	0.0000000E+0
1.4094000E+1	2.1492281E-7	2.3999999E-1	1.1166800E+6	1.0089510E-7	9.9112844E+5	2.4028800E-1	1.1180200E+6	-2.8800001E-4	-1.3400160E+3	9.9802732E-2	9.8917319E+5	1.9727000E-4	1.9551990E+3	1.2876337E+2	1.2374692E+1	-1.2195410E-7	8.1998062E+5	-1.0028670E-1	8.2233150E+5	2.8670000E-4	-2.3508845E+3	1.3000000E+1	0.0000000E+0	0.0000000E+0	0.0000000E+0
1.4906000E+1	7.0348051E-8	2.5999999E-1	3.6959092E+6	-1.7585430E-7	-5.6865256E+5	2.5977561E-1	3.6927192E+6	2.2440001E-4	3.1898538E+3	9.9797733E-2	-5.6750237E+5	2.0227001E-4	-1.1502135E+3	1.2876337E+2	1.2374692E+1	-2.2208830E-7	4.5027134E+5	-1.0020260E-1	4.5118359E+5	2.0260000E-4	-9.1224976E+2	1.4000000E+1	0.0000000E+0	0.0000000E+0	0.0000000E+0
1.5734000E+1	-8.4635872E-8	2.8000000E-1	-3.3082900E+6	-2.1577550E-7	-4.6344466E+5	2.7994061E-1	-3.3075882E+6	5.9400001E-5	-7.0183008E+2	9.9957697E-2	-4.6324859E+5	4.2299998E-5	-1.9603708E+2	1.2876337E+2	1.2374692E+1	7.1237309E-9	-1.4037588E+7	-9.9671356E-2	-1.3991455E+7	-3.2863999E-4	-4.6133129E+4	1.5000000E+1	0.0000000E+0	0.0000000E+0	0.0000000E+0
1.6547001E+1	-2.0289271E-7	3.0000001E-1	-1.4786141E+6	3.2404841E-8	3.0859588E+6	2.9985589E-1	-1.4779039E+6	1.4410001E-4	-7.1022760E+2	1.0054230E-1	3.1026940E+6	-5.4230000E-4	-1.6735154E+4	1.2876337E+2	1.2374692E+1	1.8602290E-7	-5.3756825E+5	-9.9793673E-2	-5.3645906E+5	-2.0633001E-4	-1.1091646E+3	1.6000000E+1	0.0000000E+0	0.0000000E+0	0.0000000E+0
1.7359001E+1	1.6457189E-8	3.1999999E-1	1.9444388E+7	-1.9295250E-7	-5.1826228E+5	3.2038140E-1	1.9467564E+7	-3.8139999E-4	-2.3175281E+4	1.0000850E-1	-5.1830631E+5	-8.5000001E-6	4.4052292E+1	1.2876337E+2	1.2374692E+1	6.2443628E-9	-1.6014444E+7	-9.9676847E-2	-1.5962693E+7	-3.2314999E-4	-5.1750676E+4	1.7000000E+1	0.0000000E+0	0.0000000E+0	0.0000000E+0
2.0202999E+1	-1.9913359E-7	3.4000000E-1	-1.7073965E+6	4.0458080E-8	2.4716942E+6	3.3991119E-1	-1.7069505E+6	8.8800000E-5	-4.4593176E+2	1.0051300E-1	2.4843740E+6	-5.1300001E-4	-1.2679791E+4	1.2876337E+2	1.2373832E+1	1.8566691E-7	-5.3859894E+5	-9.9825382E-2	-5.3765844E+5	-1.7462000E-4	-9.4050153E+2	1.8000000E+1	0.0000000E+0	0.0000000E+0	0.0000000E+0
2.1016001E+1	-8.1176267E-8	3.6000001E-1	-4.4347935E+6	2.0790660E-7	4.8098522E+5	3.6036941E-1	-4.4393440E+6	-3.6939999E-4	4.5505908E+3	1.0020640E-1	4.8197797E+5	-2.0640000E-4	-9.9275348E+2	1.2876337E+2	1.2373832E+1	-1.8394530E-8	5.4363990E+6	-1.0051300E-1	5.4642875E+6	5.1300001E-4	-2.7888727E+4	1.9000000E+1	0.0000000E+0	0.0000000E+0	0.0000000E+0
2.1827999E+1	1.4047789E-7	3.8000000E-1	2.7050518E+6	-8.4535372E-8	-1.1829368E+6	3.7978861E-1	2.7035470E+6	2.1139999E-4	1.5048630E+3	9.9912412E-2	-1.1819006E+6	8.7590000E-5	-1.0361344E+3	1.2876337E+2	1.2373832E+1	-1.6152300E-7	6.1910687E+5	-1.0028670E-1	6.2088187E+5	2.8670000E-4	-1.7749794E+3	2.0000000E+1	0.0000000E+0	0.0000000E+0	0.0000000E+0
2.2656000E+1	4.6244391E-8	4.0000001E-1	8.6496980E+6	-2.1766230E-7	-4.5942728E+5	3.9977860E-1	8.6449100E+6	2.2140000E-4	4.7876079E+3	9.9972963E-2	-4.5930306E+5	2.7040000E-5	-1.2422914E+2	1.2876337E+2	1.2373832E+1	-3.7607951E-8	2.6590122E+6	-9.9863768E-2	2.6553900E+6	-1.3623000E-4	3.6223723E+3	2.1000000E+1	0.0000000E+0	0.0000000E+0	0.0000000E+0
2.3469000E+1	-1.5031230E-7	4.1999999E-1	-2.7941825E+6	1.1433270E-7	8.7464044E+5	4.2012519E-1	-2.7950155E+6	-1.2519999E-4	8.3293250E+2	1.0018870E-1	8.7629087E+5	-1.8870000E-4	-1.6504464E+3	1.2876337E+2	1.2373832E+1	2.1800270E-7	-4.5870991E+5	-9.9965572E-2	-4.5855197E+5	-3.4429999E-5	-1.5793382E+2	2.2000000E+1	0.0000000E+0	0.0000000E+0	0.0000000E+0
2.4281000E+1	1.7554480E-7	4.4000000E-1	2.5064828E+6	8.2628837E-8	1.2102312E+6	4.4020319E-1	2.5076402E+6	-2.0320000E-4	-1.1575393E+3	9.9744081E-2	1.2071340E+6	2.5591999E-4	3.0972236E+3	1.2876337E+2	1.2373832E+1	-7.0028591E-8	1.4279882E+6	-1.0050680E-1	1.4352252E+6	5.0680002E-4	-7.2370439E+3	2.3000000E+1	0.0000000E+0	0.0000000E+0	0.0000000E+0
2.5094000E+1	4.8798821E-8	4.6000001E-1	9.4264570E+6	-1.7474630E-7	-5.7225819E+5	4.5978829E-1	9.4221190E+6	2.1170000E-4	4.3382197E+3	9.9750042E-2	-5.7082775E+5	2.4995999E-4	-1.4304165E+3	1.2876337E+2	1.2373832E+1	-1.9374281E-7	5.1614822E+5	-1.0015580E-1	5.1695237E+5	1.5579999E-4	-8.0415894E+2	2.4000000E+1	0.0000000E+0	0.0000000E+0	0.0000000E+0
2.5906000E+1	-1.8575921E-7	4.7999999E-1	-2.5839905E+6	-1.6142390E-7	-6.1948694E+5	4.7988251E-1	-2.5833580E+6	1.1750000E-4	-6.3253931E+2	1.0012870E-1	-6.2028425E+5	-1.2870001E-4	7.9727972E+2	1.2876337E+2	1.2373832E+1	-3.7471179E-10	2.6687176E+8	-9.9668033E-2	2.6598584E+8	-3.3196999E-4	8.8593419E+5	2.5000000E+1	0.0000000E+0	0.0000000E+0	0.0000000E+0
2.6719000E+1	-2.0616490E-7	5.0000000E-1	-2.4252430E+6	-2.6965269E-8	-3.7084740E+6	4.9996141E-1	-2.4250558E+6	3.8599999E-5	-1.8722876E+2	1.0035660E-1	-3.7216982E+6	-3.5660001E-4	1.3224418E+4	1.2876337E+2	1.2373832E+1	2.1634780E-7	-4.6221872E+5	-9.9960089E-2	-4.6203422E+5	-3.9909999E-5	-1.8447148E+2	2.6000000E+1	0.0000000E+0	0.0000000E+0	0.0000000E+0
2.7547001E+1	5.2935771E-8	5.1999998E-1	9.8232250E+6	2.2007400E-7	4.5439262E+5	5.2050662E-1	9.8327950E+6	-5.0660002E-4	-9.5700889E+3	1.0014150E-1	4.5503559E+5	-1.4150000E-4	-6.4296558E+2	1.2876337E+2	1.2373832E+1	6.8646159E-8	-1.4567458E+6	-1.0034680E-1	-1.4617978E+6	3.4679999E-4	5.0519941E+3	2.7000000E+1	0.0000000E+0	0.0000000E+0	0.0000000E+0
2.8359001E+1	2.1067960E-7	5.4000002E-1	2.5631338E+6	-2.6926610E-8	-3.7137982E+6	5.4030633E-1	2.5645878E+6	-3.0630000E-4	-1.4538665E+3	9.9640854E-2	-3.7004602E+6	3.5915000E-4	-1.3338106E+4	1.2876337E+2	1.2373832E+1	-2.0238269E-7	4.9411337E+5	-1.0021570E-1	4.9517919E+5	2.1570000E-4	-1.0658026E+3	2.8000000E+1	0.0000000E+0	0.0000000E+0	0.0000000E+0
2.9172001E+1	1.9554360E-8	5.6000000E-1	2.8638114E+7	-1.9835750E-7	-5.0414025E+5	5.5963540E-1	2.8619470E+7	3.6460001E-4	1.8645459E+4	9.9899292E-2	-5.0363253E+5	1.0071000E-4	-5.0771964E+2	1.2876337E+2	1.2373832E+1	-1.1208190E-7	8.9220469E+5	-9.9760532E-2	8.9006812E+5	-2.3947000E-4	2.1365627E+3	2.9000000E+1	0.0000000E+0	0.0000000E+0	0.0000000E+0
3.2125000E+1	7.1529030E-8	5.7999998E-1	8.1085960E+6	2.1810980E-7	4.5848466E+5	5.8054543E-1	8.1162210E+6	-5.4540002E-4	-7.6248765E+3	1.0023570E-1	4.5956531E+5	-2.3570000E-4	-1.0806483E+3	1.2876337E+2	1.2372576E+1	1.1998610E-7	-8.3342987E+5	-1.0033660E-1	-8.3623519E+5	3.3660000E-4	2.8053250E+3	3.0000000E+1	0.0000000E+0	0.0000000E+0	0.0000000E+0
3.2937000E+1	2.3390700E-7	6.0000002E-1	2.5651220E+6	-2.7827580E-8	-3.5935572E+6	6.0023808E-1	2.5661400E+6	-2.3809999E-4	-1.0179259E+3	9.9648237E-2	-3.5809165E+6	3.5176001E-4	-1.2640696E+4	1.2876337E+2	1.2372576E+1	-2.1830370E-7	4.5807744E+5	-1.0018060E-1	4.5890472E+5	1.8059999E-4	-8.2728784E+2	3.1000000E+1	0.0000000E+0	0.0000000E+0	0.0000000E+0
3.3750000E+1	-1.4758641E-7	6.2000000E-1	-4.2009290E+6	-9.5580731E-8	-1.0462360E+6	6.1977291E-1	-4.1993905E+6	2.2710000E-4	-1.5387596E+3	1.0044050E-1	-1.0508446E+6	-4.4050001E-4	4.6086694E+3	1.2876337E+2	1.2372576E+1	6.6872083E-8	-1.4953924E+6	-9.9654667E-2	-1.4902284E+6	-3.4532999E-4	-5.1640386E+3	3.2000000E+1	0.0000000E+0	0.0000000E+0	0.0000000E+0
3.4562000E+1	-1.6609600E-7	6.3999999E-1	-3.8531932E+6	1.6706311E-7	5.9857625E+5	6.3995081E-1	-3.8528970E+6	4.9200000E-5	-2.9621423E+2	1.0035440E-1	6.0069756E+5	-3.5439999E-4	-2.1213542E+3	1.2876337E+2	1.2372576E+1	2.0212180E-7	-4.9475119E+5	-9.9930517E-2	-4.9440744E+5	-6.9479996E-5	-3.4375311E+2	3.3000000E+1	0.0000000E+0	0.0000000E+0	0.0000000E+0
3.5390999E+1	-1.3901830E-7	6.6000003E-1	-4.7475765E+6	8.7873218E-8	1.1380031E+6	6.6004288E-1	-4.7478850E+6	-4.2899999E-5	3.0859247E+2	1.0024260E-1	1.1407639E+6	-2.4260000E-4	-2.7607957E+3	1.2876337E+2	1.2372576E+1	2.0194101E-7	-4.9519416E+5	-9.9954844E-2	-4.9497050E+5	-4.5159999E-5	-2.2362967E+2	3.4000000E+1	0.0000000E+0	0.0000000E+0	0.0000000E+0
3.6202999E+1	1.6242510E-7	6.8000001E-1	4.1865450E+6	2.2177940E-7	4.5089850E+5	6.8013018E-1	4.1873468E+6	-1.3020000E-4	-8.0160022E+2	1.0020950E-1	4.5184312E+5	-2.0949999E-4	-9.4463239E+2	1.2876337E+2	1.2372576E+1	1.0078320E-7	-9.9222887E+5	-1.0041380E-1	-9.9633469E+5	4.1380001E-4	4.1058433E+3	3.5000000E+1	0.0000000E+0	0.0000000E+0	0.0000000E+0
3.7280998E+1	2.3555670E-7	6.9999999E-1	2.9716838E+6	-7.3603019E-8	-1.3586399E+6	7.0009619E-1	2.9720920E+6	-9.6199998E-5	-4.0839426E+2	1.0037590E-1	-1.3637470E+6	-3.7590001E-4	5.1071274E+3	1.2876337E+2	1.2372576E+1	1.4135161E-7	-7.0745575E+5	-9.9798203E-2	-7.0602806E+5	-2.0179999E-4	-1.4276456E+3	3.6000000E+1	0.0000000E+0	0.0000000E+0	0.0000000E+0
3.9812000E+1	6.9117050E-8	7.2000003E-1	1.0417111E+7	2.2168800E-7	4.5108441E+5	7.2039503E-1	1.0422826E+7	-3.9500001E-4	-5.7149429E+3	1.0016250E-1	4.5181741E+5	-1.6250000E-4	-7.3301215E+2	1.2876337E+2	1.2371550E+1	-4.3732602E-8	2.2866238E+6	-1.0049770E-1	2.2980042E+6	4.9770001E-4	-1.1380526E+4	3.7000000E+1	0.0000000E+0	0.0000000E+0	0.0000000E+0
4.0625000E+1	1.8606541E-7	7.4000001E-1	3.9770962E+6	2.0655381E-7	4.8413537E+5	7.4025422E-1	3.9784625E+6	-2.5419999E-4	-1.3661863E+3	1.0022310E-1	4.8521547E+5	-2.2310000E-4	-1.0801060E+3	1.2876337E+2	1.2371550E+1	2.3185860E-8	-4.3129735E+6	-1.0040280E-1	-4.3303460E+6	4.0280001E-4	1.7372658E+4	3.8000000E+1	0.0000000E+0	0.0000000E+0	0.0000000E+0
4.1437000E+1	2.4378690E-7	7.5999999E-1	3.1174768E+6	-2.0217090E-7	-4.9463103E+5	7.6006722E-1	3.1177525E+6	-6.7200002E-5	-2.7565057E+2	9.9930517E-2	-4.9428734E+5	6.9479996E-5	-3.4366965E+2	1.2876337E+2	1.2371550E+1	-2.0058000E-8	4.9855420E+6	-9.9692583E-2	4.9702155E+6	-3.0742001E-4	1.5326553E+4	3.9000000E+1	0.0000000E+0	0.0000000E+0	0.0000000E+0
4.2250000E+1	-1.2009821E-7	7.7999997E-1	-6.4946850E+6	8.2389761E-8	1.2137431E+6	7.7996713E-1	-6.4944110E+6	3.2899999E-5	-2.7394250E+2	1.0025950E-1	1.2168928E+6	-2.5950000E-4	-3.1496633E+3	1.2876337E+2	1.2371550E+1	2.0762070E-7	-4.8164753E+5	-9.9892624E-2	-4.8113034E+5	-1.0738000E-4	-5.1719312E+2	4.0000000E+1	0.0000000E+0	0.0000000E+0	0.0000000E+0
4.3062000E+1	2.1578030E-7	8.0000001E-1	3.7074748E+6	6.3743762E-8	1.5687810E+6	8.0020308E-1	3.7084160E+6	-2.0310000E-4	-9.4123511E+2	9.9892139E-2	1.5670889E+6	1.0786000E-4	1.6920872E+3	1.2876337E+2	1.2371550E+1	-2.2228269E-7	4.4987756E+5	-1.0013870E-1	4.5050153E+5	1.3869999E-4	-6.2398016E+2	4.1000000E+1	0.0000000E+0	0.0000000E+0	0.0000000E+0
4.3875000E+1	-2.8586211E-8	8.1999999E-1	-2.8685160E+7	-2.1464770E-7	-4.6587966E+5	8.1985450E-1	-2.8680070E+7	1.4550000E-4	-5.0898667E+3	9.9986553E-2	-4.6581700E+5	1.3450000E-5	-6.2660816E+1	1.2876337E+2	1.2371550E+1	8.6818197E-8	-1.1518322E+6	-9.9827528E-2	-1.1498456E+6	-1.7247000E-4	-1.9865651E+3	4.2000000E+1	0.0000000E+0	0.0000000E+0	0.0000000E+0
4.6734001E+1	3.9440810E-8	8.3999997E-1	2.1297738E+7	2.1407030E-7	4.6713625E+5	8.4042919E-1	2.1308620E+7	-4.2920001E-4	-1.0882130E+4	1.0021850E-1	4.6815697E+5	-2.1850000E-4	-1.0206927E+3	1.2876337E+2	1.2370604E+1	6.3984089E-9	-1.5628885E+7	-1.0045650E-1	-1.5700231E+7	4.5650001E-4	7.1345859E+4	4.3000000E+1	0.0000000E+0	0.0000000E+0	0.0000000E+0
4.7547001E+1	3.3004650E-7	8.6000001E-1	2.6056935E+6	-9.3896013E-8	-1.0650080E+6	8.6010730E-1	2.6060185E+6	-1.0730000E-4	-3.2510571E+2	9.9952459E-2	-1.0645016E+6	4.7540001E-5	-5.0630478E+2	1.2876337E+2	1.2370604E+1	-2.2181020E-7	4.5083591E+5	-1.0009880E-1	4.5128131E+5	9.8800003E-5	-4.4542587E+2	4.4000000E+1	0.0000000E+0	0.0000000E+0	0.0000000E+0
4.8359001E+1	-3.1645978E-8	8.8000000E-1	-2.7807640E+7	2.5797590E-8	3.8763310E+6	8.7986529E-1	-2.7803382E+7	1.3470001E-4	-4.2564648E+3	1.0048630E-1	3.8951818E+6	-4.8630001E-4	-1.8850598E+4	1.2876337E+2	1.2370604E+1	2.1816030E-7	-4.5837853E+5	-9.9900007E-2	-4.5792022E+5	-9.9990000E-5	-4.5833270E+2	4.5000000E+1	0.0000000E+0	0.0000000E+0	0.0000000E+0
4.9172001E+1	2.5939050E-7	8.9999998E-1	3.4696722E+6	2.2125990E-7	4.5195719E+5	9.0053219E-1	3.4717240E+6	-5.3219998E-4	-2.0517329E+3	1.0017130E-1	4.5273137E+5	-1.7129999E-4	-7.7420264E+2	1.2876337E+2	1.2370604E+1	1.7136220E-7	-5.8355925E+5	-1.0003590E-1	-5.8376875E+5	3.5900001E-5	2.0949777E+2	4.6000000E+1	0.0000000E+0	0.0000000E+0	0.0000000E+0
4.9984001E+1	4.1939069E-7	9.2000002E-1	2.1936585E+6	-1.5330070E-7	-6.5231275E+5	9.2008650E-1	2.1938648E+6	-8.6499997E-5	-2.0625159E+2	9.9846840E-2	-6.5131369E+5	1.5316000E-4	-9.9908221E+2	1.2876337E+2	1.2370604E+1	-2.2148090E-7	4.5150619E+5	-1.0014100E-1	4.5214281E+5	1.4100000E-4	-6.3662372E+2	4.7000000E+1	0.0000000E+0	0.0000000E+0	0.0000000E+0
5.0797001E+1	1.8220889E-7	9.4000000E-1	5.1589140E+6	-2.1486930E-7	-4.6539919E+5	9.3956178E-1	5.1565090E+6	4.3819999E-4	2.4049319E+3	9.9941254E-2	-4.6512578E+5	5.8750000E-5	-2.7342203E+2	1.2876337E+2	1.2370604E+1	-1.0397840E-7	9.6173819E+5	-9.9762440E-2	9.5945350E+5	-2.3756000E-4	2.2847053E+3	4.8000000E+1	0.0000000E+0	0.0000000E+0	0.0000000E+0
5.1625000E+1	5.9103169E-8	9.5999998E-1	1.6242784E+7	6.8207441E-8	1.4661158E+6	9.5988518E-1	1.6240841E+7	1.1480000E-4	1.9423662E+3	1.0046980E-1	1.4730035E+6	-4.6980000E-4	-6.8878115E+3	1.2876337E+2	1.2370604E+1	2.0258240E-7	-4.9362631E+5	-9.9935293E-2	-4.9330687E+5	-6.4710002E-5	-3.1942557E+2	4.9000000E+1	0.0000000E+0	0.0000000E+0	0.0000000E+0
5.2437000E+1	2.1804431E-7	9.8000002E-1	4.4944995E+6	1.9581989E-7	5.1067331E+5	9.8026627E-1	4.4957210E+6	-2.6629999E-4	-1.2213114E+3	1.0028820E-1	5.1214509E+5	-2.8820001E-4	-1.4717605E+3	1.2876337E+2	1.2370604E+1	6.7151400E-9	-1.4891722E+7	-1.0043950E-1	-1.4957171E+7	4.3950000E-4	6.5449121E+4	5.0000000E+1	0.0000000E+0	0.0000000E+0	0.0000000E+0
5.3250000E+1	3.9726879E-7	1.0000000E+0	2.5171872E+6	-9.6154622E-8	-1.0399916E+6	9.9977249E-1	2.5166148E+6	2.2750000E-4	5.7266010E+2	9.9940062E-2	-1.0393682E+6	5.9940001E-5	-6.2337097E+2	1.2876337E+2	1.2370604E+1	-1.8602090E-7	5.3757400E+5	-1.0035230E-1	5.3946787E+5	3.5230001E-4	-1.8938732E+3	5.1000000E+1	0.0000000E+0	0.0000000E+0	0.0000000E+0
5.4062000E+1	1.5557271E-7	9.8000002E-1	6.2993055E+6	-1.7179531E-7	-5.8208812E+5	9.7990131E-1	6.2986715E+6	9.8700002E-5	6.3443005E+2	1.0008120E-1	-5.8256075E+5	-8.1200000E-5	4.7265555E+2	1.2876337E+2	1.2370604E+1	1.4279610E-7	-7.0029925E+5	-9.9849701E-2	-6.9924669E+5	-1.5029999E-4	-1.0525498E+3	5.2000000E+1	0.0000000E+0	0.0000000E+0	0.0000000E+0
5.4875000E+1	2.4306101E-7	9.5999998E-1	3.9496258E+6	2.0708490E-7	4.8289372E+5	9.6042949E-1	3.9513928E+6	-4.2950001E-4	-1.7670461E+3	1.0025330E-1	4.8411691E+5	-2.5330001E-4	-1.2231698E+3	1.2876337E+2	1.2370604E+1	1.7028420E-7	-5.8725356E+5	-1.0003760E-1	-5.8747437E+5	3.7599999E-5	2.2080733E+2	5.3000000E+1	0.0000000E+0	0.0000000E+0	0.0000000E+0
5.5687000E+1	3.8889939E-7	9.4000000E-1	2.4170775E+6	4.7573959E-8	2.1019902E+6	9.4035548E-1	2.4179918E+6	-3.5550000E-4	-9.1411816E+2	9.9902868E-2	2.0999485E+6	9.7130003E-5	2.0416631E+3	1.2876337E+2	1.2370604E+1	4.6555901E-9	-2.1479554E+7	-1.0048390E-1	-2.1583494E+7	4.8389999E-4	1.0393956E+5	5.4000000E+1	0.0000000E+0	0.0000000E+0	0.0000000E+0
5.8655998E+1	2.5137251E-7	9.2000002E-1	3.6599070E+6	5.5194160E-8	1.8117859E+6	9.2051542E-1	3.6619575E+6	-5.1540002E-4	-2.0503435E+3	1.0055020E-1	1.8217544E+6	-5.5020000E-4	-9.9684463E+3	1.2876337E+2	1.2369306E+1	2.0290631E-7	-4.9283831E+5	-9.9858277E-2	-4.9213987E+5	-1.4172000E-4	-6.9845044E+2	5.5000000E+1	0.0000000E+0	0.0000000E+0	0.0000000E+0
5.9484001E+1	1.2505900E-7	8.9999998E-1	7.1966030E+6	1.5831969E-7	6.3163331E+5	9.0023488E-1	7.1984815E+6	-2.3490000E-4	-1.8783135E+3	1.0033850E-1	6.3377144E+5	-3.3849999E-4	-2.1380789E+3	1.2876337E+2	1.2369306E+1	1.1389440E-7	-8.7800631E+5	-1.0035710E-1	-8.8114162E+5	3.5710001E-4	3.1353606E+3	5.6000000E+1	0.0000000E+0	0.0000000E+0	0.0000000E+0
6.0297001E+1	3.4341289E-7	8.8000000E-1	2.5625130E+6	6.6848770E-8	1.4959139E+6	8.8023603E-1	2.5632002E+6	-2.3600001E-4	-6.8721936E+2	9.9869490E-2	1.4939615E+6	1.3051000E-4	1.9523171E+3	1.2876337E+2	1.2369306E+1	-1.3613349E-7	7.3457306E+5	-1.0033350E-1	7.3702287E+5	3.3350001E-4	-2.4498010E+3	5.7000000E+1	0.0000000E+0	0.0000000E+0	0.0000000E+0
6.1109001E+1	9.9502131E-8	8.6000001E-1	8.6430310E+6	-2.1351410E-7	-4.6835316E+5	8.5970211E-1	8.6400370E+6	2.9790000E-4	2.9939058E+3	1.0000010E-1	-4.6835362E+5	-1.0000000E-7	4.6835315E-1	1.2876337E+2	1.2369306E+1	8.3960913E-8	-1.1910305E+6	-9.9873781E-2	-1.1895271E+6	-1.2621999E-4	-1.5033186E+3	5.8000000E+1	0.0000000E+0	0.0000000E+0	0.0000000E+0
6.1922001E+1	-6.2400090E-8	8.3999997E-1	-1.3461519E+7	7.3270598E-8	1.3648039E+6	8.4003621E-1	-1.3462099E+7	-3.6199999E-5	5.8012738E+2	1.0046860E-1	1.3711994E+6	-4.6859999E-4	-6.3954712E+3	1.2876337E+2	1.2369306E+1	2.0835930E-7	-4.7994019E+5	-9.9872828E-2	-4.7932984E+5	-1.2717000E-4	-6.1033990E+2	5.9000000E+1	0.0000000E+0	0.0000000E+0	0.0000000E+0
6.2734001E+1	1.1575240E-7	8.1999999E-1	7.0840865E+6	1.9950370E-7	5.0124384E+5	8.2053149E-1	7.0886780E+6	-5.3149997E-4	-4.5916973E+3	1.0028720E-1	5.0268341E+5	-2.8720000E-4	-1.4395723E+3	1.2876337E+2	1.2369306E+1	1.5818850E-7	-6.3215719E+5	-1.0009570E-1	-6.3276219E+5	9.5700001E-5	6.0497443E+2	6.0000000E+1	0.0000000E+0	0.0000000E+0	0.0000000E+0
6.3812000E+1	2.4080350E-7	8.0000001E-1	3.3222108E+6	8.6222030E-8	1.1597964E+6	8.0029309E-1	3.3234280E+6	-2.9309999E-4	-1.2171750E+3	9.9747904E-2	1.1568725E+6	2.5210000E-4	2.9238467E+3	1.2876337E+2	1.2369306E+1	-9.5895530E-8	1.0428015E+6	-1.0017370E-1	1.0446128E+6	1.7370000E-4	-1.8113462E+3	6.1000000E+1	0.0000000E+0	0.0000000E+0	0.0000000E+0
6.6359001E+1	2.4544391E-7	7.7999997E-1	3.1779155E+6	-1.2799710E-7	-7.8126769E+5	7.7997082E-1	3.1777968E+6	2.9200000E-5	1.1896812E+2	9.9861860E-2	-7.8018844E+5	1.3814001E-4	-1.0792432E+3	1.2876337E+2	1.2368846E+1	-1.5674350E-7	6.3798500E+5	-9.9944830E-2	6.3763300E+5	-5.5170000E-5	3.5197632E+2	6.2000000E+1	0.0000000E+0	0.0000000E+0	0.0000000E+0
6.7171997E+1	-8.4873932E-8	7.5999999E-1	-8.9544580E+6	-1.9028830E-7	-5.2551837E+5	7.5983608E-1	-8.9525260E+6	1.6390000E-4	-1.9310995E+3	1.0002970E-1	-5.2567444E+5	-2.9700001E-5	1.5607896E+2	1.2876337E+2	1.2368846E+1	3.8888860E-8	-2.5714305E+6	-9.9612467E-2	-2.5614655E+6	-3.8752999E-4	-9.9650645E+3	6.3000000E+1	0.0000000E+0	0.0000000E+0	0.0000000E+0
6.7984001E+1	-1.3693899E-7	7.4000001E-1	-5.4038660E+6	1.0864050E-7	9.2046706E+5	7.3990959E-1	-5.4032060E+6	9.0399997E-5	-6.6014795E+2	1.0021640E-1	9.2245894E+5	-2.1640000E-4	-1.9918906E+3	1.2876337E+2	1.2368846E+1	2.1747040E-7	-4.5983269E+5	-1.0001020E-1	-4.5987959E+5	1.0200000E-5	4.6902935E+1	6.4000000E+1	0.0000000E+0	0.0000000E+0	0.0000000E+0
6.8796997E+1	-1.4102829E-7	7.2000003E-1	-5.1053585E+6	6.2096092E-8	1.6104074E+6	7.1998042E-1	-5.1052195E+6	1.9600000E-5	-1.3897920E+2	1.0048170E-1	1.6181646E+6	-4.8170000E-4	-7.7573320E+3	1.2876337E+2	1.2368846E+1	2.0553431E-7	-4.8653681E+5	-9.9879742E-2	-4.8595169E+5	-1.2026000E-4	-5.8510913E+2	6.5000000E+1	0.0000000E+0	0.0000000E+0	0.0000000E+0
6.9625000E+1	1.1475110E-7	6.9999999E-1	6.1001595E+6	2.1598260E-7	4.6300025E+5	7.0051062E-1	6.1046090E+6	-5.1059999E-4	-4.4496304E+3	1.0018160E-1	4.6384106E+5	-1.8160000E-4	-8.4080847E+2	1.2876337E+2	1.2368846E+1	1.2382490E-7	-8.0759200E+5	-1.0034490E-1	-8.1037737E+5	3.4490001E-4	2.7853848E+3	6.6000000E+1	0.0000000E+0	0.0000000E+0	0.0000000E+0
7.0436996E+1	2.1003950E-7	6.8000001E-1	3.2374862E+6	2.2053339E-7	4.5344606E+5	6.8025362E-1	3.2386938E+6	-2.5360001E-4	-1.2073920E+3	1.0015440E-1	4.5414619E+5	-1.5440000E-4	-7.0012073E+2	1.2876337E+2	1.2368846E+1	-1.1457530E-7	8.7278844E+5	-1.0024240E-1	8.7490412E+5	2.4240000E-4	-2.1156392E+3	6.7000000E+1	0.0000000E+0	0.0000000E+0	0.0000000E+0
7.3265999E+1	2.4724201E-7	6.6000003E-1	2.6694492E+6	-3.4265671E-8	-2.9183728E+6	6.6022980E-1	2.6703788E+6	-2.2980000E-4	-9.2945374E+2	9.9700212E-2	-2.9096238E+6	2.9979000E-4	-8.7489902E+3	1.2876337E+2	1.2368046E+1	-2.1236930E-7	4.7087784E+5	-1.0025070E-1	4.7205834E+5	2.5069999E-4	-1.1804907E+3	6.8000000E+1	0.0000000E+0	0.0000000E+0	0.0000000E+0
7.4094002E+1	5.4254429E-8	6.3999999E-1	1.1796272E+7	-1.8694929E-7	-5.3490437E+5	6.3965648E-1	1.1789940E+7	3.4350000E-4	6.3312803E+3	9.9910259E-2	-5.3442437E+5	8.9740002E-5	-4.8002319E+2	1.2876337E+2	1.2368046E+1	-1.6751360E-7	5.9696644E+5	-9.9995367E-2	5.9693881E+5	-4.6300001E-6	2.7639547E+1	6.9000000E+1	0.0000000E+0	0.0000000E+0	0.0000000E+0
7.4905998E+1	-1.0159010E-7	6.2000000E-1	-6.1029570E+6	-1.9850900E-7	-5.0375550E+5	6.1982512E-1	-6.1012355E+6	1.7489999E-4	-1.7216244E+3	9.9988222E-2	-5.0369616E+5	1.1780000E-5	-5.9342396E+1	1.2876337E+2	1.2368046E+1	-7.3186243E-8	1.3663771E+6	-9.9712372E-2	1.3624470E+6	-2.8763001E-4	3.9301104E+3	7.0000000E+1	0.0000000E+0	0.0000000E+0	0.0000000E+0
7.5734001E+1	-1.9104100E-7	6.0000002E-1	-3.1406870E+6	-1.1435190E-8	-8.7449360E+6	5.9994859E-1	-3.1404180E+6	5.1399998E-5	-2.6905219E+2	1.0045390E-1	-8.7846290E+6	-4.5389999E-4	3.9693262E+4	1.2876337E+2	1.2368046E+1	2.1354739E-7	-4.6828012E+5	-1.0002280E-1	-4.6838687E+5	2.2800001E-5	1.0676787E+2	7.1000000E+1	0.0000000E+0	0.0000000E+0	0.0000000E+0
7.6546997E+1	1.9994830E-7	5.7999998E-1	2.9007498E+6	1.9112581E-7	5.2321559E+5	5.8034658E-1	2.9024832E+6	-3.4659999E-4	-1.7334481E+3	1.0011720E-1	5.2382881E+5	-1.1720000E-4	-6.1320868E+2	1.2876337E+2	1.2368046E+1	-4.6059540E-8	2.1711030E+6	-1.0053280E-1	2.1826705E+6	5.3279998E-4	-1.1567636E+4	7.2000000E+1	0.0000000E+0	0.0000000E+0	0.0000000E+0
7.7359001E+1	2.2877489E-7	5.6000000E-1	2.4478210E+6	-1.4394980E-7	-6.9468662E+5	5.6019521E-1	2.4486742E+6	-1.9520000E-4	-8.5324048E+2	9.9812031E-2	-6.9338081E+5	1.8797000E-4	-1.3058025E+3	1.2876337E+2	1.2368046E+1	-1.3483550E-7	7.4164444E+5	-9.9806547E-2	7.4020975E+5	-1.9345000E-4	1.4347112E+3	7.3000000E+1	0.0000000E+0	0.0000000E+0	0.0000000E+0
7.8171997E+1	-1.5161240E-7	5.4000002E-1	-3.5617140E+6	-1.5788260E-7	-6.3338200E+5	5.3984481E-1	-3.5606902E+6	1.5520000E-4	-1.0236630E+3	1.0019640E-1	-6.3462600E+5	-1.9640000E-4	1.2439623E+3	1.2876337E+2	1.2368046E+1	3.6095571E-10	-2.7704230E+8	-9.9653482E-2	-2.7608230E+8	-3.4652001E-4	-9.6000700E+5	7.4000000E+1	0.0000000E+0	0.0000000E+0	0.0000000E+0
7.8984001E+1	-1.9959080E-7	5.1999998E-1	-2.6053305E+6	9.1943321E-8	1.0876266E+6	5.1994920E-1	-2.6050760E+6	5.0800001E-5	-2.5452075E+2	1.0019140E-1	1.0897082E+6	-1.9140000E-4	-2.0817173E+3	1.2876337E+2	1.2368046E+1	2.0997351E-7	-4.7625056E+5	-9.9900477E-2	-4.7577662E+5	-9.9520003E-5	-4.7396457E+2	7.5000000E+1	0.0000000E+0	0.0000000E+0	0.0000000E+0
7.9796997E+1	2.0733861E-8	5.0000000E-1	2.4115144E+7	2.0326540E-7	4.9196766E+5	5.0045508E-1	2.4137092E+7	-4.5510000E-4	-2.1949604E+4	1.0031700E-1	4.9352719E+5	-3.1700000E-4	-1.5595375E+3	1.2876337E+2	1.2368046E+1	1.7113300E-7	-5.8434081E+5	-9.9995613E-2	-5.8431519E+5	-4.3900000E-6	-2.5652563E+1	7.6000000E+1	0.0000000E+0	0.0000000E+0	0.0000000E+0
8.0625000E+1	2.0083770E-7	4.7999999E-1	2.3899895E+6	-6.8374668E-8	-1.4625299E+6	4.8004651E-1	2.3902210E+6	-4.6500001E-5	-2.3153024E+2	9.9711418E-2	-1.4583094E+6	2.8857999E-4	-4.2205688E+3	1.2876337E+2	1.2368046E+1	-1.6596540E-7	6.0253525E+5	-1.0032750E-1	6.0450850E+5	3.2749999E-4	-1.9733029E+3	7.7000000E+1	0.0000000E+0	0.0000000E+0	0.0000000E+0
8.1436996E+1	-3.4530789E-8	4.6000001E-1	-1.3321444E+7	-2.1542409E-7	-4.6420062E+5	4.5959851E-1	-1.3309817E+7	4.0150000E-4	-1.1627305E+4	9.9889763E-2	-4.6368887E+5	1.1024000E-4	-5.1173477E+2	1.2876337E+2	1.2368046E+1	-3.4914360E-9	2.8641510E+7	-9.9672079E-2	2.8547590E+7	-3.2791999E-4	9.3921242E+4	7.8000000E+1	0.0000000E+0	0.0000000E+0	0.0000000E+0
8.2250000E+1	-2.0605481E-7	4.4000000E-1	-2.1353542E+6	-3.0065170E-8	-3.3261080E+6	4.3995479E-1	-2.1351350E+6	4.5199999E-5	-2.1935912E+2	1.0030480E-1	-3.3362460E+6	-3.0479999E-4	1.0137977E+4	1.2876337E+2	1.2368046E+1	6.0419552E-8	-1.6550934E+6	-1.0030100E-1	-1.6600752E+6	3.0099999E-4	4.9818311E+3	7.9000000E+1	0.0000000E+0	0.0000000E+0	0.0000000E+0
8.5186996E+1	-1.2312900E-7	4.1999999E-1	-3.4110568E+6	-1.7175100E-7	-5.8223825E+5	4.1976190E-1	-3.4091230E+6	2.3809999E-4	-1.9337443E+3	1.0004430E-1	-5.8249619E+5	-4.4299999E-5	2.5793155E+2	1.2876337E+2	1.2366812E+1	5.4449739E-8	-1.8365560E+6	-9.9603653E-2	-1.8292769E+6	-3.9634999E-4	-7.2791899E+3	8.0000000E+1	0.0000000E+0	0.0000000E+0	0.0000000E+0
8.6000000E+1	-1.2420830E-7	4.0000001E-1	-3.2203968E+6	1.2723881E-7	7.8592381E+5	4.0022680E-1	-3.2222228E+6	-2.2680000E-4	1.8259650E+3	1.0026720E-1	7.8802375E+5	-2.6720000E-4	-2.0999883E+3	1.2876337E+2	1.2366812E+1	2.0705070E-7	-4.8297350E+5	-9.9952221E-2	-4.8274272E+5	-4.7779999E-5	-2.3076474E+2	8.1000000E+1	0.0000000E+0	0.0000000E+0	0.0000000E+0
8.6828003E+1	2.2202489E-7	3.8000000E-1	1.7115198E+6	-4.8404559E-8	-2.0659210E+6	3.8020441E-1	1.7124404E+6	-2.0440000E-4	-9.2061749E+2	9.9542141E-2	-2.0564620E+6	4.5786001E-4	-9.4590264E+3	1.2876337E+2	1.2366812E+1	-1.4596201E-7	6.8510981E+5	-1.0025310E-1	6.8684381E+5	2.5310001E-4	-1.7340129E+3	8.2000000E+1	0.0000000E+0	0.0000000E+0	0.0000000E+0
8.7640999E+1	-9.0798267E-9	3.6000001E-1	-3.9648332E+7	-2.1803400E-7	-4.5864406E+5	3.5959151E-1	-3.9603344E+7	4.0850000E-4	-4.4989844E+4	1.0000630E-1	-4.5867297E+5	-6.3000002E-6	2.8894577E+1	1.2876337E+2	1.2366812E+1	-9.9454041E-8	1.0054896E+6	-9.9736691E-2	1.0028420E+6	-2.6331001E-4	2.6475547E+3	8.3000000E+1	0.0000000E+0	0.0000000E+0	0.0000000E+0
8.8453003E+1	-1.9725060E-7	3.4000000E-1	-1.7236956E+6	5.3182131E-8	1.8803309E+6	3.3992359E-1	-1.7233084E+6	7.6400000E-5	-3.8732455E+2	1.0056780E-1	1.8910074E+6	-5.6780002E-4	-1.0676519E+4	1.2876337E+2	1.2366812E+1	1.9141440E-7	-5.2242675E+5	-9.9870682E-2	-5.2175112E+5	-1.2932000E-4	-6.7560223E+2	8.4000000E+1	0.0000000E+0	0.0000000E+0	0.0000000E+0
8.9265999E+1	-2.0744849E-7	3.1999999E-1	-1.5425515E+6	-7.1672623E-8	-1.3952329E+6	3.1993061E-1	-1.5422170E+6	6.9399997E-5	-3.3454086E+2	1.0042360E-1	-1.4011431E+6	-4.2359999E-4	5.9102065E+3	1.2876337E+2	1.2366812E+1	1.7770910E-7	-5.6271737E+5	-9.9762201E-2	-5.6137925E+5	-2.3780001E-4	-1.3381420E+3	8.5000000E+1	0.0000000E+0	0.0000000E+0	0.0000000E+0
9.0344002E+1	-1.9418189E-7	3.0000001E-1	-1.5449431E+6	2.2063421E-7	4.5323887E+5	2.9994610E-1	-1.5446656E+6	5.3899999E-5	-2.7757480E+2	1.0014410E-1	4.5389200E+5	-1.4410001E-4	-6.5311725E+2	1.2876337E+2	1.2366812E+1	-3.5539760E-8	2.8137500E+6	-1.0053850E-1	2.8289020E+6	5.3850003E-4	-1.5152044E+4	8.6000000E+1	0.0000000E+0	0.0000000E+0	0.0000000E+0
9.2875000E+1	2.1816111E-7	2.8000000E-1	1.2834552E+6	-3.2645289E-8	-3.0632290E+6	2.8011110E-1	1.2839645E+6	-1.1110000E-4	-5.0925668E+2	9.9627972E-2	-3.0518330E+6	3.7202999E-4	-1.1396131E+4	1.2876337E+2	1.2365930E+1	-1.3515910E-7	7.3986881E+5	-1.0032840E-1	7.4229850E+5	3.2840000E-4	-2.4297290E+3	8.7000000E+1	0.0000000E+0	0.0000000E+0	0.0000000E+0
9.3686996E+1	-9.2374421E-8	2.5999999E-1	-2.8146320E+6	-1.6474389E-7	-6.0700275E+5	2.5991249E-1	-2.8136848E+6	8.7499997E-5	-9.4723193E+2	1.0008620E-1	-6.0752600E+5	-8.6200002E-5	5.2323639E+2	1.2876337E+2	1.2365930E+1	6.4660867E-8	-1.5465304E+6	-9.9563122E-2	-1.5397739E+6	-4.3687999E-4	-6.7564819E+3	8.8000000E+1	0.0000000E+0	0.0000000E+0	0.0000000E+0
9.4515999E+1	-1.7473590E-7	2.3999999E-1	-1.3735014E+6	9.6134727E-8	1.0402068E+6	2.4002931E-1	-1.3736691E+6	-2.9299999E-5	1.6768163E+2	1.0017250E-1	1.0420012E+6	-1.7250000E-4	-1.7943567E+3	1.2876337E+2	1.2365930E+1	1.8626631E-7	-5.3686575E+5	-9.9757433E-2	-5.3556350E+5	-2.4256999E-4	-1.3022753E+3	8.9000000E+1	0.0000000E+0	0.0000000E+0	0.0000000E+0
9.5328003E+1	-9.6748863E-8	2.2000000E-1	-2.2739285E+6	1.1778710E-7	8.4898937E+5	2.2036581E-1	-2.2777095E+6	-3.6579999E-4	3.7809231E+3	1.0023280E-1	8.5096587E+5	-2.3280000E-4	-1.9764474E+3	1.2876337E+2	1.2365930E+1	2.0130059E-7	-4.9676950E+5	-9.9831343E-2	-4.9593166E+5	-1.6866000E-4	-8.3785144E+2	9.0000000E+1	0.0000000E+0	0.0000000E+0	0.0000000E+0
9.6140999E+1	-4.3727368E-9	2.0000000E-1	-4.5737944E+7	2.0857230E-7	4.7945006E+5	2.0048980E-1	-4.5849956E+7	-4.8980000E-4	1.1201223E+5	1.0027340E-1	4.8076087E+5	-2.7339999E-4	-1.3108164E+3	1.2876337E+2	1.2365930E+1	1.8739231E-8	-5.3363985E+6	-1.0043570E-1	-5.3596490E+6	4.3570000E-4	2.3250689E+4	9.1000000E+1	0.0000000E+0	0.0000000E+0	0.0000000E+0
9.6953003E+1	1.7680929E-7	1.8000001E-1	1.0180460E+6	-1.5328850E-7	-6.5236469E+5	1.8013880E-1	1.0188310E+6	-1.3879999E-4	-7.8502655E+2	1.0024500E-1	-6.5396294E+5	-2.4500000E-4	1.5982935E+3	1.2876337E+2	1.2365930E+1	1.0187230E-7	-9.8162112E+5	-9.9902391E-2	-9.8066294E+5	-9.7609998E-5	-9.5816034E+2	9.2000000E+1	0.0000000E+0	0.0000000E+0	0.0000000E+0
9.9811996E+1	-1.9011860E-7	1.6000000E-1	-8.4157994E+5	9.8243959E-8	1.0178742E+6	1.5999050E-1	-8.4153000E+5	9.4999996E-6	-4.9968807E+1	1.0020160E-1	1.0199263E+6	-2.0160001E-4	-2.0520347E+3	1.2876337E+2	1.2365238E+1	2.0740789E-7	-4.8214172E+5	-1.0000060E-1	-4.8214459E+5	6.0000002E-7	2.8928502E+0	9.3000000E+1	0.0000000E+0	0.0000000E+0	0.0000000E+0
1.0062500E+2	1.9452780E-7	1.4000000E-1	7.1969150E+5	1.2362410E-7	8.0890375E+5	1.4024781E-1	7.2096531E+5	-2.4780000E-4	-1.2738539E+3	9.9773169E-2	8.0706894E+5	2.2683000E-4	1.8348364E+3	1.2876337E+2	1.2365238E+1	-1.7323710E-8	5.7724355E+6	-1.0045550E-1	5.7987290E+6	4.5550001E-4	-2.6293443E+4	9.4000000E+1	0.0000000E+0	0.0000000E+0	0.0000000E+0
1.0143700E+2	2.2149490E-7	1.2000000E-1	5.4177319E+5	-4.1555840E-8	-2.4064008E+6	1.2014250E-1	5.4241656E+5	-1.4249999E-4	-6.4335565E+2	9.9633463E-2	-2.3975802E+6	3.6654001E-4	-8.8204209E+3	1.2876337E+2	1.2365238E+1	-2.1594710E-7	4.6307637E+5	-1.0015650E-1	4.6380109E+5	1.5650000E-4	-7.2471454E+2	9.5000000E+1	0.0000000E+0	0.0000000E+0	0.0000000E+0
1.0225000E+2	-1.1484950E-7	1.0000000E-1	-8.7070469E+5	-2.1632650E-7	-4.6226422E+5	9.9897154E-2	-8.6980919E+5	1.0285000E-4	-8.9551978E+2	1.0000680E-1	-4.6229566E+5	-6.7999999E-6	3.1433968E+1	1.2876337E+2	1.2365238E+1	-5.0584159E-8	1.9769035E+6	-9.9858761E-2	1.9741112E+6	-1.4124000E-4	2.7921785E+3	9.6000000E+1	0.0000000E+0	0.0000000E+0	0.0000000E+0
1.0306200E+2	-8.9377643E-8	7.9999998E-2	-8.9507844E+5	2.1623340E-7	4.6246325E+5	8.0431938E-2	-8.9991119E+5	-4.3193999E-4	4.8327524E+3	1.0016940E-1	4.6324666E+5	-1.6939999E-4	-7.8341272E+2	1.2876337E+2	1.2365238E+1	1.3264319E-7	-7.5390219E+5	-1.0035040E-1	-7.5654387E+5	3.5039999E-4	2.6416733E+3	9.7000000E+1	0.0000000E+0	0.0000000E+0	0.0000000E+0
1.0387500E+2	2.2044090E-7	5.9999999E-2	2.7218178E+5	3.9005268E-8	2.5637562E+6	6.0128931E-2	2.7276666E+5	-1.2893000E-4	-5.8487329E+2	9.9892139E-2	2.5609908E+6	1.0786000E-4	2.7652673E+3	1.2876337E+2	1.2365238E+1	-1.6641459E-7	6.0090881E+5	-1.0029410E-1	6.0267606E+5	2.9410000E-4	-1.7672728E+3	9.8000000E+1	0.0000000E+0	0.0000000E+0	0.0000000E+0
1.0468700E+2	-1.6560260E-7	3.9999999E-2	-2.4154209E+5	-1.0427480E-7	-9.5900450E+5	3.9787531E-2	-2.4025909E+5	2.1247000E-4	-1.2830112E+3	1.0044190E-1	-9.6324231E+5	-4.4189999E-4	4.2378408E+3	1.2876337E+2	1.2365238E+1	1.0547690E-7	-9.4807487E+5	-9.9941254E-2	-9.4751787E+5	-5.8750000E-5	-5.5699402E+2	9.9000000E+1	0.0000000E+0	0.0000000E+0	0.0000000E+0
1.0551600E+2	-1.9956801E-7	2.0000000E-2	-1.0021647E+5	2.6679460E-8	3.7482018E+6	1.9972090E-2	-1.0007662E+5	2.7910000E-5	-1.3985208E+2	1.0046580E-1	3.7656610E+6	-4.6580000E-4	-1.7459123E+4	1.2876337E+2	1.2365238E+1	1.8725110E-7	-5.3404225E+5	-9.9832058E-2	-5.3314537E+5	-1.6794000E-4	-8.9687054E+2	1.0000000E+2	0.0000000E+0	0.0000000E+0	0.0000000E+0
1.0632800E+2	1.6623660E-7	1.0000000E-1	6.0155225E+5	1.6130311E-7	6.1995087E+5	1.0035400E-1	6.0368175E+5	-3.5399999E-4	-2.1294949E+3	1.0001400E-1	6.2003769E+5	-1.4000000E-5	-8.6793121E+1	1.2876337E+2	1.2365238E+1	-1.0472880E-7	9.5484719E+5	-1.0020040E-1	9.5676069E+5	2.0040000E-4	-1.9135138E+3	1.0100000E+2	0.0000000E+0	0.0000000E+0	0.0000000E+0
1.0714100E+2	2.0047629E-7	-2.0000000E-2	-9.9762414E+4	-7.4140303E-8	-1.3487941E+6	-1.9952299E-2	-9.9524484E+4	-4.7699999E-5	-2.3793336E+2	9.9780321E-2	-1.3458311E+6	2.1968001E-4	-2.9630310E+3	1.2876337E+2	1.2365238E+1	-2.0781280E-7	4.8120231E+5	-1.0015770E-1	4.8196116E+5	1.5769999E-4	-7.5885602E+2	1.0200000E+2	0.0000000E+0	0.0000000E+0	0.0000000E+0
1.0795300E+2	-1.9534301E-7	-3.9999999E-2	2.0476802E+5	-1.2898229E-7	-7.7530019E+5	-4.0265080E-2	2.0612502E+5	2.6507999E-4	-1.3569977E+3	1.0035900E-1	-7.7808350E+5	-3.5900000E-4	2.7833276E+3	1.2876337E+2	1.2365238E+1	9.3828362E-8	-1.0657759E+6	-9.9940538E-2	-1.0651421E+6	-5.9459999E-5	-6.3371033E+2	1.0300000E+2	0.0000000E+0	0.0000000E+0	0.0000000E+0
1.0876600E+2	-2.2056039E-7	-5.9999999E-2	2.7203431E+5	1.2204150E-7	8.1939337E+5	-6.0157780E-2	2.7274969E+5	1.5778000E-4	-7.1535962E+2	1.0020300E-1	8.2105675E+5	-2.0300000E-4	-1.6633687E+3	1.2876337E+2	1.2365238E+1	-7.7416082E-8	1.2917212E+6	-9.9783659E-2	1.2889268E+6	-2.1634001E-4	2.7945098E+3	1.0400000E+2	0.0000000E+0	0.0000000E+0	0.0000000E+0
1.1173400E+2	3.3450419E-8	-7.9999998E-2	-2.3915992E+6	2.2050780E-7	4.5349869E+5	-7.9578161E-2	-2.3789882E+6	-4.2184000E-4	-1.2610903E+4	1.0010030E-1	4.5395356E+5	-1.0030000E-4	-4.5485919E+2	1.2876337E+2	1.2363812E+1	-3.9274479E-8	2.5461828E+6	-1.0051040E-1	2.5591785E+6	5.1039999E-4	-1.2995716E+4	1.0500000E+2	0.0000000E+0	0.0000000E+0	0.0000000E+0
1.1254700E+2	1.1470130E-7	-1.0000000E-1	-8.7182969E+5	-1.0915070E-7	-9.1616456E+5	-1.0033800E-1	-8.7477650E+5	3.3800001E-4	2.9467844E+3	9.9946983E-2	-9.1567881E+5	5.3020001E-5	-4.8575043E+2	1.2876337E+2	1.2363812E+1	-2.2027260E-7	4.5398294E+5	-1.0018090E-1	4.5480419E+5	1.8090000E-4	-8.2125513E+2	1.0600000E+2	0.0000000E+0	0.0000000E+0	0.0000000E+0
1.1335900E+2	-8.8126171E-8	-1.2000000E-1	1.3616840E+6	-1.3371330E-7	-7.4786875E+5	-1.2023500E-1	1.3643506E+6	2.3500000E-4	-2.6666313E+3	1.0026480E-1	-7.4984912E+5	-2.6480001E-4	1.9803564E+3	1.2876337E+2	1.2363812E+1	1.9842700E-7	-5.0396369E+5	-9.9916220E-2	-5.0354147E+5	-8.3780003E-5	-4.2222076E+2	1.0700000E+2	0.0000000E+0	0.0000000E+0	0.0000000E+0
1.1417200E+2	3.3029661E-8	-1.4000000E-1	-4.2386145E+6	2.1520530E-7	4.6467256E+5	-1.3965030E-1	-4.2280270E+6	-3.4970001E-4	-1.0587454E+4	1.0019710E-1	4.6558844E+5	-1.9710000E-4	-9.1586963E+2	1.2876337E+2	1.2363812E+1	4.7978691E-8	-2.0842586E+6	-1.0025050E-1	-2.0894798E+6	2.5049999E-4	5.2210679E+3	1.0800000E+2	0.0000000E+0	0.0000000E+0	0.0000000E+0
1.1498400E+2	1.9864740E-7	-1.6000000E-1	-8.0544725E+5	-1.2849250E-7	-7.7825556E+5	-1.5995190E-1	-8.0520512E+5	-4.8099999E-5	-2.4213757E+2	9.9803694E-2	-7.7672775E+5	1.9630999E-4	-1.5277935E+3	1.2876337E+2	1.2363812E+1	-2.1604551E-7	4.6286547E+5	-1.0023710E-1	4.6396291E+5	2.3710000E-4	-1.0974540E+3	1.0900000E+2	0.0000000E+0	0.0000000E+0	0.0000000E+0
1.1579700E+2	-2.5748481E-8	-1.8000001E-1	6.9907040E+6	-2.1443820E-7	-4.6633481E+5	-1.8039390E-1	7.0060020E+6	3.9390000E-4	-1.5297990E+4	9.9930286E-2	-4.6600975E+5	6.9709997E-5	-3.2508200E+2	1.2876337E+2	1.2363812E+1	-1.0511860E-7	9.5130644E+5	-9.9734783E-2	9.4878337E+5	-2.6522001E-4	2.5230549E+3	1.1000000E+2	0.0000000E+0	0.0000000E+0	0.0000000E+0
1.1689100E+2	2.0812730E-7	-2.0000000E-1	-9.6095031E+5	-2.0015941E-7	-4.9960181E+5	-1.9998240E-1	-9.6086575E+5	-1.7599999E-5	-8.4563629E+1	9.9899054E-2	-4.9909747E+5	1.0095000E-4	-5.0434802E+2	1.2876337E+2	1.2363812E+1	-2.8642599E-8	3.4913032E+6	-9.9804878E-2	3.4844910E+6	-1.9512000E-4	6.8122310E+3	1.1100000E+2	0.0000000E+0	0.0000000E+0	0.0000000E+0
1.1940600E+2	-2.2254960E-7	-2.2000000E-1	9.8854369E+5	-4.1987729E-8	-2.3816482E+6	-2.2008090E-1	9.8890719E+5	8.0899998E-5	-3.6351447E+2	1.0024790E-1	-2.3875522E+6	-2.4790000E-4	5.9041060E+3	1.2876337E+2	1.2362996E+1	1.3305440E-7	-7.5157231E+5	-9.9797733E-2	-7.5005206E+5	-2.0227001E-4	-1.5202053E+3	1.1200000E+2	0.0000000E+0	0.0000000E+0	0.0000000E+0
1.2023400E+2	-1.6777490E-7	-2.3999999E-1	1.4304881E+6	1.8464220E-7	5.4158800E+5	-2.3996019E-1	1.4302509E+6	-3.9800001E-5	2.3722261E+2	1.0031580E-1	5.4329831E+5	-3.1579999E-4	-1.7103350E+3	1.2876337E+2	1.2362996E+1	3.0741379E-8	-3.2529445E+6	-1.0034490E-1	-3.2641638E+6	3.4490001E-4	1.1219405E+4	1.1300000E+2	0.0000000E+0	0.0000000E+0	0.0000000E+0
1.2104700E+2	2.1193020E-7	-2.5999999E-1	-1.2268190E+6	7.7393793E-8	1.2920934E+6	-2.5990200E-1	-1.2263566E+6	-9.7999997E-5	-4.6241641E+2	9.9751227E-2	1.2888790E+6	2.4877000E-4	3.2143406E+3	1.2876337E+2	1.2362996E+1	-5.0873609E-8	1.9656556E+6	-1.0052540E-1	1.9759832E+6	5.2539998E-4	-1.0327555E+4	1.1400000E+2	0.0000000E+0	0.0000000E+0	0.0000000E+0
1.2185900E+2	2.0313929E-7	-2.8000000E-1	-1.3783645E+6	-1.4786310E-7	-6.7630125E+5	-2.7991390E-1	-1.3779406E+6	-8.6100001E-5	-4.2384708E+2	9.9838503E-2	-6.7520900E+5	1.6149999E-4	-1.0922266E+3	1.2876337E+2	1.2362996E+1	-2.0844929E-7	4.7973297E+5	-1.0021280E-1	4.8075384E+5	2.1280001E-4	-1.0208718E+3	1.1500000E+2	0.0000000E+0	0.0000000E+0	0.0000000E+0
1.2267200E+2	-2.0967660E-7	-3.0000001E-1	1.4307749E+6	-1.2156970E-7	-8.2257337E+5	-3.0018950E-1	1.4316786E+6	1.8950000E-4	-9.0377277E+2	1.0037280E-1	-8.2563994E+5	-3.7279999E-4	3.0665537E+3	1.2876337E+2	1.2362996E+1	9.3559613E-8	-1.0688372E+6	-9.9908829E-2	-1.0678629E+6	-9.1169997E-5	-9.7445898E+2	1.1600000E+2	0.0000000E+0	0.0000000E+0	0.0000000E+0
1.2348400E+2	-1.8483000E-7	-3.1999999E-1	1.7313206E+6	2.0671550E-7	4.8375666E+5	-3.2011250E-1	1.7319294E+6	1.1250000E-4	-6.0866742E+2	1.0018440E-1	4.8464872E+5	-1.8440001E-4	-8.9204730E+2	1.2876337E+2	1.2362996E+1	-2.0578349E-7	4.8594762E+5	-1.0024860E-1	4.8715569E+5	2.4860000E-4	-1.2080658E+3	1.1700000E+2	0.0000000E+0	0.0000000E+0	0.0000000E+0
1.2632800E+2	-1.0967990E-7	-3.4000000E-1	3.0999300E+6	-2.1543080E-7	-4.6418619E+5	-3.4016109E-1	3.1013988E+6	1.6110000E-4	-1.4688197E+3	9.9977732E-2	-4.6408281E+5	2.2270000E-5	-1.0337426E+2	1.2876337E+2	1.2362512E+1	-6.2483650E-8	1.6004186E+6	-9.9814892E-2	1.5974561E+6	-1.8511000E-4	2.9625349E+3	1.1800000E+2	0.0000000E+0	0.0000000E+0	0.0000000E+0
1.2715600E+2	-2.0975700E-7	-3.6000001E-1	1.7162716E+6	-4.8201400E-8	-2.0746285E+6	-3.6016920E-1	1.7170784E+6	1.6919999E-4	-8.0664771E+2	1.0027240E-1	-2.0802799E+6	-2.7240001E-4	5.6512881E+3	1.2876337E+2	1.2362512E+1	1.1296060E-7	-8.8526444E+5	-9.9910967E-2	-8.8447625E+5	-8.9030000E-5	-7.8815094E+2	1.1900000E+2	0.0000000E+0	0.0000000E+0	0.0000000E+0
1.2796900E+2	-1.4117890E-7	-3.8000000E-1	2.6916202E+6	1.2252870E-7	8.1613531E+5	-3.7974140E-1	2.6897888E+6	-2.5859999E-4	1.8317185E+3	1.0029010E-1	8.1850294E+5	-2.9010000E-4	-2.3676086E+3	1.2876337E+2	1.2362512E+1	2.1828670E-7	-4.5811312E+5	-9.9974163E-2	-4.5799475E+5	-2.5840000E-5	-1.1837643E+2	1.2000000E+2	0.0000000E+0	0.0000000E+0	0.0000000E+0
1.2878101E+2	2.8387261E-8	-4.0000001E-1	-1.4090828E+7	1.9019410E-7	5.2577869E+5	-3.9956570E-1	-1.4075529E+7	-4.3429999E-4	-1.5299116E+4	1.0041900E-1	5.2798169E+5	-4.1899999E-4	-2.2030127E+3	1.2876337E+2	1.2362512E+1	1.8956770E-7	-5.2751600E+5	-9.9953167E-2	-5.2726900E+5	-4.6829999E-5	-2.4703575E+2	1.2100000E+2	0.0000000E+0	0.0000000E+0	0.0000000E+0
1.2960899E+2	1.3276890E-7	-4.1999999E-1	-3.1633915E+6	7.7977568E-8	1.2824200E+6	-4.1977501E-1	-3.1616968E+6	-2.2500000E-4	-1.6946740E+3	9.9770553E-2	1.2794775E+6	2.2945000E-4	2.9425129E+3	1.2876337E+2	1.2362512E+1	-1.4669151E-7	6.8170275E+5	-1.0032340E-1	6.8390737E+5	3.2339999E-4	-2.2046267E+3	1.2200000E+2	0.0000000E+0	0.0000000E+0	0.0000000E+0
1.3042200E+2	4.3068891E-8	-4.4000000E-1	-1.0216191E+7	-1.6260699E-7	-6.1497969E+5	-4.4020149E-1	-1.0220869E+7	2.0150001E-4	4.6785513E+3	9.9815853E-2	-6.1384719E+5	1.8415001E-4	-1.1324851E+3	1.2876337E+2	1.2362512E+1	-1.9775140E-7	5.0568541E+5	-1.0017440E-1	5.0656734E+5	1.7440000E-4	-8.8191534E+2	1.2300000E+2	0.0000000E+0	0.0000000E+0	0.0000000E+0
1.3123399E+2	5.3042410E-8	-4.6000001E-1	-8.6723060E+6	-2.1846419E-7	-4.5774091E+5	-4.6027681E-1	-8.6775240E+6	2.7680001E-4	5.2184658E+3	9.9960573E-2	-4.5756041E+5	3.9430000E-5	-1.8048724E+2	1.2876337E+2	1.2362512E+1	-1.0785570E-7	9.2716475E+5	-9.9636316E-2	9.2379281E+5	-3.6368001E-4	3.3719126E+3	1.2400000E+2	0.0000000E+0	0.0000000E+0	0.0000000E+0
1.3204700E+2	-2.2552599E-7	-4.7999999E-1	2.1283578E+6	-6.8210063E-8	-1.4660594E+6	-4.8010609E-1	2.1288282E+6	1.0610000E-4	-4.7045575E+2	1.0034750E-1	-1.4711540E+6	-3.4750000E-4	5.0945566E+3	1.2876337E+2	1.2362512E+1	1.5806459E-7	-6.3265275E+5	-9.9711657E-2	-6.3082856E+5	-2.8834000E-4	-1.8241909E+3	1.2500000E+2	0.0000000E+0	0.0000000E+0	0.0000000E+0
1.3285899E+2	9.3990252E-8	-5.0000000E-1	-5.3197005E+6	2.1103240E-7	4.7386087E+5	-4.9994829E-1	-5.3191505E+6	-5.1700001E-5	-5.5005707E+2	1.0019230E-1	4.7477212E+5	-1.9229999E-4	-9.1123450E+2	1.2876337E+2	1.2362512E+1	1.3157400E-7	-7.6002856E+5	-1.0035320E-1	-7.6271300E+5	3.5320001E-4	2.6844209E+3	1.2600000E+2	0.0000000E+0	0.0000000E+0	0.0000000E+0
1.3368700E+2	2.0327960E-7	-5.1999998E-1	-2.5580530E+6	4.7122061E-8	2.1221482E+6	-5.1983738E-1	-2.5572532E+6	-1.6260000E-4	-7.9988348E+2	9.9851847E-2	2.1190042E+6	1.4814999E-4	3.1439626E+3	1.2876337E+2	1.2362512E+1	-2.1305020E-7	4.6937294E+5	-1.0021470E-1	4.7038069E+5	2.1470001E-4	-1.0077437E+3	1.2700000E+2	0.0000000E+0	0.0000000E+0	0.0000000E+0
1.3450000E+2	2.0379700E-7	-5.4000002E-1	-2.6496955E+6	-5.4408251E-9	-1.8379566E+7	-5.3995538E-1	-2.6494768E+6	-4.4600001E-5	-2.1884523E+2	9.9715471E-2	-1.8327270E+7	2.8452999E-4	-5.2295379E+4	1.2876337E+2	1.2362512E+1	-1.6712170E-7	5.9836631E+5	-1.0035470E-1	6.0048875E+5	3.5469999E-4	-2.1224055E+3	1.2800000E+2	0.0000000E+0	0.0000000E+0	0.0000000E+0
1.3531200E+2	3.9957508E-9	-5.6000000E-1	-1.4014888E+8	-2.1097649E-7	-4.7398644E+5	-5.6050611E-1	-1.4027554E+8	5.0610001E-4	1.2665955E+5	9.9948414E-2	-4.7374191E+5	5.1589999E-5	-2.4452960E+2	1.2876337E+2	1.2362512E+1	1.9072370E-7	-5.2431869E+5	-1.0007050E-1	-5.2468831E+5	7.0499998E-5	3.6964468E+2	1.2900000E+2	0.0000000E+0	0.0000000E+0	0.0000000E+0
1.3826601E+2	-1.2164750E-7	-5.7999998E-1	4.7678745E+6	1.2084681E-7	8.2749400E+5	-5.7976872E-1	4.7659730E+6	-2.3130000E-4	1.9013954E+3	1.0023740E-1	8.2945844E+5	-2.3740000E-4	-1.9644707E+3	1.2876337E+2	1.2361128E+1	1.1523670E-7	-8.6777912E+5	-1.0041670E-1	-8.7139512E+5	4.1670000E-4	3.6160354E+3	1.3000000E+2	0.0000000E+0	0.0000000E+0	0.0000000E+0
1.3907800E+2	2.0867630E-7	-6.0000002E-1	-2.8752665E+6	-2.9049600E-8	-3.4423882E+6	-5.9996819E-1	-2.8751142E+6	-3.1799998E-5	-1.5238913E+2	9.9618427E-2	-3.4292530E+6	3.8156999E-4	-1.3135121E+4	1.2876337E+2	1.2361128E+1	-1.9775250E-7	5.0568259E+5	-1.0017870E-1	5.0658625E+5	1.7869999E-4	-9.0365485E+2	1.3100000E+2	0.0000000E+0	0.0000000E+0	0.0000000E+0
1.3990601E+2	6.2427723E-8	-6.2000000E-1	-9.9314860E+6	-2.1885880E-7	-4.5691559E+5	-6.2032408E-1	-9.9366770E+6	3.2409999E-4	5.1916040E+3	1.0001130E-1	-4.5696722E+5	-1.1300000E-5	5.1631462E+1	1.2876337E+2	1.2361128E+1	9.4184202E-8	-1.0617492E+6	-9.9984407E-2	-1.0615836E+6	-1.5590000E-5	-1.6552670E+2	1.3200000E+2	0.0000000E+0	0.0000000E+0	0.0000000E+0
1.4071899E+2	-1.1801640E-7	-6.3999999E-1	5.4229750E+6	-2.1230881E-7	-4.7101203E+5	-6.4018559E-1	5.4245480E+6	1.8560000E-4	-1.5726628E+3	9.9904783E-2	-4.7056353E+5	9.5219999E-5	-4.4849765E+2	1.2876337E+2	1.2361128E+1	-2.7439571E-8	3.6443720E+6	-9.9771500E-2	3.6360445E+6	-2.2849999E-4	8.3273896E+3	1.3300000E+2	0.0000000E+0	0.0000000E+0	0.0000000E+0
1.4153101E+2	-2.0240620E-7	-6.6000003E-1	3.2607698E+6	-1.4416121E-7	-6.9366794E+5	-6.6028237E-1	3.2621650E+6	2.8240000E-4	-1.3952142E+3	1.0024360E-1	-6.9535769E+5	-2.4360001E-4	1.6897750E+3	1.2876337E+2	1.2361128E+1	4.9859981E-8	-2.0056165E+6	-9.9570990E-2	-1.9970122E+6	-4.2900999E-4	-8.6042959E+3	1.3400000E+2	0.0000000E+0	0.0000000E+0	0.0000000E+0
1.4235899E+2	-2.2307211E-7	-6.8000001E-1	3.0483418E+6	2.6448790E-8	3.7808912E+6	-6.8014359E-1	3.0489855E+6	1.4360000E-4	-6.4373804E+2	1.0050030E-1	3.7998070E+6	-5.0030003E-4	-1.8915799E+4	1.2876337E+2	1.2361128E+1	2.1156190E-7	-4.7267491E+5	-1.0000060E-1	-4.7267775E+5	6.0000002E-7	2.8360493E+0	1.3500000E+2	0.0000000E+0	0.0000000E+0	0.0000000E+0
1.4342200E+2	9.8171199E-8	-6.9999999E-1	-7.1304010E+6	-1.4177149E-7	-7.0536037E+5	-7.0033312E-1	-7.1337940E+6	3.3310000E-4	3.3930522E+3	9.9818468E-2	-7.0407994E+5	1.8153001E-4	-1.2804407E+3	1.2876337E+2	1.2361128E+1	-1.4484360E-7	6.9039987E+5	-9.9834919E-2	6.8926012E+5	-1.6508000E-4	1.1397120E+3	1.3600000E+2	0.0000000E+0	0.0000000E+0	0.0000000E+0
1.4595300E+2	1.3971690E-7	-7.2000003E-1	-5.1532780E+6	-1.4422720E-7	-6.9335050E+5	-7.2022319E-1	-5.1548755E+6	2.2320000E-4	1.5975161E+3	9.9831581E-2	-6.9218275E+5	1.6842000E-4	-1.1677408E+3	1.2876337E+2	1.2360440E+1	-2.2037911E-7	4.5376353E+5	-1.0013290E-1	4.5436659E+5	1.3289999E-4	-6.0305176E+2	1.3700000E+2	0.0000000E+0	0.0000000E+0	0.0000000E+0
1.4678101E+2	-2.0569510E-7	-7.4000001E-1	3.5975578E+6	3.3989981E-8	2.9420435E+6	-7.4022961E-1	3.5986740E+6	2.2960000E-4	-1.1162152E+3	1.0038730E-1	2.9534380E+6	-3.8730001E-4	-1.1394534E+4	1.2876337E+2	1.2360440E+1	1.9755980E-7	-5.0617584E+5	-9.9975348E-2	-5.0605109E+5	-2.4650000E-5	-1.2477235E+2	1.3800000E+2	0.0000000E+0	0.0000000E+0	0.0000000E+0
1.4759399E+2	9.9639692E-8	-7.5999999E-1	-7.6274825E+6	2.1533489E-7	4.6439291E+5	-7.5983411E-1	-7.6258175E+6	-1.6590000E-4	-1.6649991E+3	1.0011600E-1	4.6493159E+5	-1.1600000E-4	-5.3869580E+2	1.2876337E+2	1.2360440E+1	3.7078049E-8	-2.6970135E+6	-1.0037110E-1	-2.7070220E+6	3.7110000E-4	1.0008617E+4	1.3900000E+2	0.0000000E+0	0.0000000E+0	0.0000000E+0
1.4840601E+2	1.8681460E-7	-7.7999997E-1	-4.1752625E+6	1.2683419E-7	7.8843087E+5	-7.7986377E-1	-4.1745335E+6	-1.3620000E-4	-7.2906506E+2	9.9791773E-2	7.8678912E+5	2.0823001E-4	1.6417496E+3	1.2876337E+2	1.2360440E+1	-2.9168630E-9	3.4283408E+7	-1.0042050E-1	3.4427568E+7	4.2050000E-4	-1.4416172E+5	1.4000000E+2	0.0000000E+0	0.0000000E+0	0.0000000E+0
1.4921899E+2	1.4638670E-7	-8.0000001E-1	-5.4649775E+6	-9.1834067E-8	-1.0889205E+6	-8.0010599E-1	-5.4657015E+6	1.0600000E-4	7.2410950E+2	9.9999674E-2	-1.0889169E+6	3.3000001E-7	-3.5934377E+0	1.2876337E+2	1.2360440E+1	-1.9905100E-7	5.0238381E+5	-1.0011740E-1	5.0297362E+5	1.1740000E-4	-5.8979858E+2	1.4100000E+2	0.0000000E+0	0.0000000E+0	0.0000000E+0
1.5003101E+2	-2.3082910E-7	-8.1999999E-1	3.5524118E+6	6.2335403E-8	1.6042249E+6	-8.2026100E-1	3.5535425E+6	2.6100001E-4	-1.1307067E+3	9.9871159E-2	1.6021580E+6	1.2883999E-4	2.0668833E+3	1.2876337E+2	1.2360440E+1	-1.6182889E-7	6.1793662E+5	-1.0001750E-1	6.1804475E+5	1.7500000E-5	-1.0813891E+2	1.4200000E+2	0.0000000E+0	0.0000000E+0	0.0000000E+0
1.5287500E+2	-1.8637320E-7	-8.3999997E-1	4.5070860E+6	-1.7489950E-7	-5.7175694E+5	-8.4037918E-1	4.5091205E+6	3.7920001E-4	-2.0346273E+3	1.0002450E-1	-5.7189700E+5	-2.4499999E-5	1.4008044E+2	1.2876337E+2	1.2359618E+1	8.8974957E-8	-1.1239118E+6	-9.9913120E-2	-1.1229352E+6	-8.6879998E-5	-9.7645453E+2	1.4300000E+2	0.0000000E+0	0.0000000E+0	0.0000000E+0
1.5368700E+2	-1.1843160E-7	-8.6000001E-1	7.2615755E+6	2.0214959E-7	4.9468316E+5	-8.5972810E-1	7.2592795E+6	-2.7190000E-4	2.2958398E+3	1.0027460E-1	4.9604153E+5	-2.7460000E-4	-1.3583999E+3	1.2876337E+2	1.2359618E+1	1.5421929E-7	-6.4842725E+5	-1.0013390E-1	-6.4929550E+5	1.3390000E-4	8.6824414E+2	1.4400000E+2	0.0000000E+0	0.0000000E+0	0.0000000E+0
1.5450000E+2	1.9854581E-7	-8.8000000E-1	-4.4322265E+6	1.1746920E-8	8.5128700E+6	-8.8002372E-1	-4.4323460E+6	2.3700000E-5	1.1936793E+2	9.9645607E-2	8.4827010E+6	3.5439001E-4	3.0168760E+4	1.2876337E+2	1.2359618E+1	-1.6981291E-7	5.8888344E+5	-1.0033440E-1	5.9085262E+5	3.3440001E-4	-1.9692261E+3	1.4500000E+2	0.0000000E+0	0.0000000E+0	0.0000000E+0
1.5532800E+2	1.1850260E-7	-8.9999998E-1	-7.5947700E+6	-1.5228871E-7	-6.5664756E+5	-9.0028793E-1	-7.5971995E+6	2.8790001E-4	2.4294827E+3	9.9783182E-2	-6.5522381E+5	2.1682000E-4	-1.4237432E+3	1.2876337E+2	1.2359618E+1	-2.1116520E-7	4.7356287E+5	-1.0017320E-1	4.7438309E+5	1.7319999E-4	-8.2021088E+2	1.4600000E+2	0.0000000E+0	0.0000000E+0	0.0000000E+0
1.5614101E+2	-2.4627249E-7	-9.2000002E-1	3.7356992E+6	-1.6877910E-7	-5.9249044E+5	-9.2038202E-1	3.7372505E+6	3.8200000E-4	-1.5511273E+3	1.0009340E-1	-5.9304381E+5	-9.3399998E-5	5.5338605E+2	1.2876337E+2	1.2359618E+1	6.6886400E-8	-1.4950722E+6	-9.9643230E-2	-1.4897382E+6	-3.5677000E-4	-5.3339692E+3	1.4700000E+2	0.0000000E+0	0.0000000E+0	0.0000000E+0
1.5695300E+2	-1.9654610E-7	-9.4000000E-1	4.7825930E+6	1.0272860E-7	9.7343875E+5	-9.4003248E-1	4.7827585E+6	3.2500000E-5	-1.6535561E+2	1.0018210E-1	9.7521137E+5	-1.8210000E-4	-1.7726320E+3	1.2876337E+2	1.2359618E+1	2.1291849E-7	-4.6966328E+5	-9.9906214E-2	-4.6922278E+5	-9.3789997E-5	-4.4049719E+2	1.4800000E+2	0.0000000E+0	0.0000000E+0	0.0000000E+0
1.5776601E+2	-4.7521098E-9	-9.5999998E-1	2.0201552E+8	1.6504160E-7	6.0590787E+5	-9.5962882E-1	2.0193741E+8	-3.7120000E-4	7.8112672E+4	1.0004590E-1	6.0618594E+5	-4.5900000E-5	-2.7811169E+2	1.2876337E+2	1.2359618E+1	-1.7553690E-7	5.6968081E+5	-1.0033580E-1	5.7159375E+5	3.3580000E-4	-1.9129880E+3	1.4900000E+2	0.0000000E+0	0.0000000E+0	0.0000000E+0
1.5857800E+2	1.9048311E-7	-9.8000002E-1	-5.1448135E+6	-2.2286031E-8	-4.4871160E+6	-9.7999001E-1	-5.1447610E+6	-9.9999997E-6	-5.2498096E+1	9.9695921E-2	-4.4734715E+6	3.0407999E-4	-1.3644422E+4	1.2876337E+2	1.2359618E+1	-1.7149320E-7	5.8311350E+5	-1.0031510E-1	5.8495087E+5	3.1510001E-4	-1.8373906E+3	1.5000000E+2	0.0000000E+0	0.0000000E+0	0.0000000E+0
1.5940601E+2	-1.5528281E-7	-1.0000000E+0	6.4398635E+6	-2.9211950E-8	-3.4232565E+6	-1.0002190E+0	6.4412735E+6	2.1899999E-4	-1.4103301E+3	1.0032440E-1	-3.4343615E+6	-3.2440000E-4	1.1105044E+4	1.2876337E+2	1.2359618E+1	2.1534520E-7	-4.6437069E+5	-1.0003900E-1	-4.6455181E+5	3.8999999E-5	1.8110457E+2	1.5100000E+2	0.0000000E+0	0.0000000E+0	0.0000000E+0
1.6020300E+2	1.6602129E-7	-9.8000002E-1	-5.9028570E+6	8.1748112E-8	1.2232699E+6	-9.7987562E-1	-5.9021075E+6	-1.2440000E-4	-7.4930145E+2	9.9738121E-2	1.2200664E+6	2.6187999E-4	3.2034990E+3	1.2876337E+2	1.2359618E+1	-1.3512449E-7	7.4005825E+5	-1.0029290E-1	7.4222587E+5	2.9289999E-4	-2.1676306E+3	1.5200000E+2	0.0000000E+0	0.0000000E+0	0.0000000E+0
1.6103101E+2	-2.3366169E-8	-9.5999998E-1	4.1085040E+7	-2.1515760E-7	-4.6477559E+5	-9.6042007E-1	4.1103016E+7	4.2010000E-4	-1.7978984E+4	1.0001280E-1	-4.6483509E+5	-1.2800000E-5	5.9491276E+1	1.2876337E+2	1.2359618E+1	7.1445363E-8	-1.3996710E+6	-9.9677563E-2	-1.3951579E+6	-3.2244000E-4	-4.5130991E+3	1.5300000E+2	0.0000000E+0	0.0000000E+0	0.0000000E+0
1.6184399E+2	-1.7776880E-7	-9.4000000E-1	5.2877670E+6	1.1329780E-7	8.8262969E+5	-9.3992901E-1	5.2873675E+6	-7.1000002E-5	3.9939517E+2	1.0021520E-1	8.8452906E+5	-2.1519999E-4	-1.8994191E+3	1.2876337E+2	1.2359618E+1	2.0117750E-7	-4.9707347E+5	-9.9870682E-2	-4.9643066E+5	-1.2932000E-4	-6.4281543E+2	1.5400000E+2	0.0000000E+0	0.0000000E+0	0.0000000E+0
1.6479700E+2	-2.1628971E-7	-9.2000002E-1	4.2535545E+6	8.0570317E-8	1.2411519E+6	-9.2012930E-1	4.2541520E+6	1.2930000E-4	-5.9780933E+2	1.0039690E-1	1.2460780E+6	-3.9690000E-4	-4.9261318E+3	1.2876337E+2	1.2358696E+1	2.0481910E-7	-4.8823572E+5	-9.9908829E-2	-4.8779059E+5	-9.1169997E-5	-4.4512451E+2	1.5500000E+2	0.0000000E+0	0.0000000E+0	0.0000000E+0
1.6560899E+2	1.3996330E-7	-8.9999998E-1	-6.4302570E+6	2.1695470E-7	4.6092572E+5	-8.9981598E-1	-6.4289425E+6	-1.8400000E-4	-1.3146304E+3	1.0010430E-1	4.6140647E+5	-1.0430000E-4	-4.8074551E+2	1.2876337E+2	1.2358696E+1	5.6465069E-8	-1.7710064E+6	-1.0028650E-1	-1.7760804E+6	2.8650000E-4	5.0739331E+3	1.5600000E+2	0.0000000E+0	0.0000000E+0	0.0000000E+0
1.6643700E+2	1.9503760E-7	-8.8000000E-1	-4.5119505E+6	2.4573859E-8	4.0693648E+6	-8.8008708E-1	-4.5123970E+6	8.7100001E-5	4.4658057E+2	9.9738121E-2	4.0587080E+6	2.6187999E-4	1.0656853E+4	1.2876337E+2	1.2358696E+1	-1.5150000E-7	6.6006600E+5	-1.0025600E-1	6.6175575E+5	2.5600000E-4	-1.6897689E+3	1.5700000E+2	0.0000000E+0	0.0000000E+0	0.0000000E+0
1.6725000E+2	1.2414010E-7	-8.6000001E-1	-6.9276565E+6	-1.3803670E-7	-7.2444500E+5	-8.6025739E-1	-6.9297300E+6	2.5740001E-4	2.0734639E+3	9.9817038E-2	-7.2311956E+5	1.8295999E-4	-1.3254446E+3	1.2876337E+2	1.2358696E+1	-2.1683560E-7	4.6117887E+5	-1.0017230E-1	4.6197350E+5	1.7230000E-4	-7.9461121E+2	1.5800000E+2	0.0000000E+0	0.0000000E+0	0.0000000E+0
1.6806200E+2	-2.7068840E-8	-8.3999997E-1	3.1031992E+7	-2.0542279E-7	-4.8680087E+5	-8.4046942E-1	3.1049332E+7	4.6939999E-4	-1.7340973E+4	9.9919803E-2	-4.8641047E+5	8.0200000E-5	-3.9041431E+2	1.2876337E+2	1.2358696E+1	-1.0423210E-7	9.5939737E+5	-9.9734537E-2	9.5685050E+5	-2.6546000E-4	2.5468162E+3	1.5900000E+2	0.0000000E+0	0.0000000E+0	0.0000000E+0
1.6887500E+2	3.0447609E-8	-8.1999999E-1	-2.6931506E+7	-1.6219791E-7	-6.1653081E+5	-8.2023102E-1	-2.6939094E+7	2.3100000E-4	7.5868022E+3	9.9823713E-2	-6.1544394E+5	1.7629001E-4	-1.0868821E+3	1.2876337E+2	1.2358696E+1	-2.1547480E-7	4.6409141E+5	-1.0020330E-1	4.6503487E+5	2.0330001E-4	-9.4349780E+2	1.6000000E+2	0.0000000E+0	0.0000000E+0	0.0000000E+0
1.6995300E+2	-7.7729062E-8	-8.0000001E-1	1.0292161E+7	1.3702710E-7	7.2978262E+5	-7.9980731E-1	1.0289682E+7	-1.9270000E-4	2.4791243E+3	9.9836588E-2	7.2859012E+5	1.6341000E-4	1.1925378E+3	1.2876337E+2	1.2358696E+1	-9.7416887E-8	1.0265161E+6	-1.0018990E-1	1.0284654E+6	1.8990001E-4	-1.9493540E+3	1.6100000E+2	0.0000000E+0	0.0000000E+0	0.0000000E+0
1.7248399E+2	1.6185170E-7	-7.7999997E-1	-4.8192265E+6	-9.4019470E-8	-1.0636095E+6	-7.7999711E-1	-4.8192085E+6	-2.9000000E-6	-1.7917637E+1	9.9954844E-2	-1.0631291E+6	4.5159999E-5	-4.8032605E+2	1.2876337E+2	1.2357880E+1	-2.2216240E-7	4.5012119E+5	-1.0011360E-1	4.5063250E+5	1.1360000E-4	-5.1133765E+2	1.6200000E+2	0.0000000E+0	0.0000000E+0	0.0000000E+0
1.7329700E+2	1.6873101E-7	-7.5999999E-1	-4.5042110E+6	-7.8860580E-8	-1.2680606E+6	-7.6000518E-1	-4.5042415E+6	5.2000000E-6	3.0818285E+1	9.9865437E-2	-1.2663544E+6	1.3456000E-4	-1.7063025E+3	1.2876337E+2	1.2357880E+1	-2.1192680E-7	4.7186103E+5	-1.0020800E-1	4.7284250E+5	2.0800000E-4	-9.8147095E+2	1.6300000E+2	0.0000000E+0	0.0000000E+0	0.0000000E+0
1.7412500E+2	-1.1507770E-7	-7.4000001E-1	6.4304380E+6	-2.1826330E-7	-4.5816222E+5	-7.4023682E-1	6.4324955E+6	2.3680000E-4	-2.0577402E+3	9.9969387E-2	-4.5802200E+5	3.0610001E-5	-1.4024345E+2	1.2876337E+2	1.2357880E+1	-1.0436120E-7	9.5821050E+5	-9.9716663E-2	9.5549550E+5	-2.8333999E-4	2.7149937E+3	1.6400000E+2	0.0000000E+0	0.0000000E+0	0.0000000E+0
1.7493700E+2	-2.2741210E-7	-7.2000003E-1	3.1660585E+6	1.0947260E-7	9.1347056E+5	-7.2011417E-1	3.1665605E+6	1.1420000E-4	-5.0217206E+2	1.0016130E-1	9.1494400E+5	-1.6130001E-4	-1.4734281E+3	1.2876337E+2	1.2357880E+1	1.9504670E-7	-5.1269772E+5	-9.9829666E-2	-5.1182444E+5	-1.7032999E-4	-8.7327802E+2	1.6500000E+2	0.0000000E+0	0.0000000E+0	0.0000000E+0
1.7575000E+2	-1.8569610E-9	-6.9999999E-1	3.7696000E+8	2.0027140E-7	4.9932241E+5	-6.9962603E-1	3.7675859E+8	-3.7400000E-4	2.0140434E+5	1.0026980E-1	5.0066959E+5	-2.6979999E-4	-1.3471719E+3	1.2876337E+2	1.2357880E+1	1.6485880E-7	-6.0657969E+5	-1.0006050E-1	-6.0694669E+5	6.0499999E-5	3.6698071E+2	1.6600000E+2	0.0000000E+0	0.0000000E+0	0.0000000E+0
1.7657800E+2	1.2216719E-7	-6.8000001E-1	-5.5661420E+6	1.7353319E-7	5.7625862E+5	-6.7978740E-1	-5.5644020E+6	-2.1260000E-4	-1.7402379E+3	1.0029840E-1	5.7797819E+5	-2.9840000E-4	-1.7195557E+3	1.2876337E+2	1.2357880E+1	1.3103320E-7	-7.6316537E+5	-1.0027170E-1	-7.6523887E+5	2.7170000E-4	2.0735203E+3	1.6700000E+2	0.0000000E+0	0.0000000E+0	0.0000000E+0
1.7940601E+2	2.0078870E-7	-6.6000003E-1	-3.2870375E+6	9.4478878E-8	1.0584376E+6	-6.5985441E-1	-3.2863125E+6	-1.4560000E-4	-7.2514038E+2	9.9745512E-2	1.0557440E+6	2.5449001E-4	2.6936179E+3	1.2876337E+2	1.2356978E+1	-1.1501310E-7	8.6946619E+5	-1.0023590E-1	8.7151725E+5	2.3590001E-4	-2.0510708E+3	1.6800000E+2	0.0000000E+0	0.0000000E+0	0.0000000E+0
1.8023399E+2	2.4278510E-8	-6.3999999E-1	-2.6360762E+7	-1.9748759E-7	-5.0636091E+5	-6.4027762E-1	-2.6372194E+7	2.7759999E-4	1.1433980E+4	9.9901907E-2	-5.0586422E+5	9.8090000E-5	-4.9668942E+2	1.2876337E+2	1.2356978E+1	-4.1734889E-8	2.3960768E+6	-9.9860430E-2	2.3927325E+6	-1.3956999E-4	3.3442043E+3	1.6900000E+2	0.0000000E+0	0.0000000E+0	0.0000000E+0
1.8104700E+2	-2.2029620E-7	-6.2000000E-1	2.8143925E+6	2.5222560E-9	3.9647048E+7	-6.2022591E-1	2.8154180E+6	2.2590000E-4	-1.0254376E+3	1.0048220E-1	3.9838224E+7	-4.8220000E-4	-1.9117806E+5	1.2876337E+2	1.2356978E+1	1.7323519E-7	-5.7724987E+5	-9.9773653E-2	-5.7594331E+5	-2.2635001E-4	-1.3066051E+3	1.7000000E+2	0.0000000E+0	0.0000000E+0	0.0000000E+0
1.8185899E+2	-1.2277179E-7	-6.0000002E-1	4.8871160E+6	2.2049360E-7	4.5352791E+5	-5.9974033E-1	4.8850005E+6	-2.5970000E-4	2.1153066E+3	1.0018560E-1	4.5436966E+5	-1.8560000E-4	-8.4174780E+2	1.2876337E+2	1.2356978E+1	1.0258900E-7	-9.7476337E+5	-1.0039110E-1	-9.7857569E+5	3.9110001E-4	3.8122996E+3	1.7100000E+2	0.0000000E+0	0.0000000E+0	0.0000000E+0
1.8267200E+2	-8.8622642E-8	-5.7999998E-1	6.5446030E+6	1.5281719E-7	6.5437662E+5	-5.7969379E-1	6.5411480E+6	-3.0620000E-4	3.4550991E+3	1.0029390E-1	6.5629981E+5	-2.9390000E-4	-1.9232129E+3	1.2876337E+2	1.2356978E+1	2.1000290E-7	-4.7618391E+5	-1.0000300E-1	-4.7619819E+5	3.0000001E-6	1.4285517E+1	1.7200000E+2	0.0000000E+0	0.0000000E+0	0.0000000E+0
1.8350000E+2	1.7136270E-7	-5.6000000E-1	-3.2679222E+6	1.7733559E-7	5.6390256E+5	-5.5981278E-1	-3.2668300E+6	-1.8720000E-4	-1.0924198E+3	1.0009910E-1	5.6446137E+5	-9.9099998E-5	-5.5882745E+2	1.2876337E+2	1.2356978E+1	-5.3097320E-8	1.8833342E+6	-1.0055280E-1	1.8937452E+6	5.5280002E-4	-1.0411071E+4	1.7300000E+2	0.0000000E+0	0.0000000E+0	0.0000000E+0
1.8431200E+2	1.9357979E-7	-5.4000002E-1	-2.7895472E+6	-2.4763381E-8	-4.0382210E+6	-5.3996593E-1	-2.7893710E+6	-3.4100001E-5	-1.7615474E+2	9.9689007E-2	-4.0256625E+6	3.1099000E-4	-1.2558463E+4	1.2876337E+2	1.2356978E+1	-2.2286450E-7	4.4870312E+5	-1.0012870E-1	4.4928062E+5	1.2870001E-4	-5.7748096E+2	1.7400000E+2	0.0000000E+0	0.0000000E+0	0.0000000E+0
1.8512500E+2	-3.5401850E-8	-5.1999998E-1	1.4688498E+7	-2.0528250E-7	-4.8713359E+5	-5.2044988E-1	1.4701206E+7	4.4989999E-4	-1.2708375E+4	9.9865198E-2	-4.8647694E+5	1.3479999E-4	-6.5665607E+2	1.2876337E+2	1.2356978E+1	-2.0668230E-7	4.8383437E+5	-1.0019180E-1	4.8476237E+5	1.9180001E-4	-9.2799432E+2	1.7500000E+2	0.0000000E+0	0.0000000E+0	0.0000000E+0
1.8593700E+2	-2.2766980E-7	-5.0000000E-1	2.1961630E+6	1.1828340E-7	8.4542719E+5	-5.0008440E-1	2.1965338E+6	8.4400002E-5	-3.7071231E+2	1.0021970E-1	8.4728456E+5	-2.1970000E-4	-1.8574034E+3	1.2876337E+2	1.2356978E+1	2.1038400E-7	-4.7532131E+5	-9.9949121E-2	-4.7507947E+5	-5.0880000E-5	-2.4184349E+2	1.7600000E+2	0.0000000E+0	0.0000000E+0	0.0000000E+0
1.8675000E+2	1.4070950E-7	-4.7999999E-1	-3.4112835E+6	2.0339280E-7	4.9165950E+5	-4.7985980E-1	-3.4102872E+6	-1.4020001E-4	-9.9637909E+2	1.0021110E-1	4.9269737E+5	-2.1110001E-4	-1.0378932E+3	1.2876337E+2	1.2356978E+1	8.8198249E-9	-1.1338093E+7	-1.0047150E-1	-1.1391553E+7	4.7150001E-4	5.3459109E+4	1.7700000E+2	0.0000000E+0	0.0000000E+0	0.0000000E+0
1.8757800E+2	5.4006819E-8	-4.6000001E-1	-8.5174430E+6	-2.1889200E-7	-4.5684631E+5	-4.6027711E-1	-8.5225740E+6	2.7710001E-4	5.1308335E+3	1.0000350E-1	-4.5686228E+5	-3.5000000E-6	1.5989620E+1	1.2876337E+2	1.2356978E+1	-2.6625230E-8	3.7558360E+6	-9.9698067E-2	3.7444960E+6	-3.0193001E-4	1.1339996E+4	1.7800000E+2	0.0000000E+0	0.0000000E+0	0.0000000E+0
1.8839101E+2	-2.2695600E-7	-4.4000000E-1	1.9387018E+6	-4.2849930E-8	-2.3337260E+6	-4.4013211E-1	1.9392839E+6	1.3210000E-4	-5.8205115E+2	1.0028410E-1	-2.3403562E+6	-2.8410001E-4	6.6301157E+3	1.2876337E+2	1.2356978E+1	1.1257030E-7	-8.8833375E+5	-9.9900723E-2	-8.8745181E+5	-9.9279998E-5	-8.8193781E+2	1.7900000E+2	0.0000000E+0	0.0000000E+0	0.0000000E+0
1.9134399E+2	1.5315230E-7	-4.1999999E-1	-2.7423682E+6	2.1194400E-7	4.7182275E+5	-4.1980171E-1	-2.7410735E+6	-1.9830000E-4	-1.2947896E+3	1.0017470E-1	4.7264703E+5	-1.7470001E-4	-8.2427435E+2	1.2876337E+2	1.2355950E+1	-8.1486178E-9	1.2272020E+7	-1.0034540E-1	1.2314407E+7	3.4540001E-4	-4.2387555E+4	1.8000000E+2	0.0000000E+0	0.0000000E+0	0.0000000E+0
1.9215601E+2	5.2917130E-8	-4.0000001E-1	-7.5589890E+6	-2.1868460E-7	-4.5727956E+5	-4.0026551E-1	-7.5640060E+6	2.6550001E-4	5.0172788E+3	9.9970102E-2	-4.5714284E+5	2.9900000E-5	-1.3672659E+2	1.2876337E+2	1.2355950E+1	-5.4642900E-8	1.8300639E+6	-9.9813461E-2	1.8266501E+6	-1.8654000E-4	3.4138013E+3	1.8100000E+2	0.0000000E+0	0.0000000E+0	0.0000000E+0
1.9296899E+2	-1.9336910E-7	-3.8000000E-1	1.9651538E+6	7.7767602E-8	1.2858825E+6	-3.8009551E-1	1.9656475E+6	9.5500000E-5	-4.9387415E+2	1.0044960E-1	1.2916639E+6	-4.4959999E-4	-5.7813281E+3	1.2876337E+2	1.2355950E+1	2.0110380E-7	-4.9725566E+5	-9.9868543E-2	-4.9660197E+5	-1.3145999E-4	-6.5369226E+2	1.8200000E+2	0.0000000E+0	0.0000000E+0	0.0000000E+0
1.9378101E+2	1.4922830E-7	-3.6000001E-1	-2.4124110E+6	1.4973990E-7	6.6782469E+5	-3.5979179E-1	-2.4110158E+6	-2.0820000E-4	-1.3951777E+3	9.9947453E-2	6.6747375E+5	5.2550000E-5	3.5094186E+2	1.2876337E+2	1.2355950E+1	-7.3232172E-8	1.3655201E+6	-1.0043790E-1	1.3714998E+6	4.3789999E-4	-5.9796123E+3	1.8300000E+2	0.0000000E+0	0.0000000E+0	0.0000000E+0
1.9459399E+2	1.5134400E-7	-3.4000000E-1	-2.2465378E+6	-9.5733981E-8	-1.0445612E+6	-3.4017089E-1	-2.2476670E+6	1.7090001E-4	1.1292156E+3	9.9954844E-2	-1.0440894E+6	4.5159999E-5	-4.7172385E+2	1.2876337E+2	1.2355950E+1	-2.2228700E-7	4.4986887E+5	-1.0011790E-1	4.5039925E+5	1.1790000E-4	-5.3039539E+2	1.8400000E+2	0.0000000E+0	0.0000000E+0	0.0000000E+0
1.9540601E+2	-2.0450030E-7	-3.1999999E-1	1.5647899E+6	-6.6355938E-8	-1.5070241E+6	-3.2020020E-1	1.5657689E+6	2.0020000E-4	-9.7897168E+2	1.0036830E-1	-1.5125745E+6	-3.6830001E-4	5.5503696E+3	1.2876337E+2	1.2355950E+1	1.5252000E-7	-6.5565169E+5	-9.9803209E-2	-6.5436144E+5	-1.9679000E-4	-1.2902570E+3	1.8500000E+2	0.0000000E+0	0.0000000E+0	0.0000000E+0
1.9650000E+2	5.3906209E-8	-3.0000001E-1	-5.5652215E+6	-9.0134108E-8	-1.1094579E+6	-3.0024669E-1	-5.5697980E+6	2.4669999E-4	4.5764673E+3	1.0041880E-1	-1.1141042E+6	-4.1879999E-4	4.6464097E+3	1.2876337E+2	1.2355950E+1	1.0831680E-7	-9.2321781E+5	-9.9919081E-2	-9.2247075E+5	-8.0919999E-5	-7.4706787E+2	1.8600000E+2	0.0000000E+0	0.0000000E+0	0.0000000E+0
1.9903101E+2	-2.0186771E-7	-2.8000000E-1	1.3870470E+6	1.7002870E-7	5.8813600E+5	-2.8013441E-1	1.3877129E+6	1.3440000E-4	-6.6578259E+2	1.0031770E-1	5.9000450E+5	-3.1770000E-4	-1.8685081E+3	1.2876337E+2	1.2355322E+1	1.9783940E-7	-5.0546050E+5	-9.9915028E-2	-5.0503100E+5	-8.4970001E-5	-4.2948978E+2	1.8700000E+2	0.0000000E+0	0.0000000E+0	0.0000000E+0
1.9984399E+2	9.9807487E-8	-2.5999999E-1	-2.6050150E+6	2.2044050E-7	4.5363716E+5	-2.5989649E-1	-2.6039780E+6	-1.0350000E-4	-1.0369963E+3	1.0010000E-1	4.5409078E+5	-9.9999997E-5	-4.5363715E+2	1.2876337E+2	1.2355322E+1	7.1184452E-8	-1.4048012E+6	-1.0036900E-1	-1.4099849E+6	3.6899999E-4	5.1837163E+3	1.8800000E+2	0.0000000E+0	0.0000000E+0	0.0000000E+0
2.0065601E+2	2.1058609E-7	-2.3999999E-1	-1.1396764E+6	6.1959440E-8	1.6139591E+6	-2.3989080E-1	-1.1391578E+6	-1.0920000E-4	-5.1855273E+2	9.9851131E-2	1.6115564E+6	1.4887001E-4	2.4027009E+3	1.2876337E+2	1.2355322E+1	-1.4940120E-7	6.6933869E+5	-1.0035320E-1	6.7170275E+5	3.5320001E-4	-2.3641042E+3	1.8900000E+2	0.0000000E+0	0.0000000E+0	0.0000000E+0
2.0146899E+2	-1.4654800E-8	-2.2000000E-1	1.5012146E+7	-2.0098720E-7	-4.9754412E+5	-2.2046880E-1	1.5044136E+7	4.6879999E-4	-3.1989520E+4	9.9887609E-2	-4.9698494E+5	1.1239000E-4	-5.5918982E+2	1.2876337E+2	1.2355322E+1	-3.1491819E-8	3.1754278E+6	-9.9785797E-2	3.1686260E+6	-2.1420000E-4	6.8017661E+3	1.9000000E+2	0.0000000E+0	0.0000000E+0	0.0000000E+0
2.0229700E+2	-2.2328740E-7	-2.0000000E-1	8.9570662E+5	-6.0892027E-8	-1.6422510E+6	-2.0010090E-1	8.9615850E+5	1.0090000E-4	-4.5188397E+2	1.0028620E-1	-1.6469511E+6	-2.8620000E-4	4.7001226E+3	1.2876337E+2	1.2355322E+1	1.6234040E-7	-6.1598962E+5	-9.9792719E-2	-6.1471281E+5	-2.0728000E-4	-1.2768232E+3	1.9100000E+2	0.0000000E+0	0.0000000E+0	0.0000000E+0
2.0310899E+2	-2.0606591E-7	-1.8000001E-1	8.7350700E+5	-2.1331439E-7	-4.6879159E+5	-1.8021250E-1	8.7453819E+5	2.1250000E-4	-1.0312235E+3	9.9962004E-2	-4.6861347E+5	3.7999998E-5	-1.7814081E+2	1.2876337E+2	1.2355322E+1	1.6110850E-7	-6.2069969E+5	-9.9842310E-2	-6.1972094E+5	-1.5769000E-4	-9.7878137E+2	1.9200000E+2	0.0000000E+0	0.0000000E+0	0.0000000E+0
2.0593700E+2	1.2484720E-7	-1.6000000E-1	-1.2815666E+6	8.5765009E-8	1.1659766E+6	-1.5985060E-1	-1.2803699E+6	-1.4940000E-4	-1.1966628E+3	9.9751227E-2	1.1630760E+6	2.4877000E-4	2.9006001E+3	1.2876337E+2	1.2354798E+1	-1.1095260E-7	9.0128575E+5	-1.0023740E-1	9.0342544E+5	2.3740000E-4	-2.1396523E+3	1.9300000E+2	0.0000000E+0	0.0000000E+0	0.0000000E+0
2.0675000E+2	3.7624321E-8	-1.4000000E-1	-3.7209975E+6	-1.6843880E-7	-5.9368744E+5	-1.4026400E-1	-3.7280142E+6	2.6400000E-4	7.0167383E+3	9.9784851E-2	-5.9241012E+5	2.1514999E-4	-1.2773185E+3	1.2876337E+2	1.2354798E+1	-1.9504721E-7	5.1269641E+5	-1.0020880E-1	5.1376694E+5	2.0880000E-4	-1.0705101E+3	1.9400000E+2	0.0000000E+0	0.0000000E+0	0.0000000E+0
2.0757800E+2	-1.2236021E-7	-1.2000000E-1	9.8071106E+5	-2.0153080E-7	-4.9620206E+5	-1.2025280E-1	9.8277706E+5	2.5280000E-4	-2.0660312E+3	9.9942923E-2	-4.9591884E+5	5.7080000E-5	-2.8323215E+2	1.2876337E+2	1.2354798E+1	-1.9255140E-8	5.1934185E+6	-9.9623680E-2	5.1738745E+6	-3.7632001E-4	1.9543873E+4	1.9500000E+2	0.0000000E+0	0.0000000E+0	0.0000000E+0
2.0839101E+2	-2.2128070E-7	-1.0000000E-1	4.5191469E+5	5.8486189E-9	1.7098054E+7	-1.0012200E-1	4.5246603E+5	1.2200000E-4	-5.5133594E+2	1.0046940E-1	1.7178312E+7	-4.6939999E-4	-8.0258266E+4	1.2876337E+2	1.2354798E+1	2.0334529E-7	-4.9177434E+5	-9.9908590E-2	-4.9132481E+5	-9.1410002E-5	-4.4953091E+2	1.9600000E+2	0.0000000E+0	0.0000000E+0	0.0000000E+0
2.0920300E+2	-1.6611069E-7	-7.9999998E-2	4.8160653E+5	1.0361320E-7	9.6512800E+5	-8.0020674E-2	4.8173097E+5	2.0670001E-5	-1.2443509E+2	1.0022500E-1	9.6729956E+5	-2.2500000E-4	-2.1715381E+3	1.2876337E+2	1.2354798E+1	2.1560381E-7	-4.6381372E+5	-9.9935293E-2	-4.6351359E+5	-6.4710002E-5	-3.0013385E+2	1.9700000E+2	0.0000000E+0	0.0000000E+0	0.0000000E+0
2.1003101E+2	-1.0156780E-8	-5.9999999E-2	5.9073840E+6	2.2029160E-7	4.5394378E+5	-5.9703831E-2	5.8782240E+6	-2.9617001E-4	2.9159832E+4	1.0007930E-1	4.5430375E+5	-7.9300000E-5	-3.5997742E+2	1.2876337E+2	1.2354798E+1	7.7995992E-9	-1.2821172E+7	-1.0051370E-1	-1.2887034E+7	5.1370001E-4	6.5862359E+4	1.9800000E+2	0.0000000E+0	0.0000000E+0	0.0000000E+0
2.1084399E+2	5.3528080E-8	-3.9999999E-2	-7.4727131E+5	2.1971211E-7	4.5514106E+5	-3.9536711E-2	-7.3861625E+5	-4.6328999E-4	-8.6550830E+3	1.0026670E-1	4.5635494E+5	-2.6669999E-4	-1.2138612E+3	1.2876337E+2	1.2354798E+1	-1.4297140E-8	6.9944060E+6	-1.0048060E-1	7.0280210E+6	4.8059999E-4	-3.3615113E+4	1.9900000E+2	0.0000000E+0	0.0000000E+0	0.0000000E+0
2.1165601E+2	9.3946142E-8	-2.0000000E-2	-2.1288794E+5	2.1867480E-7	4.5730006E+5	-1.9889120E-2	-2.1170769E+5	-1.1088000E-4	-1.1802507E+3	1.0008220E-1	4.5767597E+5	-8.2200000E-5	-3.7590067E+2	1.2876337E+2	1.2354798E+1	5.4441440E-8	-1.8368360E+6	-1.0019680E-1	-1.8404510E+6	1.9680000E-4	3.6148933E+3	2.0000000E+2	0.0000000E+0	0.0000000E+0	0.0000000E+0
2.1248399E+2	2.0189660E-7	1.0000000E-1	4.9530303E+5	-1.3327001E-7	-7.5035644E+5	1.0012560E-1	4.9592516E+5	-1.2560000E-4	-6.2210065E+2	9.9834204E-2	-7.4911231E+5	1.6580000E-4	-1.2440909E+3	1.2876337E+2	1.2354798E+1	-1.4125349E-7	7.0794706E+5	-9.9873781E-2	7.0705350E+5	-1.2621999E-4	8.9357080E+2	2.0100000E+2	0.0000000E+0	0.0000000E+0	0.0000000E+0
