  5.80000e-07      66.4000      45.2000      938.053    0.0226000      21.2000
  6.00000e-07      66.4000      44.8000      964.286    0.0224000      21.6000
  6.20000e-07      66.4000      46.0000      886.957    0.0230000      20.4000
  6.40000e-07      66.8000      46.4000      879.310    0.0232000      20.4000
  6.60000e-07      66.8000      47.2000      830.509    0.0236000      19.6000
  6.80000e-07      67.6000      47.2000      864.407    0.0236000      20.4000
  7.00000e-07      67.2000      47.6000      823.529    0.0238000      19.6000
  7.20000e-07      67.2000      48.4000      776.859    0.0242000      18.8000
  7.40000e-07      66.8000      48.8000      737.705    0.0244000      18.0000
  7.60000e-07      67.6000      48.8000      770.492    0.0244000      18.8000
  7.80000e-07      67.6000      49.2000      747.967    0.0246000      18.4000
  8.00000e-07      68.4000      49.6000      758.065    0.0248000      18.8000
  8.20000e-07      68.4000      50.0000      736.000    0.0250000      18.4000
  8.40000e-07      68.8000      50.0000      752.000    0.0250000      18.8000
  8.60000e-07      68.8000      50.4000      730.159    0.0252000      18.4000
  8.80000e-07      69.2000      50.0000      768.000    0.0250000      19.2000
  9.00000e-07      68.8000      50.8000      708.662    0.0254000      18.0000
  9.20000e-07      68.4000      51.6000      651.163    0.0258000      16.8000
  9.40000e-07      68.4000      51.2000      671.875    0.0256000      17.2000
  9.60000e-07      68.8000      50.8000      708.662    0.0254000      18.0000
  9.80000e-07      69.2000      50.8000      724.409    0.0254000      18.4000
  1.00000e-06      68.8000      51.2000      687.500    0.0256000      17.6000
  1.02000e-06      68.4000      51.6000      651.163    0.0258000      16.8000
  1.04000e-06      68.8000      51.6000      666.667    0.0258000      17.2000
  1.06000e-06      68.8000      51.6000      666.667    0.0258000      17.2000
  1.08000e-06      68.8000      52.0000      646.154    0.0260000      16.8000
  1.10000e-06      68.8000      52.0000      646.154    0.0260000      16.8000
  1.12000e-06      69.2000      52.0000      661.538    0.0260000      17.2000
  1.14000e-06      68.4000      51.2000      671.875    0.0256000      17.2000
  1.16000e-06      69.6000      51.6000      697.674    0.0258000      18.0000
  1.18000e-06      68.8000      52.0000      646.154    0.0260000      16.8000
  1.20000e-06      69.2000      51.6000      682.170    0.0258000      17.6000
  1.22000e-06      69.2000      52.0000      661.538    0.0260000      17.2000
  1.24000e-06      68.8000      52.0000      646.154    0.0260000      16.8000
  1.26000e-06      68.8000      52.0000      646.154    0.0260000      16.8000
  1.28000e-06      68.8000      52.4000      625.954    0.0262000      16.4000
  1.30000e-06      68.8000      52.0000      646.154    0.0260000      16.8000
  1.32000e-06      69.6000      52.4000      656.488    0.0262000      17.2000
  1.34000e-06      69.2000      52.0000      661.538    0.0260000      17.2000
  1.36000e-06      69.2000      52.0000      661.538    0.0260000      17.2000
  1.38000e-06      68.8000      52.0000      646.154    0.0260000      16.8000
  1.40000e-06      69.2000      52.8000      621.212    0.0264000      16.4000
  1.42000e-06      68.8000      52.0000      646.154    0.0260000      16.8000
  1.44000e-06      69.2000      52.0000      661.538    0.0260000      17.2000
  1.46000e-06      68.8000      52.8000      606.061    0.0264000      16.0000
  1.48000e-06      69.2000      52.8000      621.212    0.0264000      16.4000
  1.50000e-06      70.0000      52.4000      671.756    0.0262000      17.6000
  1.52000e-06      69.2000      52.8000      621.212    0.0264000      16.4000
  1.54000e-06      69.6000      52.4000      656.488    0.0262000      17.2000
  1.56000e-06      69.2000      52.8000      621.212    0.0264000      16.4000
  1.58000e-06      69.2000      52.4000      641.221    0.0262000      16.8000
  1.60000e-06      68.8000      52.8000      606.061    0.0264000      16.0000
  1.62000e-06      68.4000      52.8000      590.909    0.0264000      15.6000
  1.64000e-06      68.8000      52.4000      625.954    0.0262000      16.4000
  1.66000e-06      69.6000      53.2000      616.541    0.0266000      16.4000
  1.68000e-06      69.6000      52.8000      636.364    0.0264000      16.8000
  1.70000e-06      69.2000      52.8000      621.212    0.0264000      16.4000
  1.72000e-06      68.4000      52.8000      590.909    0.0264000      15.6000
  1.74000e-06      69.2000      52.8000      621.212    0.0264000      16.4000
  1.76000e-06      69.2000      52.8000      621.212    0.0264000      16.4000
  1.78000e-06      69.2000      52.8000      621.212    0.0264000      16.4000
  1.80000e-06      69.2000      52.0000      661.538    0.0260000      17.2000
  1.82000e-06      70.0000      52.8000      651.515    0.0264000      17.2000
  1.84000e-06      68.8000      52.8000      606.061    0.0264000      16.0000
  1.86000e-06      69.2000      52.4000      641.221    0.0262000      16.8000
  1.88000e-06      69.2000      52.8000      621.212    0.0264000      16.4000
  1.90000e-06      69.6000      52.8000      636.364    0.0264000      16.8000
  1.92000e-06      69.6000      52.4000      656.488    0.0262000      17.2000
  1.94000e-06      69.6000      52.8000      636.364    0.0264000      16.8000
  1.96000e-06      69.2000      52.8000      621.212    0.0264000      16.4000
  1.98000e-06      69.2000      52.4000      641.221    0.0262000      16.8000
  2.00000e-06      69.2000      53.2000      601.504    0.0266000      16.0000
  2.02000e-06      69.2000      52.8000      621.212    0.0264000      16.4000
  2.04000e-06      69.6000      52.8000      636.364    0.0264000      16.8000
  2.06000e-06      69.6000      52.8000      636.364    0.0264000      16.8000
  2.08000e-06      69.6000      52.8000      636.364    0.0264000      16.8000
  2.10000e-06      69.2000      52.8000      621.212    0.0264000      16.4000
  2.12000e-06      69.6000      52.4000      656.488    0.0262000      17.2000
  2.14000e-06      69.2000      53.2000      601.504    0.0266000      16.0000
  2.16000e-06      68.8000      53.6000      567.164    0.0268000      15.2000
  2.18000e-06      69.6000      52.4000      656.488    0.0262000      17.2000
  2.20000e-06      68.8000      52.8000      606.061    0.0264000      16.0000
  2.22000e-06      68.8000      52.8000      606.061    0.0264000      16.0000
  2.24000e-06      69.6000      53.2000      616.541    0.0266000      16.4000
  2.26000e-06      68.8000      52.8000      606.061    0.0264000      16.0000
  2.28000e-06      68.8000      52.8000      606.061    0.0264000      16.0000
  2.30000e-06      69.2000      52.8000      621.212    0.0264000      16.4000
  2.32000e-06      69.2000      53.2000      601.504    0.0266000      16.0000
  2.34000e-06      69.6000      53.2000      616.541    0.0266000      16.4000
  2.36000e-06      68.8000      53.2000      586.466    0.0266000      15.6000
  2.38000e-06      68.4000      53.2000      571.429    0.0266000      15.2000
  2.40000e-06      69.2000      53.2000      601.504    0.0266000      16.0000
  2.42000e-06      69.6000      52.8000      636.364    0.0264000      16.8000
  2.44000e-06      69.2000      53.2000      601.504    0.0266000      16.0000
  2.46000e-06      69.6000      52.8000      636.364    0.0264000      16.8000
  2.48000e-06      69.2000      53.2000      601.504    0.0266000      16.0000
  2.50000e-06      69.2000      53.2000      601.504    0.0266000      16.0000
  2.52000e-06      69.6000      53.6000      597.015    0.0268000      16.0000
  2.54000e-06      69.2000      53.2000      601.504    0.0266000      16.0000
  2.56000e-06      70.0000      52.8000      651.515    0.0264000      17.2000
  2.58000e-06      68.8000      53.2000      586.466    0.0266000      15.6000
  2.60000e-06      70.0000      53.6000      611.940    0.0268000      16.4000
  2.62000e-06      69.2000      52.4000      641.221    0.0262000      16.8000
  2.64000e-06      69.2000      52.8000      621.212    0.0264000      16.4000
  2.66000e-06      69.2000      53.6000      582.090    0.0268000      15.6000
  2.68000e-06      68.8000      52.8000      606.061    0.0264000      16.0000
  2.70000e-06      69.2000      54.0000      562.963    0.0270000      15.2000
  2.72000e-06      69.2000      53.6000      582.090    0.0268000      15.6000
  2.74000e-06      68.8000      53.6000      567.164    0.0268000      15.2000
  2.76000e-06      69.2000      53.6000      582.090    0.0268000      15.6000
  2.78000e-06      69.2000      52.8000      621.212    0.0264000      16.4000
  2.80000e-06      69.6000      53.6000      597.015    0.0268000      16.0000
  2.82000e-06      69.2000      53.2000      601.504    0.0266000      16.0000
  2.84000e-06      69.2000      52.8000      621.212    0.0264000      16.4000
  2.86000e-06      69.2000      53.2000      601.504    0.0266000      16.0000
  2.88000e-06      68.8000      53.6000      567.164    0.0268000      15.2000
  2.90000e-06      69.2000      52.8000      621.212    0.0264000      16.4000
  2.92000e-06      69.6000      53.2000      616.541    0.0266000      16.4000
  2.94000e-06      67.2000      52.8000      545.454    0.0264000      14.4000
