  0.000201000      7.00000      2.61000      10092.0  0.000435000      4.39000
  0.000202000      6.92000      2.33000      11819.7  0.000388333      4.59000
  0.000203000      6.84000      2.23000      12403.6  0.000371667      4.61000
  0.000204000      6.92000      2.09000      13866.0  0.000348333      4.83000
  0.000205000      6.84000      2.09000      13636.4  0.000348333      4.75000
  0.000206000      6.92000      2.01000      14656.7  0.000335000      4.91000
  0.000207000      7.00000      1.97000      15319.8  0.000328333      5.03000
  0.000208000      7.00000      2.03000      14689.7  0.000338333      4.97000
  0.000209000      7.00000      1.99000      15105.5  0.000331667      5.01000
  0.000210000      7.08000      1.97000      15563.5  0.000328333      5.11000
  0.000211000      7.00000      1.99000      15105.5  0.000331667      5.01000
  0.000212000      6.92000      1.99000      14864.3  0.000331667      4.93000
  0.000213000      6.92000      1.97000      15076.1  0.000328333      4.95000
  0.000214000      6.92000      2.01000      14656.7  0.000335000      4.91000
  0.000215000      6.92000      1.95000      15292.3  0.000325000      4.97000
  0.000216000      6.92000      1.95000      15292.3  0.000325000      4.97000
  0.000217000      6.92000      1.97000      15076.1  0.000328333      4.95000
  0.000218000      7.00000      1.95000      15538.5  0.000325000      5.05000
  0.000219000      7.08000      1.99000      15346.7  0.000331667      5.09000
  0.000220000      7.16000      1.97000      15807.1  0.000328333      5.19000
  0.000221000      6.92000      2.01000      14656.7  0.000335000      4.91000
  0.000222000      7.00000      1.95000      15538.5  0.000325000      5.05000
  0.000223000      7.00000      1.99000      15105.5  0.000331667      5.01000
  0.000224000      6.84000      1.93000      15264.2  0.000321667      4.91000
  0.000225000      6.92000      2.01000      14656.7  0.000335000      4.91000
  0.000226000      6.92000      1.93000      15513.0  0.000321667      4.99000
  0.000227000      6.84000      1.95000      15046.2  0.000325000      4.89000
  0.000228000      6.92000      2.03000      14453.2  0.000338333      4.89000
  0.000229000      7.00000      2.01000      14895.5  0.000335000      4.99000
  0.000230000      7.08000      1.95000      15784.6  0.000325000      5.13000
  0.000231000      7.00000      2.01000      14895.5  0.000335000      4.99000
  0.000232000      7.00000      1.95000      15538.5  0.000325000      5.05000
  0.000233000      6.92000      1.99000      14864.3  0.000331667      4.93000
  0.000234000      7.00000      1.99000      15105.5  0.000331667      5.01000
  0.000235000      7.00000      1.97000      15319.8  0.000328333      5.03000
  0.000236000      6.92000      1.95000      15292.3  0.000325000      4.97000
  0.000237000      7.00000      1.97000      15319.8  0.000328333      5.03000
  0.000238000      7.00000      1.97000      15319.8  0.000328333      5.03000
  0.000239000      7.08000      1.97000      15563.5  0.000328333      5.11000
  0.000240000      6.92000      1.95000      15292.3  0.000325000      4.97000
  0.000241000      7.00000      1.99000      15105.5  0.000331667      5.01000
  0.000242000      7.00000      1.99000      15105.5  0.000331667      5.01000
  0.000243000      6.92000      2.03000      14453.2  0.000338333      4.89000
  0.000244000      7.00000      1.97000      15319.8  0.000328333      5.03000
  0.000245000      7.08000      1.91000      16240.8  0.000318333      5.17000
  0.000246000      6.92000      1.95000      15292.3  0.000325000      4.97000
  0.000247000      7.00000      1.93000      15761.7  0.000321667      5.07000
  0.000248000      7.16000      1.97000      15807.1  0.000328333      5.19000
  0.000249000      6.92000      1.97000      15076.1  0.000328333      4.95000
  0.000250000      6.92000      1.99000      14864.3  0.000331667      4.93000
  0.000251000      7.08000      1.99000      15346.7  0.000331667      5.09000
  0.000252000      6.92000      1.97000      15076.1  0.000328333      4.95000
  0.000253000      6.92000      1.99000      14864.3  0.000331667      4.93000
  0.000254000      7.00000      1.99000      15105.5  0.000331667      5.01000
  0.000255000      7.00000      1.97000      15319.8  0.000328333      5.03000
  0.000256000      6.84000      2.01000      14417.9  0.000335000      4.83000
  0.000257000      6.84000      1.93000      15264.2  0.000321667      4.91000
  0.000258000      7.00000      1.95000      15538.5  0.000325000      5.05000
  0.000259000      7.00000      2.03000      14689.7  0.000338333      4.97000
  0.000260000      6.84000      1.99000      14623.1  0.000331667      4.85000
  0.000261000      6.92000      1.95000      15292.3  0.000325000      4.97000
  0.000262000      6.92000      2.01000      14656.7  0.000335000      4.91000
  0.000263000      6.92000      1.99000      14864.3  0.000331667      4.93000
  0.000264000      7.00000      1.95000      15538.5  0.000325000      5.05000
  0.000265000      7.00000      1.91000      15989.5  0.000318333      5.09000
  0.000266000      7.08000      1.97000      15563.5  0.000328333      5.11000
  0.000267000      7.16000      2.01000      15373.1  0.000335000      5.15000
  0.000268000      7.00000      1.99000      15105.5  0.000331667      5.01000
  0.000269000      6.92000      2.03000      14453.2  0.000338333      4.89000
  0.000270000      7.00000      2.01000      14895.5  0.000335000      4.99000
  0.000271000      7.08000      1.97000      15563.5  0.000328333      5.11000
  0.000272000      7.00000      1.97000      15319.8  0.000328333      5.03000
  0.000273000      6.92000      1.99000      14864.3  0.000331667      4.93000
  0.000274000      7.08000      1.93000      16010.4  0.000321667      5.15000
  0.000275000      6.84000      1.97000      14832.5  0.000328333      4.87000
  0.000276000      6.92000      2.01000      14656.7  0.000335000      4.91000
  0.000277000      6.92000      1.95000      15292.3  0.000325000      4.97000
  0.000278000      6.92000      1.95000      15292.3  0.000325000      4.97000
  0.000279000      7.00000      1.95000      15538.5  0.000325000      5.05000
  0.000280000      7.00000      1.97000      15319.8  0.000328333      5.03000
  0.000281000      7.00000      1.93000      15761.7  0.000321667      5.07000
  0.000282000      7.00000      1.99000      15105.5  0.000331667      5.01000
  0.000283000      6.92000      1.99000      14864.3  0.000331667      4.93000
  0.000284000      7.00000      1.95000      15538.5  0.000325000      5.05000
  0.000285000      6.92000      1.97000      15076.1  0.000328333      4.95000
  0.000286000      7.08000      1.99000      15346.7  0.000331667      5.09000
  0.000287000      7.08000      1.97000      15563.5  0.000328333      5.11000
  0.000288000      6.92000      1.97000      15076.1  0.000328333      4.95000
  0.000289000      6.68000      2.01000      13940.3  0.000335000      4.67000
  0.000290000      7.00000      1.99000      15105.5  0.000331667      5.01000
  0.000291000      6.84000      1.99000      14623.1  0.000331667      4.85000
  0.000292000      6.92000      1.93000      15513.0  0.000321667      4.99000
  0.000293000      6.92000      1.99000      14864.3  0.000331667      4.93000
  0.000294000      7.00000      1.97000      15319.8  0.000328333      5.03000
  0.000295000      6.84000      1.97000      14832.5  0.000328333      4.87000
  0.000296000      7.08000      1.97000      15563.5  0.000328333      5.11000
