  0.000401000      6.84000      2.61000      9724.14  0.000435000      4.23000
  0.000402000      6.84000      2.35000      11463.8  0.000391667      4.49000
  0.000403000      6.84000      2.21000      12570.1  0.000368333      4.63000
  0.000404000      7.00000      2.17000      13354.8  0.000361667      4.83000
  0.000405000      6.92000      2.05000      14253.7  0.000341667      4.87000
  0.000406000      7.00000      2.03000      14689.7  0.000338333      4.97000
  0.000407000      7.00000      2.05000      14487.8  0.000341667      4.95000
  0.000408000      7.08000      2.01000      15134.3  0.000335000      5.07000
  0.000409000      6.92000      1.97000      15076.1  0.000328333      4.95000
  0.000410000      7.16000      2.01000      15373.1  0.000335000      5.15000
  0.000411000      7.00000      2.03000      14689.7  0.000338333      4.97000
  0.000412000      6.92000      2.03000      14453.2  0.000338333      4.89000
  0.000413000      7.00000      1.99000      15105.5  0.000331667      5.01000
  0.000414000      7.08000      1.97000      15563.5  0.000328333      5.11000
  0.000415000      7.00000      1.93000      15761.7  0.000321667      5.07000
  0.000416000      7.00000      1.99000      15105.5  0.000331667      5.01000
  0.000417000      6.92000      1.99000      14864.3  0.000331667      4.93000
  0.000418000      7.00000      2.01000      14895.5  0.000335000      4.99000
  0.000419000      7.00000      1.99000      15105.5  0.000331667      5.01000
  0.000420000      6.84000      1.97000      14832.5  0.000328333      4.87000
  0.000421000      7.00000      1.95000      15538.5  0.000325000      5.05000
  0.000422000      7.00000      1.95000      15538.5  0.000325000      5.05000
  0.000423000      6.92000      1.99000      14864.3  0.000331667      4.93000
  0.000424000      7.00000      2.01000      14895.5  0.000335000      4.99000
  0.000425000      7.00000      2.01000      14895.5  0.000335000      4.99000
  0.000426000      6.92000      1.97000      15076.1  0.000328333      4.95000
  0.000427000      6.84000      2.01000      14417.9  0.000335000      4.83000
  0.000428000      6.92000      1.99000      14864.3  0.000331667      4.93000
  0.000429000      6.92000      1.97000      15076.1  0.000328333      4.95000
  0.000430000      6.92000      1.95000      15292.3  0.000325000      4.97000
  0.000431000      7.08000      1.97000      15563.5  0.000328333      5.11000
  0.000432000      7.00000      1.99000      15105.5  0.000331667      5.01000
  0.000433000      6.92000      1.95000      15292.3  0.000325000      4.97000
  0.000434000      6.92000      1.95000      15292.3  0.000325000      4.97000
  0.000435000      7.00000      1.97000      15319.8  0.000328333      5.03000
  0.000436000      7.08000      1.99000      15346.7  0.000331667      5.09000
  0.000437000      6.92000      1.99000      14864.3  0.000331667      4.93000
  0.000438000      6.68000      1.97000      14345.2  0.000328333      4.71000
  0.000439000      6.92000      1.99000      14864.3  0.000331667      4.93000
  0.000440000      6.92000      1.95000      15292.3  0.000325000      4.97000
  0.000441000      6.84000      1.95000      15046.2  0.000325000      4.89000
  0.000442000      7.00000      1.97000      15319.8  0.000328333      5.03000
  0.000443000      7.00000      2.01000      14895.5  0.000335000      4.99000
  0.000444000      7.16000      2.03000      15162.6  0.000338333      5.13000
  0.000445000      6.92000      1.99000      14864.3  0.000331667      4.93000
  0.000446000      6.92000      2.01000      14656.7  0.000335000      4.91000
  0.000447000      7.08000      1.95000      15784.6  0.000325000      5.13000
  0.000448000      7.08000      1.97000      15563.5  0.000328333      5.11000
  0.000449000      6.92000      1.97000      15076.1  0.000328333      4.95000
  0.000450000      7.08000      1.95000      15784.6  0.000325000      5.13000
  0.000451000      7.00000      1.99000      15105.5  0.000331667      5.01000
  0.000452000      7.00000      2.03000      14689.7  0.000338333      4.97000
  0.000453000      7.16000      1.99000      15587.9  0.000331667      5.17000
  0.000454000      7.00000      1.99000      15105.5  0.000331667      5.01000
  0.000455000      7.00000      1.99000      15105.5  0.000331667      5.01000
  0.000456000      6.92000      1.93000      15513.0  0.000321667      4.99000
  0.000457000      6.92000      1.97000      15076.1  0.000328333      4.95000
  0.000458000      7.00000      1.97000      15319.8  0.000328333      5.03000
  0.000459000      6.92000      2.01000      14656.7  0.000335000      4.91000
  0.000460000      7.00000      1.95000      15538.5  0.000325000      5.05000
  0.000461000      7.08000      1.99000      15346.7  0.000331667      5.09000
  0.000462000      6.92000      1.99000      14864.3  0.000331667      4.93000
  0.000463000      6.92000      1.95000      15292.3  0.000325000      4.97000
  0.000464000      6.84000      1.97000      14832.5  0.000328333      4.87000
  0.000465000      6.92000      1.95000      15292.3  0.000325000      4.97000
  0.000466000      7.08000      2.01000      15134.3  0.000335000      5.07000
  0.000467000      7.00000      2.01000      14895.5  0.000335000      4.99000
  0.000468000      6.92000      1.99000      14864.3  0.000331667      4.93000
  0.000469000      6.92000      1.97000      15076.1  0.000328333      4.95000
  0.000470000      6.92000      2.01000      14656.7  0.000335000      4.91000
  0.000471000      6.84000      1.97000      14832.5  0.000328333      4.87000
  0.000472000      7.00000      1.99000      15105.5  0.000331667      5.01000
  0.000473000      6.92000      2.01000      14656.7  0.000335000      4.91000
  0.000474000      6.92000      1.97000      15076.1  0.000328333      4.95000
  0.000475000      6.92000      1.97000      15076.1  0.000328333      4.95000
  0.000476000      7.08000      1.97000      15563.5  0.000328333      5.11000
  0.000477000      6.92000      2.01000      14656.7  0.000335000      4.91000
  0.000478000      7.00000      1.93000      15761.7  0.000321667      5.07000
  0.000479000      6.92000      2.01000      14656.7  0.000335000      4.91000
  0.000480000      6.84000      1.99000      14623.1  0.000331667      4.85000
  0.000481000      6.92000      2.01000      14656.7  0.000335000      4.91000
  0.000482000      7.00000      1.99000      15105.5  0.000331667      5.01000
  0.000483000      7.08000      1.97000      15563.5  0.000328333      5.11000
  0.000484000      6.92000      2.01000      14656.7  0.000335000      4.91000
  0.000485000      6.84000      1.97000      14832.5  0.000328333      4.87000
  0.000486000      6.84000      2.01000      14417.9  0.000335000      4.83000
  0.000487000      6.92000      2.01000      14656.7  0.000335000      4.91000
  0.000488000      6.92000      1.97000      15076.1  0.000328333      4.95000
  0.000489000      7.08000      1.97000      15563.5  0.000328333      5.11000
  0.000490000      6.92000      1.93000      15513.0  0.000321667      4.99000
  0.000491000      7.00000      1.97000      15319.8  0.000328333      5.03000
  0.000492000      7.00000      1.97000      15319.8  0.000328333      5.03000
  0.000493000      6.92000      2.05000      14253.7  0.000341667      4.87000
  0.000494000      6.92000      2.01000      14656.7  0.000335000      4.91000
  0.000495000      7.00000      1.99000      15105.5  0.000331667      5.01000
  0.000496000      6.92000      1.99000      14864.3  0.000331667      4.93000
