  7.00000e-07      75.2000      56.4000      666.666    0.0282000      18.8000
  7.20000e-07      76.4000      56.8000      690.141    0.0284000      19.6000
  7.40000e-07      76.8000      56.4000      723.404    0.0282000      20.4000
  7.60000e-07      75.6000      57.2000      643.357    0.0286000      18.4000
  7.80000e-07      76.4000      57.2000      671.329    0.0286000      19.2000
  8.00000e-07      76.4000      57.6000      652.778    0.0288000      18.8000
  8.20000e-07      77.6000      58.0000      675.862    0.0290000      19.6000
  8.40000e-07      76.4000      58.8000      598.640    0.0294000      17.6000
  8.60000e-07      77.2000      59.6000      590.604    0.0298000      17.6000
  8.80000e-07      77.2000      59.2000      608.108    0.0296000      18.0000
  9.00000e-07      77.6000      60.0000      586.667    0.0300000      17.6000
  9.20000e-07      78.0000      59.6000      617.450    0.0298000      18.4000
  9.40000e-07      78.0000      60.0000      600.000    0.0300000      18.0000
  9.60000e-07      77.2000      60.0000      573.333    0.0300000      17.2000
  9.80000e-07      77.2000      60.0000      573.333    0.0300000      17.2000
  1.00000e-06      78.0000      60.4000      582.781    0.0302000      17.6000
  1.02000e-06      76.8000      60.8000      526.316    0.0304000      16.0000
  1.04000e-06      78.0000      60.0000      600.000    0.0300000      18.0000
  1.06000e-06      77.2000      61.2000      522.876    0.0306000      16.0000
  1.08000e-06      77.2000      60.8000      539.474    0.0304000      16.4000
  1.10000e-06      77.6000      60.8000      552.632    0.0304000      16.8000
  1.12000e-06      78.0000      60.4000      582.781    0.0302000      17.6000
  1.14000e-06      78.0000      62.0000      516.129    0.0310000      16.0000
  1.16000e-06      78.0000      61.2000      549.020    0.0306000      16.8000
  1.18000e-06      77.2000      60.8000      539.474    0.0304000      16.4000
  1.20000e-06      77.6000      60.8000      552.632    0.0304000      16.8000
  1.22000e-06      77.6000      61.6000      519.481    0.0308000      16.0000
  1.24000e-06      77.6000      61.2000      535.948    0.0306000      16.4000
  1.26000e-06      77.2000      60.8000      539.474    0.0304000      16.4000
  1.28000e-06      77.6000      61.2000      535.948    0.0306000      16.4000
  1.30000e-06      77.6000      60.8000      552.632    0.0304000      16.8000
  1.32000e-06      77.6000      61.2000      535.948    0.0306000      16.4000
  1.34000e-06      77.6000      61.6000      519.481    0.0308000      16.0000
  1.36000e-06      78.0000      62.4000      500.000    0.0312000      15.6000
  1.38000e-06      77.6000      61.6000      519.481    0.0308000      16.0000
  1.40000e-06      78.4000      62.0000      529.032    0.0310000      16.4000
  1.42000e-06      78.0000      61.6000      532.468    0.0308000      16.4000
  1.44000e-06      77.6000      62.4000      487.179    0.0312000      15.2000
  1.46000e-06      77.6000      62.0000      503.226    0.0310000      15.6000
  1.48000e-06      78.0000      62.4000      500.000    0.0312000      15.6000
  1.50000e-06      78.4000      62.0000      529.032    0.0310000      16.4000
  1.52000e-06      78.0000      62.0000      516.129    0.0310000      16.0000
  1.54000e-06      78.0000      62.0000      516.129    0.0310000      16.0000
  1.56000e-06      77.6000      62.0000      503.226    0.0310000      15.6000
  1.58000e-06      78.0000      61.6000      532.468    0.0308000      16.4000
  1.60000e-06      78.0000      62.4000      500.000    0.0312000      15.6000
  1.62000e-06      78.0000      62.8000      484.076    0.0314000      15.2000
  1.64000e-06      78.4000      62.4000      512.820    0.0312000      16.0000
  1.66000e-06      77.2000      62.4000      474.359    0.0312000      14.8000
  1.68000e-06      78.0000      62.8000      484.076    0.0314000      15.2000
  1.70000e-06      78.0000      62.4000      500.000    0.0312000      15.6000
  1.72000e-06      78.0000      62.4000      500.000    0.0312000      15.6000
  1.74000e-06      78.0000      62.4000      500.000    0.0312000      15.6000
  1.76000e-06      78.0000      62.0000      516.129    0.0310000      16.0000
  1.78000e-06      77.2000      62.0000      490.322    0.0310000      15.2000
  1.80000e-06      78.4000      62.8000      496.815    0.0314000      15.6000
  1.82000e-06      78.0000      62.4000      500.000    0.0312000      15.6000
  1.84000e-06      77.6000      62.0000      503.226    0.0310000      15.6000
  1.86000e-06      78.0000      62.4000      500.000    0.0312000      15.6000
  1.88000e-06      78.0000      62.4000      500.000    0.0312000      15.6000
  1.90000e-06      78.4000      62.8000      496.815    0.0314000      15.6000
  1.92000e-06      78.0000      62.4000      500.000    0.0312000      15.6000
  1.94000e-06      78.4000      62.0000      529.032    0.0310000      16.4000
  1.96000e-06      78.0000      62.4000      500.000    0.0312000      15.6000
  1.98000e-06      78.0000      62.8000      484.076    0.0314000      15.2000
  2.00000e-06      78.0000      62.0000      516.129    0.0310000      16.0000
  2.02000e-06      78.0000      62.4000      500.000    0.0312000      15.6000
  2.04000e-06      78.0000      62.4000      500.000    0.0312000      15.6000
  2.06000e-06      78.0000      62.8000      484.076    0.0314000      15.2000
  2.08000e-06      78.0000      62.4000      500.000    0.0312000      15.6000
  2.10000e-06      78.0000      62.8000      484.076    0.0314000      15.2000
  2.12000e-06      77.2000      62.8000      458.599    0.0314000      14.4000
  2.14000e-06      78.0000      62.8000      484.076    0.0314000      15.2000
  2.16000e-06      78.4000      62.4000      512.820    0.0312000      16.0000
  2.18000e-06      78.0000      62.4000      500.000    0.0312000      15.6000
  2.20000e-06      78.0000      62.4000      500.000    0.0312000      15.6000
  2.22000e-06      78.4000      63.2000      481.013    0.0316000      15.2000
  2.24000e-06      77.6000      62.8000      471.338    0.0314000      14.8000
  2.26000e-06      78.0000      63.2000      468.354    0.0316000      14.8000
  2.28000e-06      77.6000      63.2000      455.696    0.0316000      14.4000
  2.30000e-06      77.6000      62.0000      503.226    0.0310000      15.6000
  2.32000e-06      78.4000      62.8000      496.815    0.0314000      15.6000
  2.34000e-06      77.6000      63.2000      455.696    0.0316000      14.4000
  2.36000e-06      78.4000      63.2000      481.013    0.0316000      15.2000
  2.38000e-06      78.4000      62.4000      512.820    0.0312000      16.0000
  2.40000e-06      78.0000      62.8000      484.076    0.0314000      15.2000
  2.42000e-06      78.4000      63.2000      481.013    0.0316000      15.2000
  2.44000e-06      78.4000      62.4000      512.820    0.0312000      16.0000
  2.46000e-06      77.6000      62.4000      487.179    0.0312000      15.2000
  2.48000e-06      77.6000      62.8000      471.338    0.0314000      14.8000
  2.50000e-06      78.0000      62.8000      484.076    0.0314000      15.2000
  2.52000e-06      78.0000      62.4000      500.000    0.0312000      15.6000
  2.54000e-06      78.4000      62.8000      496.815    0.0314000      15.6000
  2.56000e-06      78.0000      62.4000      500.000    0.0312000      15.6000
  2.58000e-06      79.2000      62.8000      522.293    0.0314000      16.4000
  2.60000e-06      78.0000      63.2000      468.354    0.0316000      14.8000
  2.62000e-06      78.0000      63.6000      452.830    0.0318000      14.4000
  2.64000e-06      78.4000      63.2000      481.013    0.0316000      15.2000
  2.66000e-06      78.4000      62.8000      496.815    0.0314000      15.6000
  2.68000e-06      78.0000      62.8000      484.076    0.0314000      15.2000
  2.70000e-06      78.4000      63.2000      481.013    0.0316000      15.2000
  2.72000e-06      78.4000      62.4000      512.820    0.0312000      16.0000
  2.74000e-06      78.0000      62.8000      484.076    0.0314000      15.2000
  2.76000e-06      78.0000      62.8000      484.076    0.0314000      15.2000
  2.78000e-06      78.4000      62.4000      512.820    0.0312000      16.0000
  2.80000e-06      77.6000      62.4000      487.179    0.0312000      15.2000
  2.82000e-06      78.0000      63.2000      468.354    0.0316000      14.8000
  2.84000e-06      78.0000      62.8000      484.076    0.0314000      15.2000
  2.86000e-06      78.0000      63.2000      468.354    0.0316000      14.8000
  2.88000e-06      77.6000      63.2000      455.696    0.0316000      14.4000
  2.90000e-06      78.4000      63.2000      481.013    0.0316000      15.2000
