  5.22000e-06      33.4000      15.1000      2423.84   0.00755000      18.3000
  5.24000e-06      34.2000      14.9000      2590.60   0.00745000      19.3000
  5.26000e-06      35.0000      14.9000      2697.99   0.00745000      20.1000
  5.28000e-06      35.4000      15.7000      2509.55   0.00785000      19.7000
  5.30000e-06      37.0000      16.9000      2378.70   0.00845000      20.1000
  5.32000e-06      37.8000      17.9000      2223.46   0.00895000      19.9000
  5.34000e-06      39.4000      18.7000      2213.90   0.00935000      20.7000
  5.36000e-06      39.4000      18.9000      2169.31   0.00945000      20.5000
  5.38000e-06      39.0000      18.9000      2126.98   0.00945000      20.1000
  5.40000e-06      39.4000      18.9000      2169.31   0.00945000      20.5000
  5.42000e-06      40.6000      19.5000      2164.10   0.00975000      21.1000
  5.44000e-06      41.4000      20.3000      2078.82    0.0101500      21.1000
  5.46000e-06      41.8000      21.1000      1962.09    0.0105500      20.7000
  5.48000e-06      41.8000      21.1000      1962.09    0.0105500      20.7000
  5.50000e-06      41.8000      21.3000      1924.88    0.0106500      20.5000
  5.52000e-06      41.8000      21.5000      1888.37    0.0107500      20.3000
  5.54000e-06      41.8000      21.7000      1852.53    0.0108500      20.1000
  5.56000e-06      41.8000      22.3000      1748.88    0.0111500      19.5000
  5.58000e-06      42.2000      22.5000      1751.11    0.0112500      19.7000
  5.60000e-06      42.2000      22.9000      1685.59    0.0114500      19.3000
  5.62000e-06      42.2000      22.9000      1685.59    0.0114500      19.3000
  5.64000e-06      42.6000      22.9000      1720.52    0.0114500      19.7000
  5.66000e-06      42.2000      23.1000      1653.68    0.0115500      19.1000
  5.68000e-06      42.6000      23.3000      1656.65    0.0116500      19.3000
  5.70000e-06      42.6000      23.5000      1625.53    0.0117500      19.1000
  5.72000e-06      42.6000      23.9000      1564.85    0.0119500      18.7000
  5.74000e-06      42.6000      23.9000      1564.85    0.0119500      18.7000
  5.76000e-06      43.0000      24.1000      1568.46    0.0120500      18.9000
  5.78000e-06      43.0000      24.3000      1539.09    0.0121500      18.7000
  5.80000e-06      43.0000      24.3000      1539.09    0.0121500      18.7000
  5.82000e-06      43.0000      24.7000      1481.78    0.0123500      18.3000
  5.84000e-06      43.0000      24.9000      1453.82    0.0124500      18.1000
  5.86000e-06      43.0000      25.1000      1426.29    0.0125500      17.9000
  5.88000e-06      43.0000      24.9000      1453.82    0.0124500      18.1000
  5.90000e-06      43.8000      25.3000      1462.45    0.0126500      18.5000
  5.92000e-06      43.4000      25.3000      1430.83    0.0126500      18.1000
  5.94000e-06      43.8000      25.3000      1462.45    0.0126500      18.5000
  5.96000e-06      43.8000      25.3000      1462.45    0.0126500      18.5000
  5.98000e-06      43.4000      25.3000      1430.83    0.0126500      18.1000
  6.00000e-06      43.4000      25.7000      1377.43    0.0128500      17.7000
  6.02000e-06      43.4000      25.7000      1377.43    0.0128500      17.7000
  6.04000e-06      43.0000      25.9000      1320.46    0.0129500      17.1000
  6.06000e-06      43.4000      26.1000      1325.67    0.0130500      17.3000
  6.08000e-06      43.4000      25.9000      1351.35    0.0129500      17.5000
  6.10000e-06      43.0000      26.1000      1295.02    0.0130500      16.9000
  6.12000e-06      43.0000      25.9000      1320.46    0.0129500      17.1000
  6.14000e-06      43.4000      25.7000      1377.43    0.0128500      17.7000
  6.16000e-06      43.4000      26.1000      1325.67    0.0130500      17.3000
  6.18000e-06      43.4000      25.7000      1377.43    0.0128500      17.7000
  6.20000e-06      42.2000      26.1000      1233.72    0.0130500      16.1000
  6.22000e-06      43.0000      25.9000      1320.46    0.0129500      17.1000
  6.24000e-06      43.4000      26.3000      1300.38    0.0131500      17.1000
  6.26000e-06      43.8000      26.3000      1330.80    0.0131500      17.5000
  6.28000e-06      43.0000      26.3000      1269.96    0.0131500      16.7000
  6.30000e-06      43.4000      26.3000      1300.38    0.0131500      17.1000
  6.32000e-06      43.4000      26.5000      1275.47    0.0132500      16.9000
  6.34000e-06      42.6000      26.5000      1215.09    0.0132500      16.1000
  6.36000e-06      43.8000      26.7000      1280.90    0.0133500      17.1000
  6.38000e-06      43.8000      26.5000      1305.66    0.0132500      17.3000
  6.40000e-06      43.8000      26.7000      1280.90    0.0133500      17.1000
  6.42000e-06      43.8000      26.5000      1305.66    0.0132500      17.3000
  6.44000e-06      43.4000      26.5000      1275.47    0.0132500      16.9000
  6.46000e-06      43.4000      26.7000      1250.94    0.0133500      16.7000
  6.48000e-06      43.4000      26.9000      1226.77    0.0134500      16.5000
  6.50000e-06      43.4000      26.5000      1275.47    0.0132500      16.9000
  6.52000e-06      43.0000      26.7000      1220.97    0.0133500      16.3000
  6.54000e-06      43.8000      26.7000      1280.90    0.0133500      17.1000
  6.56000e-06      43.4000      26.5000      1275.47    0.0132500      16.9000
  6.58000e-06      43.0000      26.7000      1220.97    0.0133500      16.3000
  6.60000e-06      43.8000      26.7000      1280.90    0.0133500      17.1000
  6.62000e-06      43.0000      27.1000      1173.43    0.0135500      15.9000
  6.64000e-06      43.8000      26.7000      1280.90    0.0133500      17.1000
  6.66000e-06      43.4000      26.9000      1226.77    0.0134500      16.5000
  6.68000e-06      43.8000      26.9000      1256.51    0.0134500      16.9000
  6.70000e-06      43.0000      27.1000      1173.43    0.0135500      15.9000
  6.72000e-06      43.8000      26.7000      1280.90    0.0133500      17.1000
  6.74000e-06      43.8000      26.9000      1256.51    0.0134500      16.9000
  6.76000e-06      43.4000      26.9000      1226.77    0.0134500      16.5000
  6.78000e-06      43.8000      27.3000      1208.79    0.0136500      16.5000
  6.80000e-06      43.8000      27.1000      1232.47    0.0135500      16.7000
  6.82000e-06      43.4000      27.1000      1202.95    0.0135500      16.3000
  6.84000e-06      43.8000      26.7000      1280.90    0.0133500      17.1000
  6.86000e-06      43.4000      27.1000      1202.95    0.0135500      16.3000
  6.88000e-06      43.4000      27.3000      1179.49    0.0136500      16.1000
  6.90000e-06      43.4000      27.3000      1179.49    0.0136500      16.1000
  6.92000e-06      43.4000      27.1000      1202.95    0.0135500      16.3000
  6.94000e-06      43.8000      26.9000      1256.51    0.0134500      16.9000
  6.96000e-06      42.6000      27.1000      1143.91    0.0135500      15.5000
  6.98000e-06      43.0000      27.1000      1173.43    0.0135500      15.9000
  7.00000e-06      43.4000      26.9000      1226.77    0.0134500      16.5000
  7.02000e-06      43.8000      26.9000      1256.51    0.0134500      16.9000
  7.04000e-06      43.4000      27.5000      1156.36    0.0137500      15.9000
  7.06000e-06      43.4000      27.1000      1202.95    0.0135500      16.3000
  7.08000e-06      43.4000      26.9000      1226.77    0.0134500      16.5000
  7.10000e-06      43.4000      27.3000      1179.49    0.0136500      16.1000
  7.12000e-06      43.4000      26.9000      1226.77    0.0134500      16.5000
  7.14000e-06      43.0000      26.9000      1197.03    0.0134500      16.1000
  7.16000e-06      43.0000      26.9000      1197.03    0.0134500      16.1000
  7.18000e-06      43.4000      27.1000      1202.95    0.0135500      16.3000
  7.20000e-06      43.4000      26.9000      1226.77    0.0134500      16.5000
  7.22000e-06      43.4000      27.1000      1202.95    0.0135500      16.3000
  7.24000e-06      43.4000      27.1000      1202.95    0.0135500      16.3000
  7.26000e-06      43.4000      27.1000      1202.95    0.0135500      16.3000
  7.28000e-06      43.4000      26.9000      1226.77    0.0134500      16.5000
  7.30000e-06      43.8000      27.3000      1208.79    0.0136500      16.5000
  7.32000e-06      44.6000      27.1000      1291.51    0.0135500      17.5000
  7.34000e-06      43.8000      27.3000      1208.79    0.0136500      16.5000
  7.36000e-06      43.8000      26.9000      1256.51    0.0134500      16.9000
  7.38000e-06      43.8000      27.5000      1185.45    0.0137500      16.3000
  7.40000e-06      43.4000      27.7000      1133.57    0.0138500      15.7000
  7.42000e-06      43.4000      27.3000      1179.49    0.0136500      16.1000
  7.44000e-06      44.2000      27.1000      1261.99    0.0135500      17.1000
  7.46000e-06      43.8000      27.1000      1232.47    0.0135500      16.7000
  7.48000e-06      43.8000      27.1000      1232.47    0.0135500      16.7000
  7.50000e-06      43.4000      27.1000      1202.95    0.0135500      16.3000
  7.52000e-06      43.4000      27.5000      1156.36    0.0137500      15.9000
  7.54000e-06      43.4000      27.3000      1179.49    0.0136500      16.1000
  7.56000e-06      43.8000      27.5000      1185.45    0.0137500      16.3000
  7.58000e-06      43.8000      27.3000      1208.79    0.0136500      16.5000
  7.60000e-06      43.4000      26.9000      1226.77    0.0134500      16.5000
  7.62000e-06      43.4000      27.3000      1179.49    0.0136500      16.1000
  7.64000e-06      43.4000      27.3000      1179.49    0.0136500      16.1000
  7.66000e-06      43.4000      27.3000      1179.49    0.0136500      16.1000
  7.68000e-06      43.0000      27.1000      1173.43    0.0135500      15.9000
  7.70000e-06      43.0000      27.1000      1173.43    0.0135500      15.9000
  7.72000e-06      43.0000      27.3000      1150.18    0.0136500      15.7000
  7.74000e-06      43.0000      26.7000      1220.97    0.0133500      16.3000
  7.76000e-06      42.6000      27.1000      1143.91    0.0135500      15.5000
  7.78000e-06      42.6000      27.1000      1143.91    0.0135500      15.5000
  7.80000e-06      43.4000      27.5000      1156.36    0.0137500      15.9000
  7.82000e-06      43.4000      27.3000      1179.49    0.0136500      16.1000
  7.84000e-06      43.8000      27.5000      1185.45    0.0137500      16.3000
  7.86000e-06      43.8000      27.5000      1185.45    0.0137500      16.3000
  7.88000e-06      43.0000      27.3000      1150.18    0.0136500      15.7000
  7.90000e-06      43.4000      27.5000      1156.36    0.0137500      15.9000
  7.92000e-06      43.8000      27.5000      1185.45    0.0137500      16.3000
