  1.06000e-05      74.8000      56.8000      633.803    0.0284000      18.0000
  1.06200e-05      74.8000      57.6000      597.222    0.0288000      17.2000
  1.06400e-05      75.2000      58.4000      575.342    0.0292000      16.8000
  1.06600e-05      76.0000      58.8000      585.034    0.0294000      17.2000
  1.06800e-05      75.6000      59.2000      554.054    0.0296000      16.4000
  1.07000e-05      76.4000      59.2000      581.081    0.0296000      17.2000
  1.07200e-05      76.4000      60.4000      529.801    0.0302000      16.0000
  1.07400e-05      76.0000      60.4000      516.556    0.0302000      15.6000
  1.07600e-05      76.4000      60.4000      529.801    0.0302000      16.0000
  1.07800e-05      76.4000      60.8000      513.158    0.0304000      15.6000
  1.08000e-05      76.4000      61.2000      496.732    0.0306000      15.2000
  1.08200e-05      77.2000      60.8000      539.474    0.0304000      16.4000
  1.08400e-05      76.8000      62.8000      445.860    0.0314000      14.0000
  1.08600e-05      77.2000      61.6000      506.493    0.0308000      15.6000
  1.08800e-05      76.8000      62.4000      461.538    0.0312000      14.4000
  1.09000e-05      77.2000      62.0000      490.322    0.0310000      15.2000
  1.09200e-05      77.6000      62.4000      487.179    0.0312000      15.2000
  1.09400e-05      78.0000      62.4000      500.000    0.0312000      15.6000
  1.09600e-05      77.6000      62.8000      471.338    0.0314000      14.8000
  1.09800e-05      78.0000      62.8000      484.076    0.0314000      15.2000
  1.10000e-05      77.6000      62.8000      471.338    0.0314000      14.8000
  1.10200e-05      77.6000      63.6000      440.252    0.0318000      14.0000
  1.10400e-05      78.4000      63.2000      481.013    0.0316000      15.2000
  1.10600e-05      78.0000      63.6000      452.830    0.0318000      14.4000
  1.10800e-05      77.6000      63.2000      455.696    0.0316000      14.4000
  1.11000e-05      78.0000      63.6000      452.830    0.0318000      14.4000
  1.11200e-05      78.0000      64.0000      437.500    0.0320000      14.0000
  1.11400e-05      77.2000      63.6000      427.673    0.0318000      13.6000
  1.11600e-05      77.6000      63.6000      440.252    0.0318000      14.0000
  1.11800e-05      78.4000      63.6000      465.409    0.0318000      14.8000
  1.12000e-05      77.6000      63.6000      440.252    0.0318000      14.0000
  1.12200e-05      78.4000      64.0000      450.000    0.0320000      14.4000
  1.12400e-05      78.0000      64.0000      437.500    0.0320000      14.0000
  1.12600e-05      77.6000      64.4000      409.938    0.0322000      13.2000
  1.12800e-05      78.0000      64.4000      422.360    0.0322000      13.6000
  1.13000e-05      78.8000      63.2000      493.671    0.0316000      15.6000
  1.13200e-05      77.6000      63.6000      440.252    0.0318000      14.0000
  1.13400e-05      77.6000      64.4000      409.938    0.0322000      13.2000
  1.13600e-05      78.0000      64.0000      437.500    0.0320000      14.0000
  1.13800e-05      78.0000      64.0000      437.500    0.0320000      14.0000
  1.14000e-05      78.4000      64.4000      434.783    0.0322000      14.0000
  1.14200e-05      78.4000      64.4000      434.783    0.0322000      14.0000
  1.14400e-05      78.4000      64.4000      434.783    0.0322000      14.0000
  1.14600e-05      78.0000      64.0000      437.500    0.0320000      14.0000
  1.14800e-05      78.4000      63.6000      465.409    0.0318000      14.8000
  1.15000e-05      78.4000      64.0000      450.000    0.0320000      14.4000
  1.15200e-05      78.4000      64.4000      434.783    0.0322000      14.0000
  1.15400e-05      78.4000      64.4000      434.783    0.0322000      14.0000
  1.15600e-05      78.4000      64.4000      434.783    0.0322000      14.0000
  1.15800e-05      78.8000      64.4000      447.205    0.0322000      14.4000
  1.16000e-05      78.4000      64.4000      434.783    0.0322000      14.0000
  1.16200e-05      78.4000      63.6000      465.409    0.0318000      14.8000
  1.16400e-05      77.6000      64.4000      409.938    0.0322000      13.2000
  1.16600e-05      78.4000      64.4000      434.783    0.0322000      14.0000
  1.16800e-05      78.0000      64.4000      422.360    0.0322000      13.6000
  1.17000e-05      78.4000      64.4000      434.783    0.0322000      14.0000
  1.17200e-05      78.4000      64.4000      434.783    0.0322000      14.0000
  1.17400e-05      78.4000      64.4000      434.783    0.0322000      14.0000
  1.17600e-05      78.4000      64.0000      450.000    0.0320000      14.4000
  1.17800e-05      78.0000      63.6000      452.830    0.0318000      14.4000
  1.18000e-05      78.8000      64.4000      447.205    0.0322000      14.4000
  1.18200e-05      78.0000      64.8000      407.407    0.0324000      13.2000
  1.18400e-05      78.0000      64.4000      422.360    0.0322000      13.6000
  1.18600e-05      78.4000      64.4000      434.783    0.0322000      14.0000
  1.18800e-05      78.4000      64.0000      450.000    0.0320000      14.4000
  1.19000e-05      78.8000      64.0000      462.500    0.0320000      14.8000
  1.19200e-05      79.2000      64.4000      459.627    0.0322000      14.8000
  1.19400e-05      78.4000      64.0000      450.000    0.0320000      14.4000
  1.19600e-05      78.4000      64.4000      434.783    0.0322000      14.0000
  1.19800e-05      78.4000      64.8000      419.753    0.0324000      13.6000
  1.20000e-05      78.8000      64.8000      432.099    0.0324000      14.0000
  1.20200e-05      78.0000      64.4000      422.360    0.0322000      13.6000
  1.20400e-05      78.4000      64.4000      434.783    0.0322000      14.0000
  1.20600e-05      78.4000      64.8000      419.753    0.0324000      13.6000
  1.20800e-05      77.6000      64.4000      409.938    0.0322000      13.2000
  1.21000e-05      78.0000      64.4000      422.360    0.0322000      13.6000
  1.21200e-05      78.0000      64.4000      422.360    0.0322000      13.6000
  1.21400e-05      78.0000      64.4000      422.360    0.0322000      13.6000
  1.21600e-05      78.0000      64.4000      422.360    0.0322000      13.6000
  1.21800e-05      78.0000      64.4000      422.360    0.0322000      13.6000
  1.22000e-05      78.0000      64.4000      422.360    0.0322000      13.6000
  1.22200e-05      78.8000      63.6000      477.988    0.0318000      15.2000
  1.22400e-05      78.0000      64.8000      407.407    0.0324000      13.2000
  1.22600e-05      78.0000      64.8000      407.407    0.0324000      13.2000
  1.22800e-05      78.0000      64.8000      407.407    0.0324000      13.2000
  1.23000e-05      78.4000      63.6000      465.409    0.0318000      14.8000
  1.23200e-05      78.4000      64.0000      450.000    0.0320000      14.4000
  1.23400e-05      78.0000      64.8000      407.407    0.0324000      13.2000
  1.23600e-05      77.6000      64.0000      425.000    0.0320000      13.6000
  1.23800e-05      77.6000      64.4000      409.938    0.0322000      13.2000
  1.24000e-05      78.4000      64.8000      419.753    0.0324000      13.6000
  1.24200e-05      78.4000      64.4000      434.783    0.0322000      14.0000
  1.24400e-05      78.4000      64.4000      434.783    0.0322000      14.0000
  1.24600e-05      77.6000      64.0000      425.000    0.0320000      13.6000
  1.24800e-05      78.4000      64.4000      434.783    0.0322000      14.0000
  1.25000e-05      78.0000      64.4000      422.360    0.0322000      13.6000
  1.25200e-05      78.4000      64.8000      419.753    0.0324000      13.6000
  1.25400e-05      78.4000      64.8000      419.753    0.0324000      13.6000
  1.25600e-05      78.0000      64.4000      422.360    0.0322000      13.6000
  1.25800e-05      78.4000      64.4000      434.783    0.0322000      14.0000
  1.26000e-05      78.0000      64.0000      437.500    0.0320000      14.0000
  1.26200e-05      78.4000      64.4000      434.783    0.0322000      14.0000
  1.26400e-05      78.0000      64.8000      407.407    0.0324000      13.2000
  1.26600e-05      78.8000      64.4000      447.205    0.0322000      14.4000
  1.26800e-05      78.8000      64.4000      447.205    0.0322000      14.4000
  1.27000e-05      78.8000      64.4000      447.205    0.0322000      14.4000
  1.27200e-05      78.0000      64.8000      407.407    0.0324000      13.2000
  1.27400e-05      77.6000      64.8000      395.062    0.0324000      12.8000
  1.27600e-05      78.0000      64.4000      422.360    0.0322000      13.6000
  1.27800e-05      78.8000      64.4000      447.205    0.0322000      14.4000
  1.28000e-05      78.8000      65.2000      417.178    0.0326000      13.6000
