  0.000152000      9.96000      3.74000      9978.61  0.000623333      6.22000
  0.000153000      9.96000      3.70000      10151.4  0.000616667      6.26000
  0.000154000      9.96000      3.62000      10508.3  0.000603333      6.34000
  0.000155000      9.88000      3.62000      10375.7  0.000603333      6.26000
  0.000156000      9.96000      3.54000      10881.4  0.000590000      6.42000
  0.000157000      9.80000      3.54000      10610.2  0.000590000      6.26000
  0.000158000      10.0400      3.50000      11211.4  0.000583333      6.54000
  0.000159000      9.96000      3.46000      11271.7  0.000576667      6.50000
  0.000160000      9.88000      3.50000      10937.1  0.000583333      6.38000
  0.000161000      9.88000      3.50000      10937.1  0.000583333      6.38000
  0.000162000      9.96000      3.50000      11074.3  0.000583333      6.46000
  0.000163000      9.96000      3.50000      11074.3  0.000583333      6.46000
  0.000164000      10.0400      3.50000      11211.4  0.000583333      6.54000
  0.000165000      10.0400      3.50000      11211.4  0.000583333      6.54000
  0.000166000      9.96000      3.62000      10508.3  0.000603333      6.34000
  0.000167000      10.0400      3.54000      11016.9  0.000590000      6.50000
  0.000168000      10.2000      3.54000      11288.1  0.000590000      6.66000
  0.000169000      10.0400      3.46000      11410.4  0.000576667      6.58000
  0.000170000      9.96000      3.50000      11074.3  0.000583333      6.46000
  0.000171000      9.88000      3.50000      10937.1  0.000583333      6.38000
  0.000172000      10.0400      3.54000      11016.9  0.000590000      6.50000
  0.000173000      9.96000      3.50000      11074.3  0.000583333      6.46000
  0.000174000      9.96000      3.58000      10692.7  0.000596667      6.38000
  0.000175000      9.96000      3.54000      10881.4  0.000590000      6.42000
  0.000176000      10.0400      3.58000      10826.8  0.000596667      6.46000
  0.000177000      9.96000      3.46000      11271.7  0.000576667      6.50000
  0.000178000      10.0400      3.50000      11211.4  0.000583333      6.54000
  0.000179000      9.88000      3.42000      11333.3  0.000570000      6.46000
  0.000180000      10.1200      3.50000      11348.6  0.000583333      6.62000
  0.000181000      10.0400      3.54000      11016.9  0.000590000      6.50000
  0.000182000      9.96000      3.46000      11271.7  0.000576667      6.50000
  0.000183000      9.96000      3.54000      10881.4  0.000590000      6.42000
  0.000184000      10.0400      3.50000      11211.4  0.000583333      6.54000
  0.000185000      9.88000      3.54000      10745.8  0.000590000      6.34000
  0.000186000      10.0400      3.50000      11211.4  0.000583333      6.54000
  0.000187000      9.88000      3.50000      10937.1  0.000583333      6.38000
  0.000188000      9.96000      3.38000      11680.5  0.000563333      6.58000
  0.000189000      10.0400      3.50000      11211.4  0.000583333      6.54000
  0.000190000      9.96000      3.46000      11271.7  0.000576667      6.50000
  0.000191000      9.96000      3.38000      11680.5  0.000563333      6.58000
  0.000192000      10.1200      3.50000      11348.6  0.000583333      6.62000
  0.000193000      9.96000      3.46000      11271.7  0.000576667      6.50000
  0.000194000      10.0400      3.50000      11211.4  0.000583333      6.54000
  0.000195000      10.0400      3.50000      11211.4  0.000583333      6.54000
  0.000196000      9.88000      3.58000      10558.7  0.000596667      6.30000
  0.000197000      10.0400      3.54000      11016.9  0.000590000      6.50000
  0.000198000      10.0400      3.42000      11614.0  0.000570000      6.62000
  0.000199000      10.0400      3.42000      11614.0  0.000570000      6.62000
  0.000200000      10.0400      3.46000      11410.4  0.000576667      6.58000
  0.000201000      10.1200      3.46000      11549.1  0.000576667      6.66000
  0.000202000      10.0400      3.46000      11410.4  0.000576667      6.58000
  0.000203000      9.96000      3.58000      10692.7  0.000596667      6.38000
  0.000204000      10.0400      3.58000      10826.8  0.000596667      6.46000
  0.000205000      9.88000      3.46000      11132.9  0.000576667      6.42000
  0.000206000      10.0400      3.50000      11211.4  0.000583333      6.54000
  0.000207000      9.96000      3.54000      10881.4  0.000590000      6.42000
  0.000208000      10.0400      3.50000      11211.4  0.000583333      6.54000
  0.000209000      10.0400      3.46000      11410.4  0.000576667      6.58000
  0.000210000      10.1200      3.46000      11549.1  0.000576667      6.66000
  0.000211000      10.1200      3.46000      11549.1  0.000576667      6.66000
  0.000212000      9.96000      3.42000      11473.7  0.000570000      6.54000
  0.000213000      9.96000      3.50000      11074.3  0.000583333      6.46000
  0.000214000      10.0400      3.50000      11211.4  0.000583333      6.54000
  0.000215000      10.0400      3.46000      11410.4  0.000576667      6.58000
  0.000216000      10.0400      3.54000      11016.9  0.000590000      6.50000
  0.000217000      9.96000      3.54000      10881.4  0.000590000      6.42000
  0.000218000      10.1200      3.58000      10960.9  0.000596667      6.54000
  0.000219000      9.88000      3.54000      10745.8  0.000590000      6.34000
  0.000220000      10.1200      3.62000      10773.5  0.000603333      6.50000
  0.000221000      10.0400      3.58000      10826.8  0.000596667      6.46000
  0.000222000      9.80000      3.50000      10800.0  0.000583333      6.30000
  0.000223000      10.0400      3.54000      11016.9  0.000590000      6.50000
  0.000224000      9.96000      3.42000      11473.7  0.000570000      6.54000
  0.000225000      9.96000      3.50000      11074.3  0.000583333      6.46000
  0.000226000      9.80000      3.46000      10994.2  0.000576667      6.34000
  0.000227000      9.96000      3.46000      11271.7  0.000576667      6.50000
  0.000228000      10.0400      3.50000      11211.4  0.000583333      6.54000
  0.000229000      9.96000      3.54000      10881.4  0.000590000      6.42000
  0.000230000      9.96000      3.50000      11074.3  0.000583333      6.46000
  0.000231000      10.0400      3.54000      11016.9  0.000590000      6.50000
  0.000232000      9.96000      3.58000      10692.7  0.000596667      6.38000
  0.000233000      9.72000      3.58000      10290.5  0.000596667      6.14000
  0.000234000      10.0400      3.54000      11016.9  0.000590000      6.50000
  0.000235000      10.0400      3.54000      11016.9  0.000590000      6.50000
  0.000236000      9.96000      3.42000      11473.7  0.000570000      6.54000
  0.000237000      9.96000      3.54000      10881.4  0.000590000      6.42000
  0.000238000      9.96000      3.46000      11271.7  0.000576667      6.50000
  0.000239000      9.96000      3.54000      10881.4  0.000590000      6.42000
  0.000240000      9.96000      3.50000      11074.3  0.000583333      6.46000
  0.000241000      9.96000      3.58000      10692.7  0.000596667      6.38000
  0.000242000      10.1200      3.66000      10590.2  0.000610000      6.46000
  0.000243000      9.96000      3.54000      10881.4  0.000590000      6.42000
  0.000244000      10.0400      3.62000      10640.9  0.000603333      6.42000
  0.000245000      10.0400      3.62000      10640.9  0.000603333      6.42000
  0.000246000      9.96000      3.62000      10508.3  0.000603333      6.34000
  0.000247000      10.0400      3.66000      10459.0  0.000610000      6.38000
  0.000248000      10.0400      3.62000      10640.9  0.000603333      6.42000
  0.000249000      10.0400      3.62000      10640.9  0.000603333      6.42000
