  4.00000e-06      9.96000      3.46000      11271.7  0.000576667      6.50000
  5.00000e-06      10.0400      3.42000      11614.0  0.000570000      6.62000
  6.00000e-06      10.0400      3.46000      11410.4  0.000576667      6.58000
  7.00000e-06      9.96000      3.54000      10881.4  0.000590000      6.42000
  8.00000e-06      9.88000      3.54000      10745.8  0.000590000      6.34000
  9.00000e-06      10.1200      3.50000      11348.6  0.000583333      6.62000
  1.00000e-05      10.0400      3.46000      11410.4  0.000576667      6.58000
  1.10000e-05      10.0400      3.54000      11016.9  0.000590000      6.50000
  1.20000e-05      9.96000      3.54000      10881.4  0.000590000      6.42000
  1.30000e-05      10.0400      3.54000      11016.9  0.000590000      6.50000
  1.40000e-05      10.0400      3.50000      11211.4  0.000583333      6.54000
  1.50000e-05      9.96000      3.50000      11074.3  0.000583333      6.46000
  1.60000e-05      9.96000      3.54000      10881.4  0.000590000      6.42000
  1.70000e-05      10.1200      3.50000      11348.6  0.000583333      6.62000
  1.80000e-05      9.96000      3.62000      10508.3  0.000603333      6.34000
  1.90000e-05      9.96000      3.50000      11074.3  0.000583333      6.46000
  2.00000e-05      10.0400      3.50000      11211.4  0.000583333      6.54000
  2.10000e-05      9.96000      3.58000      10692.7  0.000596667      6.38000
  2.20000e-05      9.96000      3.50000      11074.3  0.000583333      6.46000
  2.30000e-05      10.0400      3.54000      11016.9  0.000590000      6.50000
  2.40000e-05      10.0400      3.50000      11211.4  0.000583333      6.54000
  2.50000e-05      9.88000      3.50000      10937.1  0.000583333      6.38000
  2.60000e-05      10.0400      3.42000      11614.0  0.000570000      6.62000
  2.70000e-05      10.0400      3.58000      10826.8  0.000596667      6.46000
  2.80000e-05      9.96000      3.58000      10692.7  0.000596667      6.38000
  2.90000e-05      10.0400      3.54000      11016.9  0.000590000      6.50000
  3.00000e-05      10.0400      3.54000      11016.9  0.000590000      6.50000
  3.10000e-05      9.96000      3.58000      10692.7  0.000596667      6.38000
  3.20000e-05      10.0400      3.50000      11211.4  0.000583333      6.54000
  3.30000e-05      9.96000      3.50000      11074.3  0.000583333      6.46000
  3.40000e-05      9.80000      3.62000      10243.1  0.000603333      6.18000
  3.50000e-05      10.0400      3.50000      11211.4  0.000583333      6.54000
  3.60000e-05      9.88000      3.58000      10558.7  0.000596667      6.30000
  3.70000e-05      10.1200      3.62000      10773.5  0.000603333      6.50000
  3.80000e-05      10.0400      3.62000      10640.9  0.000603333      6.42000
  3.90000e-05      9.96000      3.50000      11074.3  0.000583333      6.46000
  4.00000e-05      10.0400      3.58000      10826.8  0.000596667      6.46000
  4.10000e-05      9.96000      3.58000      10692.7  0.000596667      6.38000
  4.20000e-05      9.80000      3.58000      10424.6  0.000596667      6.22000
  4.30000e-05      9.96000      3.62000      10508.3  0.000603333      6.34000
  4.40000e-05      9.96000      3.54000      10881.4  0.000590000      6.42000
  4.50000e-05      9.96000      3.54000      10881.4  0.000590000      6.42000
  4.60000e-05      9.88000      3.58000      10558.7  0.000596667      6.30000
  4.70000e-05      9.96000      3.62000      10508.3  0.000603333      6.34000
  4.80000e-05      10.0400      3.62000      10640.9  0.000603333      6.42000
  4.90000e-05      9.96000      3.54000      10881.4  0.000590000      6.42000
  5.00000e-05      10.0400      3.58000      10826.8  0.000596667      6.46000
  5.10000e-05      10.0400      3.54000      11016.9  0.000590000      6.50000
  5.20000e-05      10.0400      3.54000      11016.9  0.000590000      6.50000
  5.30000e-05      9.80000      3.58000      10424.6  0.000596667      6.22000
  5.40000e-05      9.96000      3.54000      10881.4  0.000590000      6.42000
  5.50000e-05      9.96000      3.62000      10508.3  0.000603333      6.34000
  5.60000e-05      9.96000      3.58000      10692.7  0.000596667      6.38000
  5.70000e-05      9.96000      3.54000      10881.4  0.000590000      6.42000
  5.80000e-05      9.96000      3.50000      11074.3  0.000583333      6.46000
  5.90000e-05      10.0400      3.58000      10826.8  0.000596667      6.46000
  6.00000e-05      9.88000      3.58000      10558.7  0.000596667      6.30000
  6.10000e-05      9.96000      3.58000      10692.7  0.000596667      6.38000
  6.20000e-05      9.96000      3.66000      10327.9  0.000610000      6.30000
  6.30000e-05      10.0400      3.62000      10640.9  0.000603333      6.42000
  6.40000e-05      9.88000      3.58000      10558.7  0.000596667      6.30000
  6.50000e-05      9.88000      3.58000      10558.7  0.000596667      6.30000
  6.60000e-05      9.96000      3.66000      10327.9  0.000610000      6.30000
  6.70000e-05      9.88000      3.58000      10558.7  0.000596667      6.30000
  6.80000e-05      10.0400      3.54000      11016.9  0.000590000      6.50000
  6.90000e-05      9.96000      3.62000      10508.3  0.000603333      6.34000
  7.00000e-05      9.96000      3.58000      10692.7  0.000596667      6.38000
  7.10000e-05      10.0400      3.58000      10826.8  0.000596667      6.46000
  7.20000e-05      9.88000      3.58000      10558.7  0.000596667      6.30000
  7.30000e-05      9.96000      3.62000      10508.3  0.000603333      6.34000
  7.40000e-05      9.96000      3.62000      10508.3  0.000603333      6.34000
  7.50000e-05      9.88000      3.62000      10375.7  0.000603333      6.26000
  7.60000e-05      9.72000      3.58000      10290.5  0.000596667      6.14000
  7.70000e-05      10.0400      3.62000      10640.9  0.000603333      6.42000
  7.80000e-05      9.88000      3.54000      10745.8  0.000590000      6.34000
  7.90000e-05      9.88000      3.58000      10558.7  0.000596667      6.30000
  8.00000e-05      9.96000      3.58000      10692.7  0.000596667      6.38000
  8.10000e-05      10.0400      3.50000      11211.4  0.000583333      6.54000
  8.20000e-05      10.0400      3.62000      10640.9  0.000603333      6.42000
  8.30000e-05      10.0400      3.58000      10826.8  0.000596667      6.46000
  8.40000e-05      9.96000      3.62000      10508.3  0.000603333      6.34000
  8.50000e-05      9.88000      3.58000      10558.7  0.000596667      6.30000
  8.60000e-05      9.96000      3.70000      10151.4  0.000616667      6.26000
  8.70000e-05      9.96000      3.62000      10508.3  0.000603333      6.34000
  8.80000e-05      10.0400      3.54000      11016.9  0.000590000      6.50000
  8.90000e-05      9.96000      3.62000      10508.3  0.000603333      6.34000
  9.00000e-05      10.0400      3.58000      10826.8  0.000596667      6.46000
  9.10000e-05      10.0400      3.54000      11016.9  0.000590000      6.50000
  9.20000e-05      9.96000      3.54000      10881.4  0.000590000      6.42000
  9.30000e-05      9.88000      3.62000      10375.7  0.000603333      6.26000
  9.40000e-05      9.96000      3.62000      10508.3  0.000603333      6.34000
  9.50000e-05      9.96000      3.66000      10327.9  0.000610000      6.30000
  9.60000e-05      9.96000      3.66000      10327.9  0.000610000      6.30000
  9.70000e-05      10.0400      3.62000      10640.9  0.000603333      6.42000
  9.80000e-05      9.88000      3.62000      10375.7  0.000603333      6.26000
  9.90000e-05      10.0400      3.50000      11211.4  0.000583333      6.54000
