  5.36000e-07      29.1000      13.1000      2442.75   0.00655000      16.0000
  5.40000e-07      28.9000      13.1000      2412.21   0.00655000      15.8000
  5.44000e-07      29.1000      13.1000      2442.75   0.00655000      16.0000
  5.48000e-07      28.9000      12.9000      2480.62   0.00645000      16.0000
  5.52000e-07      29.3000      12.9000      2542.64   0.00645000      16.4000
  5.56000e-07      29.3000      13.1000      2473.28   0.00655000      16.2000
  5.60000e-07      29.1000      13.3000      2375.94   0.00665000      15.8000
  5.64000e-07      29.3000      13.1000      2473.28   0.00655000      16.2000
  5.68000e-07      29.3000      12.9000      2542.64   0.00645000      16.4000
  5.72000e-07      29.1000      13.3000      2375.94   0.00665000      15.8000
  5.76000e-07      29.5000      12.9000      2573.64   0.00645000      16.6000
  5.80000e-07      29.3000      13.3000      2406.01   0.00665000      16.0000
  5.84000e-07      29.3000      13.1000      2473.28   0.00655000      16.2000
  5.88000e-07      29.5000      13.1000      2503.82   0.00655000      16.4000
  5.92000e-07      29.7000      13.3000      2466.17   0.00665000      16.4000
  5.96000e-07      29.7000      13.3000      2466.17   0.00665000      16.4000
  6.00000e-07      29.3000      13.1000      2473.28   0.00655000      16.2000
  6.04000e-07      29.5000      13.3000      2436.09   0.00665000      16.2000
  6.08000e-07      29.7000      13.5000      2400.00   0.00675000      16.2000
  6.12000e-07      29.5000      13.5000      2370.37   0.00675000      16.0000
  6.16000e-07      29.3000      13.5000      2340.74   0.00675000      15.8000
  6.20000e-07      29.5000      13.1000      2503.82   0.00655000      16.4000
  6.24000e-07      29.5000      13.5000      2370.37   0.00675000      16.0000
  6.28000e-07      29.9000      13.3000      2496.24   0.00665000      16.6000
  6.32000e-07      29.9000      13.5000      2429.63   0.00675000      16.4000
  6.36000e-07      29.3000      13.5000      2340.74   0.00675000      15.8000
  6.40000e-07      29.9000      13.5000      2429.63   0.00675000      16.4000
  6.44000e-07      30.1000      13.7000      2394.16   0.00685000      16.4000
  6.48000e-07      29.5000      13.7000      2306.57   0.00685000      15.8000
  6.52000e-07      29.9000      13.5000      2429.63   0.00675000      16.4000
  6.56000e-07      29.9000      13.5000      2429.63   0.00675000      16.4000
  6.60000e-07      29.9000      13.7000      2364.96   0.00685000      16.2000
  6.64000e-07      29.7000      13.7000      2335.77   0.00685000      16.0000
  6.68000e-07      29.7000      13.7000      2335.77   0.00685000      16.0000
  6.72000e-07      29.5000      13.5000      2370.37   0.00675000      16.0000
  6.76000e-07      29.7000      13.5000      2400.00   0.00675000      16.2000
  6.80000e-07      29.7000      13.7000      2335.77   0.00685000      16.0000
  6.84000e-07      29.5000      13.7000      2306.57   0.00685000      15.8000
  6.88000e-07      30.1000      13.7000      2394.16   0.00685000      16.4000
  6.92000e-07      29.9000      13.5000      2429.63   0.00675000      16.4000
  6.96000e-07      29.7000      13.7000      2335.77   0.00685000      16.0000
  7.00000e-07      29.9000      13.5000      2429.63   0.00675000      16.4000
  7.04000e-07      29.7000      13.5000      2400.00   0.00675000      16.2000
  7.08000e-07      29.9000      13.9000      2302.16   0.00695000      16.0000
  7.12000e-07      29.7000      13.9000      2273.38   0.00695000      15.8000
  7.16000e-07      29.7000      13.7000      2335.77   0.00685000      16.0000
  7.20000e-07      29.5000      13.9000      2244.60   0.00695000      15.6000
  7.24000e-07      29.5000      13.7000      2306.57   0.00685000      15.8000
  7.28000e-07      29.9000      13.7000      2364.96   0.00685000      16.2000
  7.32000e-07      29.7000      13.9000      2273.38   0.00695000      15.8000
  7.36000e-07      30.3000      13.9000      2359.71   0.00695000      16.4000
  7.40000e-07      29.9000      13.7000      2364.96   0.00685000      16.2000
  7.44000e-07      29.9000      13.7000      2364.96   0.00685000      16.2000
  7.48000e-07      29.7000      13.9000      2273.38   0.00695000      15.8000
  7.52000e-07      30.1000      13.7000      2394.16   0.00685000      16.4000
  7.56000e-07      29.9000      13.9000      2302.16   0.00695000      16.0000
  7.60000e-07      29.9000      14.1000      2241.13   0.00705000      15.8000
  7.64000e-07      29.9000      14.1000      2241.13   0.00705000      15.8000
  7.68000e-07      29.9000      13.7000      2364.96   0.00685000      16.2000
  7.72000e-07      29.9000      13.9000      2302.16   0.00695000      16.0000
  7.76000e-07      29.9000      14.1000      2241.13   0.00705000      15.8000
  7.80000e-07      29.9000      14.1000      2241.13   0.00705000      15.8000
  7.84000e-07      29.9000      13.9000      2302.16   0.00695000      16.0000
  7.88000e-07      30.1000      14.1000      2269.50   0.00705000      16.0000
  7.92000e-07      30.1000      13.9000      2330.94   0.00695000      16.2000
  7.96000e-07      29.9000      14.3000      2181.82   0.00715000      15.6000
  8.00000e-07      30.1000      14.3000      2209.79   0.00715000      15.8000
  8.04000e-07      30.1000      13.9000      2330.94   0.00695000      16.2000
  8.08000e-07      29.9000      13.9000      2302.16   0.00695000      16.0000
  8.12000e-07      30.3000      14.3000      2237.76   0.00715000      16.0000
  8.16000e-07      29.9000      14.3000      2181.82   0.00715000      15.6000
  8.20000e-07      29.9000      14.3000      2181.82   0.00715000      15.6000
  8.24000e-07      30.1000      14.5000      2151.72   0.00725000      15.6000
  8.28000e-07      30.3000      13.9000      2359.71   0.00695000      16.4000
  8.32000e-07      30.1000      14.1000      2269.50   0.00705000      16.0000
  8.36000e-07      30.3000      14.3000      2237.76   0.00715000      16.0000
  8.40000e-07      30.3000      14.7000      2122.45   0.00735000      15.6000
  8.44000e-07      30.5000      14.3000      2265.73   0.00715000      16.2000
  8.48000e-07      30.3000      14.1000      2297.87   0.00705000      16.2000
  8.52000e-07      30.3000      14.1000      2297.87   0.00705000      16.2000
  8.56000e-07      30.5000      14.3000      2265.73   0.00715000      16.2000
  8.60000e-07      30.5000      14.1000      2326.24   0.00705000      16.4000
  8.64000e-07      30.5000      14.5000      2206.90   0.00725000      16.0000
  8.68000e-07      30.1000      14.5000      2151.72   0.00725000      15.6000
  8.72000e-07      30.1000      14.1000      2269.50   0.00705000      16.0000
  8.76000e-07      30.5000      14.3000      2265.73   0.00715000      16.2000
  8.80000e-07      30.5000      14.3000      2265.73   0.00715000      16.2000
  8.84000e-07      30.3000      14.5000      2179.31   0.00725000      15.8000
  8.88000e-07      30.3000      14.5000      2179.31   0.00725000      15.8000
  8.92000e-07      30.5000      14.1000      2326.24   0.00705000      16.4000
  8.96000e-07      30.5000      14.5000      2206.90   0.00725000      16.0000
  9.00000e-07      30.3000      14.3000      2237.76   0.00715000      16.0000
  9.04000e-07      29.9000      14.5000      2124.14   0.00725000      15.4000
  9.08000e-07      30.5000      14.3000      2265.73   0.00715000      16.2000
  9.12000e-07      30.5000      14.3000      2265.73   0.00715000      16.2000
  9.16000e-07      30.3000      14.1000      2297.87   0.00705000      16.2000
  9.20000e-07      30.1000      14.3000      2209.79   0.00715000      15.8000
  9.24000e-07      30.5000      14.3000      2265.73   0.00715000      16.2000
  9.28000e-07      30.1000      14.5000      2151.72   0.00725000      15.6000
  9.32000e-07      30.5000      14.5000      2206.90   0.00725000      16.0000
  9.36000e-07      30.3000      14.7000      2122.45   0.00735000      15.6000
  9.40000e-07      30.3000      14.5000      2179.31   0.00725000      15.8000
  9.44000e-07      30.5000      14.7000      2149.66   0.00735000      15.8000
  9.48000e-07      30.3000      14.3000      2237.76   0.00715000      16.0000
  9.52000e-07      30.5000      14.5000      2206.90   0.00725000      16.0000
  9.56000e-07      30.5000      14.7000      2149.66   0.00735000      15.8000
  9.60000e-07      30.5000      14.3000      2265.73   0.00715000      16.2000
  9.64000e-07      30.1000      14.5000      2151.72   0.00725000      15.6000
  9.68000e-07      29.9000      14.3000      2181.82   0.00715000      15.6000
  9.72000e-07      30.1000      14.7000      2095.24   0.00735000      15.4000
  9.76000e-07      30.1000      14.5000      2151.72   0.00725000      15.6000
  9.80000e-07      30.3000      14.7000      2122.45   0.00735000      15.6000
  9.84000e-07      29.9000      14.7000      2068.03   0.00735000      15.2000
  9.88000e-07      30.3000      14.9000      2067.11   0.00745000      15.4000
  9.92000e-07      30.3000      14.7000      2122.45   0.00735000      15.6000
  9.96000e-07      30.5000      14.5000      2206.90   0.00725000      16.0000
  1.00000e-06      30.7000      14.7000      2176.87   0.00735000      16.0000
  1.00400e-06      30.3000      14.7000      2122.45   0.00735000      15.6000
  1.00800e-06      30.5000      14.7000      2149.66   0.00735000      15.8000
  1.01200e-06      30.3000      14.7000      2122.45   0.00735000      15.6000
  1.01600e-06      29.9000      14.5000      2124.14   0.00725000      15.4000
  1.02000e-06      30.3000      14.7000      2122.45   0.00735000      15.6000
  1.02400e-06      30.1000      14.7000      2095.24   0.00735000      15.4000
  1.02800e-06      30.1000      14.7000      2095.24   0.00735000      15.4000
  1.03200e-06      30.1000      14.5000      2151.72   0.00725000      15.6000
  1.03600e-06      30.3000      14.7000      2122.45   0.00735000      15.6000
  1.04000e-06      30.1000      14.9000      2040.27   0.00745000      15.2000
  1.04400e-06      30.1000      14.7000      2095.24   0.00735000      15.4000
  1.04800e-06      29.9000      14.7000      2068.03   0.00735000      15.2000
  1.05200e-06      30.1000      14.7000      2095.24   0.00735000      15.4000
  1.05600e-06      30.3000      14.9000      2067.11   0.00745000      15.4000
  1.06000e-06      30.3000      14.5000      2179.31   0.00725000      15.8000
  1.06400e-06      30.1000      14.5000      2151.72   0.00725000      15.6000
  1.06800e-06      30.3000      14.5000      2179.31   0.00725000      15.8000
  1.07200e-06      29.9000      14.7000      2068.03   0.00735000      15.2000
  1.07600e-06      30.5000      14.5000      2206.90   0.00725000      16.0000
  1.08000e-06      30.1000      14.5000      2151.72   0.00725000      15.6000
  1.08400e-06      29.7000      14.7000      2040.82   0.00735000      15.0000
  1.08800e-06      30.1000      14.7000      2095.24   0.00735000      15.4000
  1.09200e-06      30.3000      14.5000      2179.31   0.00725000      15.8000
  1.09600e-06      30.1000      14.7000      2095.24   0.00735000      15.4000
  1.10000e-06      30.3000      14.5000      2179.31   0.00725000      15.8000
  1.10400e-06      30.3000      14.9000      2067.11   0.00745000      15.4000
  1.10800e-06      30.1000      14.7000      2095.24   0.00735000      15.4000
  1.11200e-06      30.3000      14.3000      2237.76   0.00715000      16.0000
  1.11600e-06      29.9000      14.7000      2068.03   0.00735000      15.2000
  1.12000e-06      30.1000      14.5000      2151.72   0.00725000      15.6000
  1.12400e-06      30.1000      14.7000      2095.24   0.00735000      15.4000
  1.12800e-06      30.1000      14.7000      2095.24   0.00735000      15.4000
  1.13200e-06      30.1000      14.3000      2209.79   0.00715000      15.8000
  1.13600e-06      29.9000      14.7000      2068.03   0.00735000      15.2000
  1.14000e-06      30.1000      14.7000      2095.24   0.00735000      15.4000
  1.14400e-06      29.9000      14.9000      2013.42   0.00745000      15.0000
  1.14800e-06      29.7000      14.7000      2040.82   0.00735000      15.0000
  1.15200e-06      29.9000      14.5000      2124.14   0.00725000      15.4000
  1.15600e-06      30.5000      15.1000      2039.74   0.00755000      15.4000
  1.16000e-06      30.1000      15.1000      1986.76   0.00755000      15.0000
  1.16400e-06      30.1000      14.7000      2095.24   0.00735000      15.4000
  1.16800e-06      30.1000      14.9000      2040.27   0.00745000      15.2000
  1.17200e-06      30.1000      14.9000      2040.27   0.00745000      15.2000
  1.17600e-06      30.1000      15.1000      1986.76   0.00755000      15.0000
  1.18000e-06      30.5000      14.9000      2093.96   0.00745000      15.6000
  1.18400e-06      30.3000      14.7000      2122.45   0.00735000      15.6000
  1.18800e-06      29.9000      14.7000      2068.03   0.00735000      15.2000
  1.19200e-06      30.1000      14.7000      2095.24   0.00735000      15.4000
  1.19600e-06      29.9000      14.7000      2068.03   0.00735000      15.2000
  1.20000e-06      29.9000      14.7000      2068.03   0.00735000      15.2000
  1.20400e-06      30.3000      15.1000      2013.24   0.00755000      15.2000
  1.20800e-06      30.5000      14.7000      2149.66   0.00735000      15.8000
  1.21200e-06      30.3000      14.9000      2067.11   0.00745000      15.4000
  1.21600e-06      30.1000      14.7000      2095.24   0.00735000      15.4000
  1.22000e-06      30.3000      15.1000      2013.24   0.00755000      15.2000
  1.22400e-06      30.1000      14.9000      2040.27   0.00745000      15.2000
  1.22800e-06      30.3000      14.9000      2067.11   0.00745000      15.4000
  1.23200e-06      29.9000      14.9000      2013.42   0.00745000      15.0000
  1.23600e-06      30.1000      14.7000      2095.24   0.00735000      15.4000
  1.24000e-06      30.3000      15.1000      2013.24   0.00755000      15.2000
  1.24400e-06      30.3000      14.9000      2067.11   0.00745000      15.4000
  1.24800e-06      30.5000      15.1000      2039.74   0.00755000      15.4000
  1.25200e-06      30.3000      15.1000      2013.24   0.00755000      15.2000
  1.25600e-06      30.5000      15.1000      2039.74   0.00755000      15.4000
  1.26000e-06      30.3000      15.1000      2013.24   0.00755000      15.2000
  1.26400e-06      30.3000      15.1000      2013.24   0.00755000      15.2000
  1.26800e-06      30.5000      14.9000      2093.96   0.00745000      15.6000
  1.27200e-06      30.3000      15.1000      2013.24   0.00755000      15.2000
  1.27600e-06      30.1000      15.1000      1986.76   0.00755000      15.0000
  1.28000e-06      30.1000      15.1000      1986.76   0.00755000      15.0000
  1.28400e-06      30.1000      14.9000      2040.27   0.00745000      15.2000
  1.28800e-06      30.5000      15.3000      1986.93   0.00765000      15.2000
  1.29200e-06      30.3000      15.1000      2013.24   0.00755000      15.2000
  1.29600e-06      30.1000      14.9000      2040.27   0.00745000      15.2000
  1.30000e-06      30.5000      14.9000      2093.96   0.00745000      15.6000
  1.30400e-06      30.1000      15.1000      1986.76   0.00755000      15.0000
  1.30800e-06      30.5000      15.1000      2039.74   0.00755000      15.4000
  1.31200e-06      30.3000      15.1000      2013.24   0.00755000      15.2000
  1.31600e-06      30.3000      14.9000      2067.11   0.00745000      15.4000
  1.32000e-06      30.5000      15.1000      2039.74   0.00755000      15.4000
  1.32400e-06      30.3000      15.1000      2013.24   0.00755000      15.2000
  1.32800e-06      30.3000      15.1000      2013.24   0.00755000      15.2000
  1.33200e-06      30.5000      14.7000      2149.66   0.00735000      15.8000
  1.33600e-06      30.3000      15.1000      2013.24   0.00755000      15.2000
  1.34000e-06      30.1000      15.1000      1986.76   0.00755000      15.0000
  1.34400e-06      30.5000      14.9000      2093.96   0.00745000      15.6000
  1.34800e-06      30.7000      15.3000      2013.07   0.00765000      15.4000
  1.35200e-06      30.3000      15.1000      2013.24   0.00755000      15.2000
  1.35600e-06      30.7000      15.3000      2013.07   0.00765000      15.4000
  1.36000e-06      30.5000      15.1000      2039.74   0.00755000      15.4000
  1.36400e-06      30.5000      15.1000      2039.74   0.00755000      15.4000
  1.36800e-06      30.5000      15.1000      2039.74   0.00755000      15.4000
  1.37200e-06      30.7000      15.1000      2066.23   0.00755000      15.6000
  1.37600e-06      30.5000      14.9000      2093.96   0.00745000      15.6000
  1.38000e-06      30.5000      15.1000      2039.74   0.00755000      15.4000
  1.38400e-06      30.3000      14.9000      2067.11   0.00745000      15.4000
  1.38800e-06      30.7000      15.3000      2013.07   0.00765000      15.4000
  1.39200e-06      30.5000      15.3000      1986.93   0.00765000      15.2000
  1.39600e-06      30.3000      15.3000      1960.78   0.00765000      15.0000
  1.40000e-06      30.5000      15.1000      2039.74   0.00755000      15.4000
  1.40400e-06      30.1000      15.5000      1883.87   0.00775000      14.6000
  1.40800e-06      30.3000      15.1000      2013.24   0.00755000      15.2000
  1.41200e-06      30.3000      15.3000      1960.78   0.00765000      15.0000
  1.41600e-06      30.7000      15.1000      2066.23   0.00755000      15.6000
  1.42000e-06      30.3000      15.1000      2013.24   0.00755000      15.2000
  1.42400e-06      30.3000      15.3000      1960.78   0.00765000      15.0000
  1.42800e-06      30.3000      15.1000      2013.24   0.00755000      15.2000
  1.43200e-06      30.3000      15.1000      2013.24   0.00755000      15.2000
  1.43600e-06      30.1000      15.3000      1934.64   0.00765000      14.8000
  1.44000e-06      30.5000      15.1000      2039.74   0.00755000      15.4000
  1.44400e-06      30.1000      15.3000      1934.64   0.00765000      14.8000
  1.44800e-06      30.5000      14.9000      2093.96   0.00745000      15.6000
  1.45200e-06      30.5000      15.5000      1935.48   0.00775000      15.0000
  1.45600e-06      30.5000      15.3000      1986.93   0.00765000      15.2000
  1.46000e-06      30.5000      15.3000      1986.93   0.00765000      15.2000
  1.46400e-06      30.1000      15.3000      1934.64   0.00765000      14.8000
  1.46800e-06      30.5000      15.3000      1986.93   0.00765000      15.2000
  1.47200e-06      30.3000      15.3000      1960.78   0.00765000      15.0000
  1.47600e-06      30.3000      15.1000      2013.24   0.00755000      15.2000
  1.48000e-06      30.3000      15.3000      1960.78   0.00765000      15.0000
  1.48400e-06      30.5000      14.9000      2093.96   0.00745000      15.6000
  1.48800e-06      30.7000      15.3000      2013.07   0.00765000      15.4000
  1.49200e-06      30.3000      15.1000      2013.24   0.00755000      15.2000
  1.49600e-06      30.3000      15.3000      1960.78   0.00765000      15.0000
  1.50000e-06      30.5000      15.1000      2039.74   0.00755000      15.4000
  1.50400e-06      29.9000      14.9000      2013.42   0.00745000      15.0000
  1.50800e-06      30.5000      15.5000      1935.48   0.00775000      15.0000
  1.51200e-06      30.1000      15.3000      1934.64   0.00765000      14.8000
  1.51600e-06      30.5000      15.3000      1986.93   0.00765000      15.2000
  1.52000e-06      30.5000      14.9000      2093.96   0.00745000      15.6000
  1.52400e-06      30.3000      15.3000      1960.78   0.00765000      15.0000
  1.52800e-06      30.5000      15.1000      2039.74   0.00755000      15.4000
  1.53200e-06      30.1000      15.1000      1986.76   0.00755000      15.0000
  1.53600e-06      30.3000      15.5000      1909.68   0.00775000      14.8000
  1.54000e-06      30.1000      14.9000      2040.27   0.00745000      15.2000
  1.54400e-06      30.5000      15.3000      1986.93   0.00765000      15.2000
  1.54800e-06      30.5000      15.3000      1986.93   0.00765000      15.2000
  1.55200e-06      30.1000      14.9000      2040.27   0.00745000      15.2000
  1.55600e-06      30.5000      15.1000      2039.74   0.00755000      15.4000
  1.56000e-06      30.3000      14.9000      2067.11   0.00745000      15.4000
  1.56400e-06      30.3000      15.3000      1960.78   0.00765000      15.0000
  1.56800e-06      30.3000      15.3000      1960.78   0.00765000      15.0000
  1.57200e-06      30.5000      15.1000      2039.74   0.00755000      15.4000
  1.57600e-06      30.5000      15.1000      2039.74   0.00755000      15.4000
  1.58000e-06      30.5000      15.3000      1986.93   0.00765000      15.2000
  1.58400e-06      29.9000      15.1000      1960.26   0.00755000      14.8000
  1.58800e-06      30.5000      15.5000      1935.48   0.00775000      15.0000
  1.59200e-06      30.3000      15.1000      2013.24   0.00755000      15.2000
  1.59600e-06      30.3000      15.1000      2013.24   0.00755000      15.2000
  1.60000e-06      30.3000      15.3000      1960.78   0.00765000      15.0000
  1.60400e-06      30.1000      15.3000      1934.64   0.00765000      14.8000
  1.60800e-06      29.9000      15.3000      1908.50   0.00765000      14.6000
  1.61200e-06      30.3000      15.3000      1960.78   0.00765000      15.0000
  1.61600e-06      30.3000      15.1000      2013.24   0.00755000      15.2000
  1.62000e-06      30.3000      15.3000      1960.78   0.00765000      15.0000
  1.62400e-06      30.1000      15.3000      1934.64   0.00765000      14.8000
  1.62800e-06      30.1000      15.3000      1934.64   0.00765000      14.8000
  1.63200e-06      30.3000      15.5000      1909.68   0.00775000      14.8000
  1.63600e-06      30.3000      15.3000      1960.78   0.00765000      15.0000
  1.64000e-06      30.3000      15.5000      1909.68   0.00775000      14.8000
  1.64400e-06      30.1000      15.3000      1934.64   0.00765000      14.8000
  1.64800e-06      30.1000      15.1000      1986.76   0.00755000      15.0000
  1.65200e-06      30.5000      15.5000      1935.48   0.00775000      15.0000
  1.65600e-06      30.3000      15.3000      1960.78   0.00765000      15.0000
  1.66000e-06      30.3000      15.1000      2013.24   0.00755000      15.2000
  1.66400e-06      30.1000      15.3000      1934.64   0.00765000      14.8000
  1.66800e-06      30.1000      15.1000      1986.76   0.00755000      15.0000
  1.67200e-06      29.9000      15.3000      1908.50   0.00765000      14.6000
  1.67600e-06      30.1000      15.5000      1883.87   0.00775000      14.6000
  1.68000e-06      29.9000      15.3000      1908.50   0.00765000      14.6000
  1.68400e-06      30.5000      15.3000      1986.93   0.00765000      15.2000
  1.68800e-06      30.3000      15.1000      2013.24   0.00755000      15.2000
  1.69200e-06      30.3000      15.1000      2013.24   0.00755000      15.2000
  1.69600e-06      30.1000      15.3000      1934.64   0.00765000      14.8000
  1.70000e-06      30.5000      15.1000      2039.74   0.00755000      15.4000
  1.70400e-06      29.9000      15.5000      1858.06   0.00775000      14.4000
  1.70800e-06      30.5000      15.3000      1986.93   0.00765000      15.2000
  1.71200e-06      30.3000      15.3000      1960.78   0.00765000      15.0000
  1.71600e-06      29.9000      15.3000      1908.50   0.00765000      14.6000
  1.72000e-06      30.5000      15.3000      1986.93   0.00765000      15.2000
  1.72400e-06      30.1000      15.3000      1934.64   0.00765000      14.8000
  1.72800e-06      30.1000      15.3000      1934.64   0.00765000      14.8000
  1.73200e-06      30.5000      15.3000      1986.93   0.00765000      15.2000
  1.73600e-06      30.3000      15.5000      1909.68   0.00775000      14.8000
  1.74000e-06      30.3000      15.3000      1960.78   0.00765000      15.0000
  1.74400e-06      29.9000      15.3000      1908.50   0.00765000      14.6000
  1.74800e-06      30.5000      15.5000      1935.48   0.00775000      15.0000
  1.75200e-06      30.5000      15.3000      1986.93   0.00765000      15.2000
  1.75600e-06      30.3000      15.5000      1909.68   0.00775000      14.8000
  1.76000e-06      30.5000      15.3000      1986.93   0.00765000      15.2000
  1.76400e-06      30.1000      15.1000      1986.76   0.00755000      15.0000
  1.76800e-06      30.5000      15.3000      1986.93   0.00765000      15.2000
  1.77200e-06      30.5000      15.3000      1986.93   0.00765000      15.2000
  1.77600e-06      30.3000      15.3000      1960.78   0.00765000      15.0000
  1.78000e-06      30.3000      15.3000      1960.78   0.00765000      15.0000
  1.78400e-06      30.7000      15.3000      2013.07   0.00765000      15.4000
  1.78800e-06      30.1000      15.7000      1834.40   0.00785000      14.4000
  1.79200e-06      30.5000      15.3000      1986.93   0.00765000      15.2000
  1.79600e-06      30.3000      15.3000      1960.78   0.00765000      15.0000
  1.80000e-06      30.3000      15.3000      1960.78   0.00765000      15.0000
  1.80400e-06      30.1000      15.3000      1934.64   0.00765000      14.8000
  1.80800e-06      30.1000      15.5000      1883.87   0.00775000      14.6000
  1.81200e-06      30.5000      15.3000      1986.93   0.00765000      15.2000
  1.81600e-06      30.1000      15.3000      1934.64   0.00765000      14.8000
  1.82000e-06      30.3000      15.5000      1909.68   0.00775000      14.8000
  1.82400e-06      30.1000      15.3000      1934.64   0.00765000      14.8000
  1.82800e-06      30.3000      15.3000      1960.78   0.00765000      15.0000
  1.83200e-06      30.5000      15.5000      1935.48   0.00775000      15.0000
  1.83600e-06      30.3000      15.3000      1960.78   0.00765000      15.0000
  1.84000e-06      30.3000      15.7000      1859.87   0.00785000      14.6000
  1.84400e-06      30.1000      15.5000      1883.87   0.00775000      14.6000
  1.84800e-06      30.1000      15.3000      1934.64   0.00765000      14.8000
  1.85200e-06      30.1000      15.5000      1883.87   0.00775000      14.6000
  1.85600e-06      30.3000      15.3000      1960.78   0.00765000      15.0000
  1.86000e-06      30.3000      15.7000      1859.87   0.00785000      14.6000
  1.86400e-06      30.3000      15.3000      1960.78   0.00765000      15.0000
  1.86800e-06      30.1000      15.7000      1834.40   0.00785000      14.4000
  1.87200e-06      30.3000      15.3000      1960.78   0.00765000      15.0000
  1.87600e-06      30.1000      15.3000      1934.64   0.00765000      14.8000
  1.88000e-06      30.1000      15.5000      1883.87   0.00775000      14.6000
  1.88400e-06      30.3000      15.3000      1960.78   0.00765000      15.0000
  1.88800e-06      30.5000      15.5000      1935.48   0.00775000      15.0000
  1.89200e-06      30.1000      15.3000      1934.64   0.00765000      14.8000
  1.89600e-06      30.5000      15.1000      2039.74   0.00755000      15.4000
  1.90000e-06      30.5000      15.5000      1935.48   0.00775000      15.0000
  1.90400e-06      30.3000      15.5000      1909.68   0.00775000      14.8000
  1.90800e-06      30.3000      15.3000      1960.78   0.00765000      15.0000
  1.91200e-06      30.5000      15.3000      1986.93   0.00765000      15.2000
  1.91600e-06      30.5000      15.5000      1935.48   0.00775000      15.0000
  1.92000e-06      30.5000      15.3000      1986.93   0.00765000      15.2000
  1.92400e-06      29.9000      15.5000      1858.06   0.00775000      14.4000
  1.92800e-06      30.1000      15.5000      1883.87   0.00775000      14.6000
  1.93200e-06      29.9000      15.3000      1908.50   0.00765000      14.6000
  1.93600e-06      30.1000      15.3000      1934.64   0.00765000      14.8000
  1.94000e-06      30.3000      15.3000      1960.78   0.00765000      15.0000
  1.94400e-06      30.3000      15.5000      1909.68   0.00775000      14.8000
  1.94800e-06      30.3000      15.3000      1960.78   0.00765000      15.0000
  1.95200e-06      30.3000      15.3000      1960.78   0.00765000      15.0000
  1.95600e-06      30.3000      15.5000      1909.68   0.00775000      14.8000
  1.96000e-06      30.1000      15.5000      1883.87   0.00775000      14.6000
  1.96400e-06      30.3000      15.7000      1859.87   0.00785000      14.6000
  1.96800e-06      30.1000      15.3000      1934.64   0.00765000      14.8000
  1.97200e-06      30.5000      15.5000      1935.48   0.00775000      15.0000
  1.97600e-06      30.3000      15.3000      1960.78   0.00765000      15.0000
  1.98000e-06      30.5000      15.3000      1986.93   0.00765000      15.2000
  1.98400e-06      30.5000      15.5000      1935.48   0.00775000      15.0000
  1.98800e-06      30.1000      15.3000      1934.64   0.00765000      14.8000
  1.99200e-06      30.1000      15.3000      1934.64   0.00765000      14.8000
  1.99600e-06      29.9000      15.5000      1858.06   0.00775000      14.4000
  2.00000e-06      30.3000      15.5000      1909.68   0.00775000      14.8000
  2.00400e-06      30.5000      15.5000      1935.48   0.00775000      15.0000
  2.00800e-06      30.5000      15.5000      1935.48   0.00775000      15.0000
  2.01200e-06      30.5000      15.7000      1885.35   0.00785000      14.8000
  2.01600e-06      29.7000      15.3000      1882.35   0.00765000      14.4000
  2.02000e-06      30.1000      15.7000      1834.40   0.00785000      14.4000
  2.02400e-06      30.1000      15.3000      1934.64   0.00765000      14.8000
  2.02800e-06      30.1000      15.5000      1883.87   0.00775000      14.6000
  2.03200e-06      30.1000      15.3000      1934.64   0.00765000      14.8000
  2.03600e-06      30.3000      15.3000      1960.78   0.00765000      15.0000
  2.04000e-06      30.3000      15.3000      1960.78   0.00765000      15.0000
  2.04400e-06      30.3000      15.1000      2013.24   0.00755000      15.2000
  2.04800e-06      30.5000      15.5000      1935.48   0.00775000      15.0000
  2.05200e-06      30.1000      15.1000      1986.76   0.00755000      15.0000
  2.05600e-06      30.5000      15.5000      1935.48   0.00775000      15.0000
  2.06000e-06      30.1000      15.3000      1934.64   0.00765000      14.8000
  2.06400e-06      30.5000      15.3000      1986.93   0.00765000      15.2000
  2.06800e-06      30.3000      15.3000      1960.78   0.00765000      15.0000
  2.07200e-06      30.1000      15.3000      1934.64   0.00765000      14.8000
  2.07600e-06      29.9000      15.3000      1908.50   0.00765000      14.6000
  2.08000e-06      30.1000      15.3000      1934.64   0.00765000      14.8000
  2.08400e-06      29.9000      15.7000      1808.92   0.00785000      14.2000
  2.08800e-06      30.5000      15.3000      1986.93   0.00765000      15.2000
  2.09200e-06      30.1000      15.5000      1883.87   0.00775000      14.6000
  2.09600e-06      30.3000      15.5000      1909.68   0.00775000      14.8000
  2.10000e-06      30.5000      15.7000      1885.35   0.00785000      14.8000
  2.10400e-06      30.1000      15.7000      1834.40   0.00785000      14.4000
  2.10800e-06      30.3000      15.3000      1960.78   0.00765000      15.0000
  2.11200e-06      30.5000      15.3000      1986.93   0.00765000      15.2000
  2.11600e-06      30.3000      15.3000      1960.78   0.00765000      15.0000
  2.12000e-06      30.5000      15.3000      1986.93   0.00765000      15.2000
  2.12400e-06      30.5000      15.3000      1986.93   0.00765000      15.2000
  2.12800e-06      30.1000      15.7000      1834.40   0.00785000      14.4000
  2.13200e-06      30.3000      15.3000      1960.78   0.00765000      15.0000
  2.13600e-06      30.3000      15.1000      2013.24   0.00755000      15.2000
  2.14000e-06      30.1000      15.5000      1883.87   0.00775000      14.6000
  2.14400e-06      30.3000      15.3000      1960.78   0.00765000      15.0000
  2.14800e-06      30.1000      15.5000      1883.87   0.00775000      14.6000
  2.15200e-06      30.1000      15.3000      1934.64   0.00765000      14.8000
  2.15600e-06      30.3000      15.3000      1960.78   0.00765000      15.0000
  2.16000e-06      30.1000      15.3000      1934.64   0.00765000      14.8000
  2.16400e-06      30.3000      15.7000      1859.87   0.00785000      14.6000
  2.16800e-06      30.1000      15.5000      1883.87   0.00775000      14.6000
  2.17200e-06      30.1000      15.5000      1883.87   0.00775000      14.6000
  2.17600e-06      30.1000      15.5000      1883.87   0.00775000      14.6000
  2.18000e-06      30.1000      15.5000      1883.87   0.00775000      14.6000
  2.18400e-06      30.1000      15.7000      1834.40   0.00785000      14.4000
  2.18800e-06      29.9000      15.7000      1808.92   0.00785000      14.2000
  2.19200e-06      30.3000      15.5000      1909.68   0.00775000      14.8000
  2.19600e-06      29.5000      15.3000      1856.21   0.00765000      14.2000
  2.20000e-06      30.1000      15.3000      1934.64   0.00765000      14.8000
  2.20400e-06      30.3000      15.3000      1960.78   0.00765000      15.0000
  2.20800e-06      29.9000      15.3000      1908.50   0.00765000      14.6000
  2.21200e-06      29.9000      15.3000      1908.50   0.00765000      14.6000
  2.21600e-06      30.1000      15.9000      1786.16   0.00795000      14.2000
  2.22000e-06      29.7000      15.7000      1783.44   0.00785000      14.0000
  2.22400e-06      30.3000      15.5000      1909.68   0.00775000      14.8000
  2.22800e-06      30.1000      15.3000      1934.64   0.00765000      14.8000
  2.23200e-06      30.1000      15.5000      1883.87   0.00775000      14.6000
  2.23600e-06      30.1000      15.7000      1834.40   0.00785000      14.4000
  2.24000e-06      30.1000      15.5000      1883.87   0.00775000      14.6000
  2.24400e-06      29.7000      15.7000      1783.44   0.00785000      14.0000
  2.24800e-06      30.3000      15.3000      1960.78   0.00765000      15.0000
  2.25200e-06      29.9000      15.3000      1908.50   0.00765000      14.6000
  2.25600e-06      30.1000      15.5000      1883.87   0.00775000      14.6000
  2.26000e-06      30.3000      15.3000      1960.78   0.00765000      15.0000
  2.26400e-06      30.3000      15.7000      1859.87   0.00785000      14.6000
  2.26800e-06      30.1000      15.5000      1883.87   0.00775000      14.6000
  2.27200e-06      30.1000      15.7000      1834.40   0.00785000      14.4000
  2.27600e-06      30.3000      15.7000      1859.87   0.00785000      14.6000
  2.28000e-06      29.9000      15.5000      1858.06   0.00775000      14.4000
  2.28400e-06      30.1000      15.3000      1934.64   0.00765000      14.8000
  2.28800e-06      30.1000      15.3000      1934.64   0.00765000      14.8000
  2.29200e-06      29.9000      15.7000      1808.92   0.00785000      14.2000
  2.29600e-06      30.3000      15.3000      1960.78   0.00765000      15.0000
  2.30000e-06      30.1000      15.5000      1883.87   0.00775000      14.6000
  2.30400e-06      30.1000      15.3000      1934.64   0.00765000      14.8000
  2.30800e-06      29.9000      15.5000      1858.06   0.00775000      14.4000
  2.31200e-06      30.3000      15.7000      1859.87   0.00785000      14.6000
  2.31600e-06      30.5000      15.7000      1885.35   0.00785000      14.8000
  2.32000e-06      30.3000      15.3000      1960.78   0.00765000      15.0000
  2.32400e-06      30.1000      15.5000      1883.87   0.00775000      14.6000
  2.32800e-06      30.3000      15.3000      1960.78   0.00765000      15.0000
  2.33200e-06      30.1000      15.5000      1883.87   0.00775000      14.6000
  2.33600e-06      30.1000      15.7000      1834.40   0.00785000      14.4000
  2.34000e-06      30.1000      15.3000      1934.64   0.00765000      14.8000
  2.34400e-06      30.1000      15.7000      1834.40   0.00785000      14.4000
  2.34800e-06      30.3000      15.5000      1909.68   0.00775000      14.8000
  2.35200e-06      29.9000      15.5000      1858.06   0.00775000      14.4000
  2.35600e-06      30.1000      15.3000      1934.64   0.00765000      14.8000
  2.36000e-06      30.3000      15.5000      1909.68   0.00775000      14.8000
  2.36400e-06      29.9000      15.5000      1858.06   0.00775000      14.4000
  2.36800e-06      29.9000      15.3000      1908.50   0.00765000      14.6000
  2.37200e-06      30.5000      15.7000      1885.35   0.00785000      14.8000
  2.37600e-06      30.1000      15.5000      1883.87   0.00775000      14.6000
  2.38000e-06      30.3000      15.7000      1859.87   0.00785000      14.6000
  2.38400e-06      29.9000      15.7000      1808.92   0.00785000      14.2000
  2.38800e-06      30.5000      15.5000      1935.48   0.00775000      15.0000
  2.39200e-06      30.5000      15.3000      1986.93   0.00765000      15.2000
  2.39600e-06      30.3000      15.5000      1909.68   0.00775000      14.8000
  2.40000e-06      30.1000      15.3000      1934.64   0.00765000      14.8000
  2.40400e-06      30.1000      15.9000      1786.16   0.00795000      14.2000
  2.40800e-06      30.1000      15.5000      1883.87   0.00775000      14.6000
  2.41200e-06      30.3000      15.7000      1859.87   0.00785000      14.6000
  2.41600e-06      29.9000      15.5000      1858.06   0.00775000      14.4000
  2.42000e-06      30.1000      15.3000      1934.64   0.00765000      14.8000
  2.42400e-06      30.1000      15.7000      1834.40   0.00785000      14.4000
  2.42800e-06      30.5000      15.5000      1935.48   0.00775000      15.0000
  2.43200e-06      30.1000      15.7000      1834.40   0.00785000      14.4000
  2.43600e-06      30.1000      15.7000      1834.40   0.00785000      14.4000
  2.44000e-06      30.3000      15.7000      1859.87   0.00785000      14.6000
  2.44400e-06      30.5000      15.3000      1986.93   0.00765000      15.2000
  2.44800e-06      30.1000      15.7000      1834.40   0.00785000      14.4000
  2.45200e-06      30.1000      15.5000      1883.87   0.00775000      14.6000
  2.45600e-06      30.1000      15.5000      1883.87   0.00775000      14.6000
  2.46000e-06      30.5000      15.7000      1885.35   0.00785000      14.8000
  2.46400e-06      30.1000      15.3000      1934.64   0.00765000      14.8000
  2.46800e-06      30.3000      15.7000      1859.87   0.00785000      14.6000
  2.47200e-06      30.3000      15.5000      1909.68   0.00775000      14.8000
  2.47600e-06      30.3000      15.7000      1859.87   0.00785000      14.6000
  2.48000e-06      30.1000      15.7000      1834.40   0.00785000      14.4000
  2.48400e-06      30.1000      15.7000      1834.40   0.00785000      14.4000
  2.48800e-06      30.1000      15.3000      1934.64   0.00765000      14.8000
  2.49200e-06      30.1000      15.5000      1883.87   0.00775000      14.6000
  2.49600e-06      30.1000      15.3000      1934.64   0.00765000      14.8000
  2.50000e-06      29.9000      15.5000      1858.06   0.00775000      14.4000
  2.50400e-06      30.3000      15.5000      1909.68   0.00775000      14.8000
  2.50800e-06      30.5000      15.5000      1935.48   0.00775000      15.0000
  2.51200e-06      29.9000      15.5000      1858.06   0.00775000      14.4000
  2.51600e-06      30.3000      15.7000      1859.87   0.00785000      14.6000
  2.52000e-06      30.1000      15.7000      1834.40   0.00785000      14.4000
  2.52400e-06      30.3000      15.3000      1960.78   0.00765000      15.0000
  2.52800e-06      30.1000      15.7000      1834.40   0.00785000      14.4000
  2.53200e-06      30.5000      15.5000      1935.48   0.00775000      15.0000
  2.53600e-06      30.3000      15.5000      1909.68   0.00775000      14.8000
  2.54000e-06      30.3000      15.7000      1859.87   0.00785000      14.6000
  2.54400e-06      30.3000      15.3000      1960.78   0.00765000      15.0000
  2.54800e-06      30.3000      15.3000      1960.78   0.00765000      15.0000
  2.55200e-06      30.3000      15.7000      1859.87   0.00785000      14.6000
  2.55600e-06      29.9000      15.5000      1858.06   0.00775000      14.4000
  2.56000e-06      29.9000      15.7000      1808.92   0.00785000      14.2000
  2.56400e-06      30.1000      15.9000      1786.16   0.00795000      14.2000
  2.56800e-06      29.9000      15.7000      1808.92   0.00785000      14.2000
  2.57200e-06      30.3000      15.7000      1859.87   0.00785000      14.6000
  2.57600e-06      30.1000      15.5000      1883.87   0.00775000      14.6000
  2.58000e-06      30.1000      15.3000      1934.64   0.00765000      14.8000
  2.58400e-06      30.3000      15.7000      1859.87   0.00785000      14.6000
  2.58800e-06      29.9000      15.3000      1908.50   0.00765000      14.6000
  2.59200e-06      30.1000      15.7000      1834.40   0.00785000      14.4000
  2.59600e-06      30.1000      15.5000      1883.87   0.00775000      14.6000
  2.60000e-06      29.9000      15.5000      1858.06   0.00775000      14.4000
  2.60400e-06      30.3000      15.5000      1909.68   0.00775000      14.8000
  2.60800e-06      30.3000      15.5000      1909.68   0.00775000      14.8000
  2.61200e-06      29.9000      15.7000      1808.92   0.00785000      14.2000
  2.61600e-06      29.9000      15.7000      1808.92   0.00785000      14.2000
  2.62000e-06      30.3000      15.5000      1909.68   0.00775000      14.8000
  2.62400e-06      30.1000      15.5000      1883.87   0.00775000      14.6000
  2.62800e-06      30.1000      15.7000      1834.40   0.00785000      14.4000
  2.63200e-06      30.1000      15.3000      1934.64   0.00765000      14.8000
  2.63600e-06      30.1000      15.5000      1883.87   0.00775000      14.6000
  2.64000e-06      30.3000      15.5000      1909.68   0.00775000      14.8000
  2.64400e-06      29.9000      15.5000      1858.06   0.00775000      14.4000
  2.64800e-06      30.3000      15.5000      1909.68   0.00775000      14.8000
  2.65200e-06      29.9000      15.7000      1808.92   0.00785000      14.2000
  2.65600e-06      29.9000      15.9000      1761.01   0.00795000      14.0000
  2.66000e-06      30.1000      15.3000      1934.64   0.00765000      14.8000
  2.66400e-06      30.1000      15.7000      1834.40   0.00785000      14.4000
  2.66800e-06      30.1000      15.3000      1934.64   0.00765000      14.8000
  2.67200e-06      30.3000      15.7000      1859.87   0.00785000      14.6000
  2.67600e-06      30.3000      15.3000      1960.78   0.00765000      15.0000
  2.68000e-06      30.5000      15.7000      1885.35   0.00785000      14.8000
  2.68400e-06      30.1000      15.5000      1883.87   0.00775000      14.6000
  2.68800e-06      29.9000      15.3000      1908.50   0.00765000      14.6000
  2.69200e-06      29.9000      15.3000      1908.50   0.00765000      14.6000
  2.69600e-06      30.1000      15.7000      1834.40   0.00785000      14.4000
  2.70000e-06      29.9000      15.3000      1908.50   0.00765000      14.6000
  2.70400e-06      30.5000      15.5000      1935.48   0.00775000      15.0000
  2.70800e-06      30.1000      15.7000      1834.40   0.00785000      14.4000
  2.71200e-06      29.9000      15.7000      1808.92   0.00785000      14.2000
  2.71600e-06      30.1000      15.3000      1934.64   0.00765000      14.8000
  2.72000e-06      30.3000      15.7000      1859.87   0.00785000      14.6000
  2.72400e-06      29.9000      15.7000      1808.92   0.00785000      14.2000
  2.72800e-06      30.1000      15.7000      1834.40   0.00785000      14.4000
  2.73200e-06      30.1000      15.3000      1934.64   0.00765000      14.8000
  2.73600e-06      29.9000      15.7000      1808.92   0.00785000      14.2000
  2.74000e-06      29.9000      15.7000      1808.92   0.00785000      14.2000
  2.74400e-06      30.1000      15.5000      1883.87   0.00775000      14.6000
  2.74800e-06      30.1000      15.5000      1883.87   0.00775000      14.6000
  2.75200e-06      29.9000      15.7000      1808.92   0.00785000      14.2000
  2.75600e-06      30.1000      15.3000      1934.64   0.00765000      14.8000
  2.76000e-06      30.3000      15.3000      1960.78   0.00765000      15.0000
  2.76400e-06      29.9000      15.3000      1908.50   0.00765000      14.6000
  2.76800e-06      29.9000      15.3000      1908.50   0.00765000      14.6000
  2.77200e-06      29.9000      15.7000      1808.92   0.00785000      14.2000
  2.77600e-06      30.1000      15.5000      1883.87   0.00775000      14.6000
  2.78000e-06      30.5000      15.5000      1935.48   0.00775000      15.0000
  2.78400e-06      30.5000      15.9000      1836.48   0.00795000      14.6000
  2.78800e-06      29.9000      15.5000      1858.06   0.00775000      14.4000
  2.79200e-06      30.1000      15.7000      1834.40   0.00785000      14.4000
  2.79600e-06      30.1000      15.7000      1834.40   0.00785000      14.4000
  2.80000e-06      29.9000      15.7000      1808.92   0.00785000      14.2000
  2.80400e-06      29.9000      15.7000      1808.92   0.00785000      14.2000
  2.80800e-06      30.1000      15.7000      1834.40   0.00785000      14.4000
  2.81200e-06      29.9000      15.3000      1908.50   0.00765000      14.6000
  2.81600e-06      30.3000      15.7000      1859.87   0.00785000      14.6000
  2.82000e-06      29.7000      15.9000      1735.85   0.00795000      13.8000
  2.82400e-06      30.1000      15.5000      1883.87   0.00775000      14.6000
  2.82800e-06      30.5000      15.7000      1885.35   0.00785000      14.8000
  2.83200e-06      30.3000      15.7000      1859.87   0.00785000      14.6000
  2.83600e-06      30.1000      15.9000      1786.16   0.00795000      14.2000
  2.84000e-06      30.1000      15.3000      1934.64   0.00765000      14.8000
  2.84400e-06      29.9000      15.9000      1761.01   0.00795000      14.0000
  2.84800e-06      30.3000      15.7000      1859.87   0.00785000      14.6000
  2.85200e-06      29.9000      15.9000      1761.01   0.00795000      14.0000
  2.85600e-06      30.3000      15.5000      1909.68   0.00775000      14.8000
  2.86000e-06      30.1000      15.9000      1786.16   0.00795000      14.2000
  2.86400e-06      30.1000      15.7000      1834.40   0.00785000      14.4000
  2.86800e-06      30.3000      15.7000      1859.87   0.00785000      14.6000
  2.87200e-06      30.3000      15.7000      1859.87   0.00785000      14.6000
  2.87600e-06      30.3000      15.9000      1811.32   0.00795000      14.4000
  2.88000e-06      30.1000      15.5000      1883.87   0.00775000      14.6000
  2.88400e-06      30.1000      15.3000      1934.64   0.00765000      14.8000
  2.88800e-06      30.1000      16.1000      1739.13   0.00805000      14.0000
  2.89200e-06      30.3000      15.9000      1811.32   0.00795000      14.4000
  2.89600e-06      30.3000      15.5000      1909.68   0.00775000      14.8000
  2.90000e-06      29.9000      15.7000      1808.92   0.00785000      14.2000
  2.90400e-06      30.1000      15.7000      1834.40   0.00785000      14.4000
  2.90800e-06      29.9000      15.9000      1761.01   0.00795000      14.0000
  2.91200e-06      29.9000      15.7000      1808.92   0.00785000      14.2000
  2.91600e-06      30.1000      15.7000      1834.40   0.00785000      14.4000
  2.92000e-06      29.9000      15.7000      1808.92   0.00785000      14.2000
  2.92400e-06      29.9000      15.7000      1808.92   0.00785000      14.2000
  2.92800e-06      29.7000      15.7000      1783.44   0.00785000      14.0000
  2.93200e-06      29.5000      15.5000      1806.45   0.00775000      14.0000
  2.93600e-06      28.9000      15.7000      1681.53   0.00785000      13.2000
