Tiempo (min)	T (K) 	I pulso(mA)	Vinst 1 (V)	Iinst 1 (mA)	Rinst 1(Ohm)	Rrem 1 (Ohm)	Ibias 1 (mA)	Vbias 1 (V)	Vinst 2 (V)	Iinst 2 (mA)	Rinst 2(Ohm)	Rrem 2 (Ohm)	Ibias 2 (mA)	Vbias 2 (V)	Ancho pulso (s)	Periodo (s)	Icc 1 (mA)	Vcc 1 (V)	Icc 2 (mA)	Vcc 2 (V)	2W 1?	N
7.883787E-3	1.200600E+2	1.000000E+3	1.001180E+0	4.927200E-2	2.031945E+4	1.943299E+4	2.571400E-2	4.997000E-1	9.910000E+37	4.927200E-2	2.011284E+42	3.853932E+42	2.571400E-2	9.910000E+37	2.000000E-2	0.000000E+0	5.000000E-1	1.000000E+1	5.000000E-1	1.000000E+1	1.000000E+0	1.000000E+0
2.461808E-2	1.200600E+2	9.900000E+2	9.903000E-1	5.478100E-2	1.807744E+4	1.946339E+4	2.571700E-2	5.005400E-1	9.910000E+37	5.478100E-2	1.809021E+42	3.853482E+42	2.571700E-2	9.910000E+37	2.000000E-2	0.000000E+0	5.000000E-1	1.000000E+1	5.000000E-1	1.000000E+1	1.000000E+0	2.000000E+0
4.108569E-2	1.200600E+2	9.800000E+2	9.804500E-1	5.381400E-2	1.821924E+4	1.977582E+4	2.529200E-2	5.001700E-1	9.910000E+37	5.381400E-2	1.841528E+42	3.918235E+42	2.529200E-2	9.910000E+37	2.000000E-2	0.000000E+0	5.000000E-1	1.000000E+1	5.000000E-1	1.000000E+1	1.000000E+0	3.000000E+0
5.755329E-2	1.200600E+2	9.700000E+2	9.711200E-1	4.416100E-2	2.199044E+4	2.026270E+4	2.459100E-2	4.982800E-1	9.910000E+37	4.416100E-2	2.244062E+42	4.029930E+42	2.459100E-2	9.910000E+37	2.000000E-2	0.000000E+0	5.000000E-1	1.000000E+1	5.000000E-1	1.000000E+1	1.000000E+0	4.000000E+0
7.400424E-2	1.200600E+2	9.600000E+2	9.565000E-1	5.385700E-2	1.775999E+4	2.048227E+4	2.461300E-2	5.041300E-1	9.910000E+37	5.385700E-2	1.840058E+42	4.026328E+42	2.461300E-2	9.910000E+37	2.000000E-2	0.000000E+0	5.000000E-1	1.000000E+1	5.000000E-1	1.000000E+1	1.000000E+0	5.000000E+0
9.045517E-2	1.200600E+2	9.500000E+2	9.496000E-1	5.169400E-2	1.836964E+4	2.148945E+4	2.323000E-2	4.992000E-1	9.910000E+37	5.169400E-2	1.917050E+42	4.266035E+42	2.323000E-2	9.910000E+37	2.000000E-2	0.000000E+0	5.000000E-1	1.000000E+1	5.000000E-1	1.000000E+1	1.000000E+0	6.000000E+0
1.069061E-1	1.200600E+2	9.400000E+2	9.404400E-1	4.514300E-2	2.083247E+4	1.565853E+4	3.187400E-2	4.991000E-1	9.910000E+37	4.514300E-2	2.195246E+42	3.109117E+42	3.187400E-2	9.910000E+37	2.000000E-2	0.000000E+0	5.000000E-1	1.000000E+1	5.000000E-1	1.000000E+1	1.000000E+0	7.000000E+0
1.233404E-1	1.200600E+2	9.300000E+2	9.304400E-1	5.081300E-2	1.831106E+4	1.973825E+4	2.536800E-2	5.007200E-1	9.910000E+37	5.081300E-2	1.950288E+42	3.906496E+42	2.536800E-2	9.910000E+37	2.000000E-2	0.000000E+0	5.000000E-1	1.000000E+1	5.000000E-1	1.000000E+1	1.000000E+0	8.000000E+0
1.398080E-1	1.200600E+2	9.200000E+2	9.194100E-1	4.644900E-2	1.979397E+4	1.932783E+4	2.590100E-2	5.006100E-1	9.910000E+37	4.644900E-2	2.133523E+42	3.826107E+42	2.590100E-2	9.910000E+37	2.000000E-2	0.000000E+0	5.000000E-1	1.000000E+1	5.000000E-1	1.000000E+1	1.000000E+0	9.000000E+0
1.562923E-1	1.200600E+2	9.100000E+2	9.098000E-1	5.579900E-2	1.630495E+4	1.957594E+4	2.553900E-2	4.999500E-1	9.910000E+37	5.579900E-2	1.776017E+42	3.880340E+42	2.553900E-2	9.910000E+37	2.000000E-2	0.000000E+0	5.000000E-1	1.000000E+1	5.000000E-1	1.000000E+1	1.000000E+0	1.000000E+1
1.727599E-1	1.200600E+2	9.000000E+2	8.990500E-1	5.355600E-2	1.678710E+4	1.970330E+4	2.537900E-2	5.000500E-1	9.910000E+37	5.355600E-2	1.850400E+42	3.904803E+42	2.537900E-2	9.910000E+37	2.000000E-2	0.000000E+0	5.000000E-1	1.000000E+1	5.000000E-1	1.000000E+1	1.000000E+0	1.100000E+1
1.892108E-1	1.200600E+2	8.900000E+2	8.887300E-1	4.433600E-2	2.004534E+4	2.455525E+4	2.042700E-2	5.015900E-1	9.910000E+37	4.433600E-2	2.235204E+42	4.851422E+42	2.042700E-2	9.910000E+37	2.000000E-2	0.000000E+0	5.000000E-1	1.000000E+1	5.000000E-1	1.000000E+1	1.000000E+0	1.200000E+1
2.057118E-1	1.200600E+2	8.800000E+2	8.798100E-1	4.605900E-2	1.910180E+4	3.501539E+4	1.429600E-2	5.005800E-1	9.910000E+37	4.605900E-2	2.151588E+42	6.932009E+42	1.429600E-2	9.910000E+37	2.000000E-2	0.000000E+0	5.000000E-1	1.000000E+1	5.000000E-1	1.000000E+1	1.000000E+0	1.300000E+1
2.221460E-1	1.200600E+2	8.700000E+2	8.671500E-1	5.009600E-2	1.730977E+4	1.946061E+4	2.573300E-2	5.007800E-1	9.910000E+37	5.009600E-2	1.978202E+42	3.851086E+42	2.573300E-2	9.910000E+37	2.000000E-2	0.000000E+0	5.000000E-1	1.000000E+1	5.000000E-1	1.000000E+1	1.000000E+0	1.400000E+1
2.385803E-1	1.200600E+2	8.600000E+2	8.623600E-1	5.095600E-2	1.692362E+4	1.626233E+4	3.061000E-2	4.977900E-1	9.910000E+37	5.095600E-2	1.944815E+42	3.237504E+42	3.061000E-2	9.910000E+37	2.000000E-2	0.000000E+0	5.000000E-1	1.000000E+1	5.000000E-1	1.000000E+1	1.000000E+0	1.500000E+1
2.549979E-1	1.200600E+2	8.500000E+2	8.497100E-1	4.528600E-2	1.876319E+4	2.233526E+4	2.226300E-2	4.972500E-1	9.910000E+37	4.528600E-2	2.188314E+42	4.451332E+42	2.226300E-2	9.910000E+37	2.000000E-2	0.000000E+0	5.000000E-1	1.000000E+1	5.000000E-1	1.000000E+1	1.000000E+0	1.600000E+1
2.714322E-1	1.200600E+2	8.400000E+2	8.410200E-1	4.284000E-2	1.963165E+4	1.778023E+4	2.804800E-2	4.987000E-1	9.910000E+37	4.284000E-2	2.313259E+42	3.533229E+42	2.804800E-2	9.910000E+37	2.000000E-2	0.000000E+0	5.000000E-1	1.000000E+1	5.000000E-1	1.000000E+1	1.000000E+0	1.700000E+1
2.878998E-1	1.200600E+2	8.300000E+2	8.312100E-1	3.767800E-2	2.206088E+4	1.960246E+4	2.553200E-2	5.004900E-1	9.910000E+37	3.767800E-2	2.630182E+42	3.881404E+42	2.553200E-2	9.910000E+37	2.000000E-2	0.000000E+0	5.000000E-1	1.000000E+1	5.000000E-1	1.000000E+1	1.000000E+0	1.800000E+1
3.043341E-1	1.200600E+2	8.200000E+2	8.172100E-1	4.745400E-2	1.722110E+4	2.810245E+4	1.790200E-2	5.030900E-1	9.910000E+37	4.745400E-2	2.088338E+42	5.535694E+42	1.790200E-2	9.910000E+37	2.000000E-2	0.000000E+0	5.000000E-1	1.000000E+1	5.000000E-1	1.000000E+1	1.000000E+0	1.900000E+1
3.207850E-1	1.200600E+2	8.100000E+2	8.157000E-1	3.785600E-2	2.154744E+4	1.577122E+4	3.159300E-2	4.982600E-1	9.910000E+37	3.785600E-2	2.617815E+42	3.136771E+42	3.159300E-2	9.910000E+37	2.000000E-2	0.000000E+0	5.000000E-1	1.000000E+1	5.000000E-1	1.000000E+1	1.000000E+0	2.000000E+1
3.372193E-1	1.200600E+2	8.000000E+2	7.994500E-1	4.257000E-2	1.877966E+4	1.930217E+4	2.590900E-2	5.001000E-1	9.910000E+37	4.257000E-2	2.327930E+42	3.824926E+42	2.590900E-2	9.910000E+37	2.000000E-2	0.000000E+0	5.000000E-1	1.000000E+1	5.000000E-1	1.000000E+1	1.000000E+0	2.100000E+1
3.536202E-1	1.200600E+2	7.900000E+2	7.908500E-1	4.200800E-2	1.882618E+4	2.883892E+4	1.750100E-2	5.047100E-1	9.910000E+37	4.200800E-2	2.359074E+42	5.662534E+42	1.750100E-2	9.910000E+37	2.000000E-2	0.000000E+0	5.000000E-1	1.000000E+1	5.000000E-1	1.000000E+1	1.000000E+0	2.200000E+1
3.701045E-1	1.200600E+2	7.800000E+2	7.806000E-1	3.579800E-2	2.180569E+4	1.561345E+4	3.197500E-2	4.992400E-1	9.910000E+37	3.579800E-2	2.768311E+42	3.099296E+42	3.197500E-2	9.910000E+37	2.000000E-2	0.000000E+0	5.000000E-1	1.000000E+1	5.000000E-1	1.000000E+1	1.000000E+0	2.300000E+1
3.865554E-1	1.200600E+2	7.700000E+2	7.708100E-1	3.715800E-2	2.074412E+4	1.912308E+4	2.619400E-2	5.009100E-1	9.910000E+37	3.715800E-2	2.666990E+42	3.783309E+42	2.619400E-2	9.910000E+37	2.000000E-2	0.000000E+0	5.000000E-1	1.000000E+1	5.000000E-1	1.000000E+1	1.000000E+0	2.400000E+1
4.030231E-1	1.200600E+2	7.600000E+2	7.613800E-1	3.567200E-2	2.134391E+4	1.769565E+4	2.811200E-2	4.974600E-1	9.910000E+37	3.567200E-2	2.778089E+42	3.525185E+42	2.811200E-2	9.910000E+37	2.000000E-2	0.000000E+0	5.000000E-1	1.000000E+1	5.000000E-1	1.000000E+1	1.000000E+0	2.500000E+1
4.194740E-1	1.200600E+2	7.500000E+2	7.494100E-1	3.985400E-2	1.880388E+4	1.952632E+4	2.558700E-2	4.996200E-1	9.910000E+37	3.985400E-2	2.486576E+42	3.873061E+42	2.558700E-2	9.910000E+37	2.000000E-2	0.000000E+0	5.000000E-1	1.000000E+1	5.000000E-1	1.000000E+1	1.000000E+0	2.600000E+1
4.359249E-1	1.200600E+2	7.400000E+2	7.399300E-1	3.899700E-2	1.897402E+4	2.162257E+4	2.313000E-2	5.001300E-1	9.910000E+37	3.899700E-2	2.541221E+42	4.284479E+42	2.313000E-2	9.910000E+37	2.000000E-2	0.000000E+0	5.000000E-1	1.000000E+1	5.000000E-1	1.000000E+1	1.000000E+0	2.700000E+1
4.523259E-1	1.200600E+2	7.300000E+2	7.315000E-1	3.474300E-2	2.105460E+4	1.757645E+4	2.848300E-2	5.006300E-1	9.910000E+37	3.474300E-2	2.852373E+42	3.479268E+42	2.848300E-2	9.910000E+37	2.000000E-2	0.000000E+0	5.000000E-1	1.000000E+1	5.000000E-1	1.000000E+1	1.000000E+0	2.800000E+1
4.687435E-1	1.200600E+2	7.200000E+2	7.192400E-1	4.350500E-2	1.653235E+4	1.935320E+4	2.586600E-2	5.005900E-1	9.910000E+37	4.350500E-2	2.277899E+42	3.831284E+42	2.586600E-2	9.910000E+37	2.000000E-2	0.000000E+0	5.000000E-1	1.000000E+1	5.000000E-1	1.000000E+1	1.000000E+0	2.900000E+1
4.851778E-1	1.200600E+2	7.100000E+2	7.103500E-1	3.757200E-2	1.890637E+4	1.855698E+4	2.688800E-2	4.989600E-1	9.910000E+37	3.757200E-2	2.637602E+42	3.685659E+42	2.688800E-2	9.910000E+37	2.000000E-2	0.000000E+0	5.000000E-1	1.000000E+1	5.000000E-1	1.000000E+1	1.000000E+0	3.000000E+1
5.016287E-1	1.200600E+2	7.000000E+2	7.046000E-1	2.834400E-2	2.485888E+4	2.808750E+4	1.791900E-2	5.033000E-1	9.910000E+37	2.834400E-2	3.496331E+42	5.530443E+42	1.791900E-2	9.910000E+37	2.000000E-2	0.000000E+0	5.000000E-1	1.000000E+1	5.000000E-1	1.000000E+1	1.000000E+0	3.100000E+1
5.180796E-1	1.200600E+2	6.900000E+2	6.908600E-1	3.669700E-2	1.882606E+4	2.891869E+4	1.737700E-2	5.025200E-1	9.910000E+37	3.669700E-2	2.700493E+42	5.702941E+42	1.737700E-2	9.910000E+37	2.000000E-2	0.000000E+0	5.000000E-1	1.000000E+1	5.000000E-1	1.000000E+1	1.000000E+0	3.200000E+1
5.344972E-1	1.200600E+2	6.800000E+2	6.808500E-1	3.550100E-2	1.917833E+4	1.776935E+4	2.796500E-2	4.969200E-1	9.910000E+37	3.550100E-2	2.791471E+42	3.543715E+42	2.796500E-2	9.910000E+37	2.000000E-2	0.000000E+0	5.000000E-1	1.000000E+1	5.000000E-1	1.000000E+1	1.000000E+0	3.300000E+1
5.509482E-1	1.200600E+2	6.700000E+2	6.702800E-1	3.474400E-2	1.929196E+4	1.981498E+4	2.529500E-2	5.012200E-1	9.910000E+37	3.474400E-2	2.852291E+42	3.917770E+42	2.529500E-2	9.910000E+37	2.000000E-2	0.000000E+0	5.000000E-1	1.000000E+1	5.000000E-1	1.000000E+1	1.000000E+0	3.400000E+1
5.673658E-1	1.200600E+2	6.600000E+2	6.603500E-1	3.484100E-2	1.895324E+4	1.931810E+4	2.595700E-2	5.014400E-1	9.910000E+37	3.484100E-2	2.844350E+42	3.817853E+42	2.595700E-2	9.910000E+37	2.000000E-2	0.000000E+0	5.000000E-1	1.000000E+1	5.000000E-1	1.000000E+1	1.000000E+0	3.500000E+1
5.837834E-1	1.200600E+2	6.500000E+2	6.502000E-1	3.400100E-2	1.912297E+4	1.918347E+4	2.613500E-2	5.013600E-1	9.910000E+37	3.400100E-2	2.914620E+42	3.791850E+42	2.613500E-2	9.910000E+37	2.000000E-2	0.000000E+0	5.000000E-1	1.000000E+1	5.000000E-1	1.000000E+1	1.000000E+0	3.600000E+1
6.002343E-1	1.200600E+2	6.400000E+2	6.372800E-1	4.324300E-2	1.473718E+4	1.954632E+4	2.565700E-2	5.015000E-1	9.910000E+37	4.324300E-2	2.291700E+42	3.862494E+42	2.565700E-2	9.910000E+37	2.000000E-2	0.000000E+0	5.000000E-1	1.000000E+1	5.000000E-1	1.000000E+1	1.000000E+0	3.700000E+1
6.166686E-1	1.200600E+2	6.300000E+2	6.298700E-1	3.262700E-2	1.930518E+4	1.917723E+4	2.610700E-2	5.006600E-1	9.910000E+37	3.262700E-2	3.037362E+42	3.795917E+42	2.610700E-2	9.910000E+37	2.000000E-2	0.000000E+0	5.000000E-1	1.000000E+1	5.000000E-1	1.000000E+1	1.000000E+0	3.800000E+1
6.331029E-1	1.200600E+2	6.200000E+2	6.202400E-1	3.209600E-2	1.932453E+4	1.959874E+4	2.549500E-2	4.996700E-1	9.910000E+37	3.209600E-2	3.087612E+42	3.887037E+42	2.549500E-2	9.910000E+37	2.000000E-2	0.000000E+0	5.000000E-1	1.000000E+1	5.000000E-1	1.000000E+1	1.000000E+0	3.900000E+1
6.495372E-1	1.200600E+2	6.100000E+2	6.078200E-1	3.685200E-2	1.649354E+4	2.613550E+4	1.915900E-2	5.007300E-1	9.910000E+37	3.685200E-2	2.689135E+42	5.172504E+42	1.915900E-2	9.910000E+37	2.000000E-2	0.000000E+0	5.000000E-1	1.000000E+1	5.000000E-1	1.000000E+1	1.000000E+0	4.000000E+1
6.659881E-1	1.200600E+2	6.000000E+2	6.018200E-1	3.266700E-2	1.842287E+4	1.741137E+4	2.857500E-2	4.975300E-1	9.910000E+37	3.266700E-2	3.033643E+42	3.468066E+42	2.857500E-2	9.910000E+37	2.000000E-2	0.000000E+0	5.000000E-1	1.000000E+1	5.000000E-1	1.000000E+1	1.000000E+0	4.100000E+1
6.824557E-1	1.200600E+2	5.900000E+2	5.913400E-1	2.708500E-2	2.183275E+4	1.364369E+4	3.648500E-2	4.977900E-1	9.910000E+37	2.708500E-2	3.658852E+42	2.716185E+42	3.648500E-2	9.910000E+37	2.000000E-2	0.000000E+0	5.000000E-1	1.000000E+1	5.000000E-1	1.000000E+1	1.000000E+0	4.200000E+1
6.989400E-1	1.200600E+2	5.800000E+2	5.777500E-1	3.181400E-2	1.816024E+4	2.564728E+4	1.955100E-2	5.014300E-1	9.910000E+37	3.181400E-2	3.114981E+42	5.068794E+42	1.955100E-2	9.910000E+37	2.000000E-2	0.000000E+0	5.000000E-1	1.000000E+1	5.000000E-1	1.000000E+1	1.000000E+0	4.300000E+1
7.153743E-1	1.200600E+2	5.700000E+2	5.712700E-1	2.358300E-2	2.422381E+4	1.937471E+4	2.584400E-2	5.007200E-1	9.910000E+37	2.358300E-2	4.202180E+42	3.834546E+42	2.584400E-2	9.910000E+37	2.000000E-2	0.000000E+0	5.000000E-1	1.000000E+1	5.000000E-1	1.000000E+1	1.000000E+0	4.400000E+1
7.318585E-1	1.200600E+2	5.600000E+2	5.634200E-1	1.814300E-2	3.105440E+4	2.229564E+4	2.239900E-2	4.994000E-1	9.910000E+37	1.814300E-2	5.462162E+42	4.424305E+42	2.239900E-2	9.910000E+37	2.000000E-2	0.000000E+0	5.000000E-1	1.000000E+1	5.000000E-1	1.000000E+1	1.000000E+0	4.500000E+1
7.483428E-1	1.200600E+2	5.500000E+2	5.517600E-1	2.402600E-2	2.296512E+4	1.429073E+4	3.476100E-2	4.967600E-1	9.910000E+37	2.402600E-2	4.124698E+42	2.850896E+42	3.476100E-2	9.910000E+37	2.000000E-2	0.000000E+0	5.000000E-1	1.000000E+1	5.000000E-1	1.000000E+1	1.000000E+0	4.600000E+1
7.647604E-1	1.200600E+2	5.400000E+2	5.417100E-1	2.810200E-2	1.927656E+4	1.581399E+4	3.153600E-2	4.987100E-1	9.910000E+37	2.810200E-2	3.526439E+42	3.142440E+42	3.153600E-2	9.910000E+37	2.000000E-2	0.000000E+0	5.000000E-1	1.000000E+1	5.000000E-1	1.000000E+1	1.000000E+0	4.700000E+1
7.812280E-1	1.200600E+2	5.300000E+2	5.306400E-1	2.740600E-2	1.936218E+4	1.986015E+4	2.517000E-2	4.998800E-1	9.910000E+37	2.740600E-2	3.615996E+42	3.937227E+42	2.517000E-2	9.910000E+37	2.000000E-2	0.000000E+0	5.000000E-1	1.000000E+1	5.000000E-1	1.000000E+1	1.000000E+0	4.800000E+1
7.976623E-1	1.200600E+2	5.200000E+2	5.217100E-1	2.758200E-2	1.891487E+4	2.302836E+4	2.168500E-2	4.993700E-1	9.910000E+37	2.758200E-2	3.592923E+42	4.569979E+42	2.168500E-2	9.910000E+37	2.000000E-2	0.000000E+0	5.000000E-1	1.000000E+1	5.000000E-1	1.000000E+1	1.000000E+0	4.900000E+1
8.141299E-1	1.200600E+2	5.100000E+2	5.113800E-1	2.627800E-2	1.946039E+4	2.549727E+4	1.959700E-2	4.996700E-1	9.910000E+37	2.627800E-2	3.771215E+42	5.056896E+42	1.959700E-2	9.910000E+37	2.000000E-2	0.000000E+0	5.000000E-1	1.000000E+1	5.000000E-1	1.000000E+1	1.000000E+0	5.000000E+1
8.305642E-1	1.200600E+2	5.000000E+2	4.998700E-1	2.550300E-2	1.960044E+4	2.405716E+4	2.082000E-2	5.008700E-1	9.910000E+37	2.550300E-2	3.885817E+42	4.759846E+42	2.082000E-2	9.910000E+37	2.000000E-2	0.000000E+0	5.000000E-1	1.000000E+1	5.000000E-1	1.000000E+1	1.000000E+0	5.100000E+1
8.469984E-1	1.200600E+2	4.900000E+2	4.870200E-1	3.396400E-2	1.433930E+4	1.903534E+4	2.634100E-2	5.014100E-1	9.910000E+37	3.396400E-2	2.917795E+42	3.762196E+42	2.634100E-2	9.910000E+37	2.000000E-2	0.000000E+0	5.000000E-1	1.000000E+1	5.000000E-1	1.000000E+1	1.000000E+0	5.200000E+1
8.634827E-1	1.200600E+2	4.800000E+2	4.813100E-1	1.864200E-2	2.581858E+4	2.424750E+4	2.078400E-2	5.039600E-1	9.910000E+37	1.864200E-2	5.315953E+42	4.768091E+42	2.078400E-2	9.910000E+37	2.000000E-2	0.000000E+0	5.000000E-1	1.000000E+1	5.000000E-1	1.000000E+1	1.000000E+0	5.300000E+1
8.799337E-1	1.200600E+2	4.700000E+2	4.710400E-1	2.432200E-2	1.936683E+4	2.617070E+4	1.916800E-2	5.016400E-1	9.910000E+37	2.432200E-2	4.074500E+42	5.170075E+42	1.916800E-2	9.910000E+37	2.000000E-2	0.000000E+0	5.000000E-1	1.000000E+1	5.000000E-1	1.000000E+1	1.000000E+0	5.400000E+1
8.963846E-1	1.200600E+2	4.600000E+2	4.613700E-1	1.741200E-2	2.649724E+4	2.576236E+4	1.943300E-2	5.006400E-1	9.910000E+37	1.741200E-2	5.691477E+42	5.099573E+42	1.943300E-2	9.910000E+37	2.000000E-2	0.000000E+0	5.000000E-1	1.000000E+1	5.000000E-1	1.000000E+1	1.000000E+0	5.500000E+1
9.128522E-1	1.200600E+2	4.500000E+2	4.467500E-1	2.068700E-2	2.159569E+4	2.907667E+4	1.724200E-2	5.013400E-1	9.910000E+37	2.068700E-2	4.790448E+42	5.747593E+42	1.724200E-2	9.910000E+37	2.000000E-2	0.000000E+0	5.000000E-1	1.000000E+1	5.000000E-1	1.000000E+1	1.000000E+0	5.600000E+1
9.293032E-1	1.200600E+2	4.400000E+2	4.400700E-1	2.204200E-2	1.996507E+4	2.240088E+4	2.234600E-2	5.005700E-1	9.910000E+37	2.204200E-2	4.495962E+42	4.434798E+42	2.234600E-2	9.910000E+37	2.000000E-2	0.000000E+0	5.000000E-1	1.000000E+1	5.000000E-1	1.000000E+1	1.000000E+0	5.700000E+1
9.457374E-1	1.200600E+2	4.300000E+2	4.292900E-1	2.800900E-2	1.532686E+4	1.582645E+4	3.146000E-2	4.979000E-1	9.910000E+37	2.800900E-2	3.538148E+42	3.150032E+42	3.146000E-2	9.910000E+37	2.000000E-2	0.000000E+0	5.000000E-1	1.000000E+1	5.000000E-1	1.000000E+1	1.000000E+0	5.800000E+1
9.621884E-1	1.200600E+2	4.200000E+2	4.207000E-1	2.111700E-2	1.992234E+4	1.945046E+4	2.578500E-2	5.015300E-1	9.910000E+37	2.111700E-2	4.692901E+42	3.843320E+42	2.578500E-2	9.910000E+37	2.000000E-2	0.000000E+0	5.000000E-1	1.000000E+1	5.000000E-1	1.000000E+1	1.000000E+0	5.900000E+1
9.786393E-1	1.200600E+2	4.100000E+2	4.060600E-1	2.366300E-2	1.716012E+4	2.519493E+4	1.987900E-2	5.008500E-1	9.910000E+37	2.366300E-2	4.187973E+42	4.985160E+42	1.987900E-2	9.910000E+37	2.000000E-2	0.000000E+0	5.000000E-1	1.000000E+1	5.000000E-1	1.000000E+1	1.000000E+0	6.000000E+1
9.951236E-1	1.200600E+2	4.000000E+2	4.019800E-1	2.152600E-2	1.867416E+4	1.952175E+4	2.561400E-2	5.000300E-1	9.910000E+37	2.152600E-2	4.603735E+42	3.868978E+42	2.561400E-2	9.910000E+37	2.000000E-2	0.000000E+0	5.000000E-1	1.000000E+1	5.000000E-1	1.000000E+1	1.000000E+0	6.100000E+1
1.011541E+0	1.200600E+2	3.900000E+2	3.908600E-1	2.012700E-2	1.941969E+4	1.950654E+4	2.567600E-2	5.008500E-1	9.910000E+37	2.012700E-2	4.923734E+42	3.859635E+42	2.567600E-2	9.910000E+37	2.000000E-2	0.000000E+0	5.000000E-1	1.000000E+1	5.000000E-1	1.000000E+1	1.000000E+0	6.200000E+1
1.027942E+0	1.200600E+2	3.800000E+2	3.796100E-1	1.911500E-2	1.985927E+4	2.613850E+4	1.914800E-2	5.005000E-1	9.910000E+37	1.911500E-2	5.184410E+42	5.175475E+42	1.914800E-2	9.910000E+37	2.000000E-2	0.000000E+0	5.000000E-1	1.000000E+1	5.000000E-1	1.000000E+1	1.000000E+0	6.300000E+1
1.044393E+0	1.200600E+2	3.700000E+2	3.679700E-1	2.406600E-2	1.529004E+4	2.228574E+4	2.239100E-2	4.990000E-1	9.910000E+37	2.406600E-2	4.117843E+42	4.425885E+42	2.239100E-2	9.910000E+37	2.000000E-2	0.000000E+0	5.000000E-1	1.000000E+1	5.000000E-1	1.000000E+1	1.000000E+0	6.400000E+1
1.060844E+0	1.200600E+2	3.600000E+2	3.610600E-1	1.875200E-2	1.925448E+4	1.979844E+4	2.520400E-2	4.990000E-1	9.910000E+37	1.875200E-2	5.284770E+42	3.931916E+42	2.520400E-2	9.910000E+37	2.000000E-2	0.000000E+0	5.000000E-1	1.000000E+1	5.000000E-1	1.000000E+1	1.000000E+0	6.500000E+1
1.077262E+0	1.200600E+2	3.500000E+2	3.482700E-1	2.037000E-2	1.709720E+4	1.867717E+4	2.660200E-2	4.968500E-1	9.910000E+37	2.037000E-2	4.864998E+42	3.725284E+42	2.660200E-2	9.910000E+37	2.000000E-2	0.000000E+0	5.000000E-1	1.000000E+1	5.000000E-1	1.000000E+1	1.000000E+0	6.600000E+1
1.093713E+0	1.200600E+2	3.400000E+2	3.401400E-1	1.693100E-2	2.008978E+4	2.143680E+4	2.325300E-2	4.984700E-1	9.910000E+37	1.693100E-2	5.853169E+42	4.261816E+42	2.325300E-2	9.910000E+37	2.000000E-2	0.000000E+0	5.000000E-1	1.000000E+1	5.000000E-1	1.000000E+1	1.000000E+0	6.700000E+1
1.110314E+0	1.200600E+2	3.300000E+2	3.284900E-1	1.262200E-2	2.602519E+4	1.382792E+4	3.594900E-2	4.971000E-1	9.910000E+37	1.262200E-2	7.851371E+42	2.756683E+42	3.594900E-2	9.910000E+37	2.000000E-2	0.000000E+0	5.000000E-1	1.000000E+1	5.000000E-1	1.000000E+1	1.000000E+0	6.800000E+1
1.126698E+0	1.200600E+2	3.200000E+2	3.207300E-1	1.592000E-2	2.014636E+4	2.540203E+4	1.975000E-2	5.016900E-1	9.910000E+37	1.592000E-2	6.224874E+42	5.017722E+42	1.975000E-2	9.910000E+37	2.000000E-2	0.000000E+0	5.000000E-1	1.000000E+1	5.000000E-1	1.000000E+1	1.000000E+0	6.900000E+1
1.143132E+0	1.200600E+2	3.100000E+2	3.122700E-1	1.024200E-2	3.048916E+4	1.981553E+4	2.520800E-2	4.995100E-1	9.910000E+37	1.024200E-2	9.675845E+42	3.931292E+42	2.520800E-2	9.910000E+37	2.000000E-2	0.000000E+0	5.000000E-1	1.000000E+1	5.000000E-1	1.000000E+1	1.000000E+0	7.000000E+1
1.159583E+0	1.200600E+2	3.000000E+2	2.973200E-1	1.803100E-2	1.648938E+4	1.964694E+4	2.546300E-2	5.002700E-1	9.910000E+37	1.803100E-2	5.496090E+42	3.891922E+42	2.546300E-2	9.910000E+37	2.000000E-2	0.000000E+0	5.000000E-1	1.000000E+1	5.000000E-1	1.000000E+1	1.000000E+0	7.100000E+1
1.176067E+0	1.200600E+2	2.900000E+2	2.904700E-1	1.417800E-2	2.048737E+4	1.998361E+4	2.501600E-2	4.999100E-1	9.910000E+37	1.417800E-2	6.989702E+42	3.961465E+42	2.501600E-2	9.910000E+37	2.000000E-2	0.000000E+0	5.000000E-1	1.000000E+1	5.000000E-1	1.000000E+1	1.000000E+0	7.200000E+1
1.192502E+0	1.200600E+2	2.800000E+2	2.801000E-1	7.492000E-3	3.738655E+4	1.986859E+4	2.518900E-2	5.004700E-1	9.910000E+37	7.492000E-3	1.322744E+43	3.934257E+42	2.518900E-2	9.910000E+37	2.000000E-2	0.000000E+0	5.000000E-1	1.000000E+1	5.000000E-1	1.000000E+1	1.000000E+0	7.300000E+1
1.208986E+0	1.200600E+2	2.700000E+2	2.685600E-1	1.886300E-2	1.423740E+4	2.622311E+4	1.920100E-2	5.035100E-1	9.910000E+37	1.886300E-2	5.253671E+42	5.161190E+42	1.920100E-2	9.910000E+37	2.000000E-2	0.000000E+0	5.000000E-1	1.000000E+1	5.000000E-1	1.000000E+1	1.000000E+0	7.400000E+1
1.225437E+0	1.200600E+2	2.600000E+2	2.609100E-1	6.443000E-3	4.049511E+4	2.342041E+4	2.139800E-2	5.011500E-1	9.910000E+37	6.443000E-3	1.538103E+43	4.631274E+42	2.139800E-2	9.910000E+37	2.000000E-2	0.000000E+0	5.000000E-1	1.000000E+1	5.000000E-1	1.000000E+1	1.000000E+0	7.500000E+1
1.241871E+0	1.200600E+2	2.500000E+2	2.496800E-1	1.656800E-2	1.507001E+4	2.514772E+4	1.993700E-2	5.013700E-1	9.910000E+37	1.656800E-2	5.981410E+42	4.970658E+42	1.993700E-2	9.910000E+37	2.000000E-2	0.000000E+0	5.000000E-1	1.000000E+1	5.000000E-1	1.000000E+1	1.000000E+0	7.600000E+1
1.258322E+0	1.200600E+2	2.400000E+2	2.372200E-1	1.491900E-2	1.590053E+4	1.987595E+4	2.515100E-2	4.999000E-1	9.910000E+37	1.491900E-2	6.642536E+42	3.940201E+42	2.515100E-2	9.910000E+37	2.000000E-2	0.000000E+0	5.000000E-1	1.000000E+1	5.000000E-1	1.000000E+1	1.000000E+0	7.700000E+1
1.274773E+0	1.200600E+2	2.300000E+2	2.297300E-1	1.131000E-2	2.031211E+4	2.236101E+4	2.230400E-2	4.987400E-1	9.910000E+37	1.131000E-2	8.762157E+42	4.443149E+42	2.230400E-2	9.910000E+37	2.000000E-2	0.000000E+0	5.000000E-1	1.000000E+1	5.000000E-1	1.000000E+1	1.000000E+0	7.800000E+1
1.291257E+0	1.200600E+2	2.200000E+2	2.205600E-1	1.068500E-2	2.064202E+4	2.484975E+4	2.019900E-2	5.019400E-1	9.910000E+37	1.068500E-2	9.274684E+42	4.906183E+42	2.019900E-2	9.910000E+37	2.000000E-2	0.000000E+0	5.000000E-1	1.000000E+1	5.000000E-1	1.000000E+1	1.000000E+0	7.900000E+1
1.307691E+0	1.200600E+2	2.100000E+2	2.152500E-1	6.608000E-3	3.257415E+4	1.676177E+4	2.965200E-2	4.970200E-1	9.910000E+37	6.608000E-3	1.499697E+43	3.342102E+42	2.965200E-2	9.910000E+37	2.000000E-2	0.000000E+0	5.000000E-1	1.000000E+1	5.000000E-1	1.000000E+1	1.000000E+0	8.000000E+1
1.324142E+0	1.200600E+2	2.000000E+2	2.005700E-1	6.595000E-3	3.041243E+4	2.345565E+4	2.142000E-2	5.024200E-1	9.910000E+37	6.595000E-3	1.502654E+43	4.626517E+42	2.142000E-2	9.910000E+37	2.000000E-2	0.000000E+0	5.000000E-1	1.000000E+1	5.000000E-1	1.000000E+1	1.000000E+0	8.100000E+1
1.340643E+0	1.200600E+2	1.900000E+2	1.893800E-1	1.270500E-2	1.490594E+4	1.952231E+4	2.566500E-2	5.010400E-1	9.910000E+37	1.270500E-2	7.800079E+42	3.861290E+42	2.566500E-2	9.910000E+37	2.000000E-2	0.000000E+0	5.000000E-1	1.000000E+1	5.000000E-1	1.000000E+1	1.000000E+0	8.200000E+1
1.357094E+0	1.200600E+2	1.800000E+2	1.776200E-1	1.353900E-2	1.311914E+4	3.046948E+4	1.646500E-2	5.016800E-1	9.910000E+37	1.353900E-2	7.319595E+42	6.018828E+42	1.646500E-2	9.910000E+37	2.000000E-2	0.000000E+0	5.000000E-1	1.000000E+1	5.000000E-1	1.000000E+1	1.000000E+0	8.300000E+1
1.373545E+0	1.200600E+2	1.700000E+2	1.698000E-1	1.375700E-2	1.234281E+4	1.789406E+4	2.780700E-2	4.975800E-1	9.910000E+37	1.375700E-2	7.203605E+42	3.563851E+42	2.780700E-2	9.910000E+37	2.000000E-2	0.000000E+0	5.000000E-1	1.000000E+1	5.000000E-1	1.000000E+1	1.000000E+0	8.400000E+1
1.390013E+0	1.200600E+2	1.600000E+2	1.614500E-1	-3.463000E-3	-4.662143E+4	1.921947E+4	2.607200E-2	5.010900E-1	9.910000E+37	-3.463000E-3	-2.861681E+43	3.801013E+42	2.607200E-2	9.910000E+37	2.000000E-2	0.000000E+0	5.000000E-1	1.000000E+1	5.000000E-1	1.000000E+1	1.000000E+0	8.500000E+1
1.406447E+0	1.200600E+2	1.500000E+2	1.484000E-1	1.087500E-2	1.364598E+4	1.962863E+4	2.547300E-2	5.000000E-1	9.910000E+37	1.087500E-2	9.112644E+42	3.890394E+42	2.547300E-2	9.910000E+37	2.000000E-2	0.000000E+0	5.000000E-1	1.000000E+1	5.000000E-1	1.000000E+1	1.000000E+0	8.600000E+1
1.422898E+0	1.200600E+2	1.400000E+2	1.389400E-1	6.176000E-3	2.249676E+4	2.514376E+4	1.992900E-2	5.010900E-1	9.910000E+37	6.176000E-3	1.604598E+43	4.972653E+42	1.992900E-2	9.910000E+37	2.000000E-2	0.000000E+0	5.000000E-1	1.000000E+1	5.000000E-1	1.000000E+1	1.000000E+0	8.700000E+1
1.439332E+0	1.200600E+2	1.300000E+2	1.302500E-1	5.931000E-3	2.196088E+4	1.983084E+4	2.524200E-2	5.005700E-1	9.910000E+37	5.931000E-3	1.670882E+43	3.925996E+42	2.524200E-2	9.910000E+37	2.000000E-2	0.000000E+0	5.000000E-1	1.000000E+1	5.000000E-1	1.000000E+1	1.000000E+0	8.800000E+1
1.455750E+0	1.200600E+2	1.200000E+2	1.213100E-1	6.433000E-3	1.885745E+4	2.278947E+4	2.185000E-2	4.979500E-1	9.910000E+37	6.433000E-3	1.540494E+43	4.535469E+42	2.185000E-2	9.910000E+37	2.000000E-2	0.000000E+0	5.000000E-1	1.000000E+1	5.000000E-1	1.000000E+1	1.000000E+0	8.900000E+1
1.472218E+0	1.200600E+2	1.100000E+2	1.112100E-1	8.116000E-3	1.370256E+4	1.965162E+4	2.546100E-2	5.003500E-1	9.910000E+37	8.116000E-3	1.221045E+43	3.892227E+42	2.546100E-2	9.910000E+37	2.000000E-2	0.000000E+0	5.000000E-1	1.000000E+1	5.000000E-1	1.000000E+1	1.000000E+0	9.000000E+1
1.488685E+0	1.200600E+2	1.000000E+2	1.003600E-1	4.425000E-3	2.268023E+4	2.485656E+4	2.018300E-2	5.016800E-1	9.910000E+37	4.425000E-3	2.239548E+43	4.910073E+42	2.018300E-2	9.910000E+37	2.000000E-2	0.000000E+0	5.000000E-1	1.000000E+1	5.000000E-1	1.000000E+1	1.000000E+0	9.100000E+1
1.505136E+0	1.200600E+2	9.019608E+1	8.762000E-2	8.176000E-3	1.071673E+4	1.985709E+4	2.519100E-2	5.002200E-1	9.910000E+37	8.176000E-3	1.212084E+43	3.933945E+42	2.519100E-2	9.910000E+37	2.000000E-2	0.000000E+0	5.000000E-1	1.000000E+1	5.000000E-1	1.000000E+1	1.000000E+0	9.200000E+1
1.521570E+0	1.200600E+2	8.039604E+1	7.714000E-2	3.853000E-3	2.002076E+4	1.990814E+4	2.514700E-2	5.006300E-1	9.910000E+37	3.853000E-3	2.572022E+43	3.940828E+42	2.514700E-2	9.910000E+37	2.000000E-2	0.000000E+0	5.000000E-1	1.000000E+1	5.000000E-1	1.000000E+1	1.000000E+0	9.300000E+1
1.538005E+0	1.200600E+2	7.059600E+1	7.232000E-2	5.140000E-3	1.407004E+4	1.670550E+4	2.978900E-2	4.976400E-1	9.910000E+37	5.140000E-3	1.928016E+43	3.326731E+42	2.978900E-2	9.910000E+37	2.000000E-2	0.000000E+0	5.000000E-1	1.000000E+1	5.000000E-1	1.000000E+1	1.000000E+0	9.400000E+1
1.554456E+0	1.200600E+2	6.079596E+1	6.323000E-2	-2.234000E-3	-2.830349E+4	2.418647E+4	2.074300E-2	5.017000E-1	9.910000E+37	-2.234000E-3	-4.435989E+43	4.777515E+42	2.074300E-2	9.910000E+37	2.000000E-2	0.000000E+0	5.000000E-1	1.000000E+1	5.000000E-1	1.000000E+1	1.000000E+0	9.500000E+1
1.570890E+0	1.200600E+2	5.099592E+1	5.083000E-2	-9.470000E-4	-5.367476E+4	1.393023E+4	3.566200E-2	4.967800E-1	9.910000E+37	-9.470000E-4	-1.046463E+44	2.778868E+42	3.566200E-2	9.910000E+37	2.000000E-2	0.000000E+0	5.000000E-1	1.000000E+1	5.000000E-1	1.000000E+1	1.000000E+0	9.600000E+1
1.587324E+0	1.200600E+2	4.119588E+1	4.044000E-2	1.408700E-2	2.870732E+3	1.593967E+4	3.126100E-2	4.982900E-1	9.910000E+37	1.408700E-2	7.034855E+42	3.170084E+42	3.126100E-2	9.910000E+37	2.000000E-2	0.000000E+0	5.000000E-1	1.000000E+1	5.000000E-1	1.000000E+1	1.000000E+0	9.700000E+1
1.603775E+0	1.200600E+2	3.139584E+1	3.168000E-2	1.214000E-3	2.609555E+4	2.607675E+4	1.920600E-2	5.008300E-1	9.910000E+37	1.214000E-3	8.163097E+43	5.159846E+42	1.920600E-2	9.910000E+37	2.000000E-2	0.000000E+0	5.000000E-1	1.000000E+1	5.000000E-1	1.000000E+1	1.000000E+0	9.800000E+1
1.620193E+0	1.200600E+2	2.159580E+1	1.854000E-2	5.111000E-3	3.627470E+3	3.001916E+4	1.670100E-2	5.013500E-1	9.910000E+37	5.111000E-3	1.938955E+43	5.933776E+42	1.670100E-2	9.910000E+37	2.000000E-2	0.000000E+0	5.000000E-1	1.000000E+1	5.000000E-1	1.000000E+1	1.000000E+0	9.900000E+1
1.636644E+0	1.200600E+2	1.179576E+1	1.026000E-2	-1.600000E-3	-6.412500E+3	1.887889E+4	2.634000E-2	4.972700E-1	9.910000E+37	-1.600000E-3	-6.193750E+43	3.762339E+42	2.634000E-2	9.910000E+37	2.000000E-2	0.000000E+0	5.000000E-1	1.000000E+1	5.000000E-1	1.000000E+1	1.000000E+0	1.000000E+2
1.653128E+0	1.200600E+2	1.995723E+0	1.730000E-3	-2.550000E-4	-6.784314E+3	1.436234E+4	3.461900E-2	4.972100E-1	9.910000E+37	-2.550000E-4	-3.886275E+44	2.862590E+42	3.461900E-2	9.910000E+37	2.000000E-2	0.000000E+0	5.000000E-1	1.000000E+1	5.000000E-1	1.000000E+1	1.000000E+0	1.010000E+2
1.669579E+0	1.200600E+2	-9.800039E+0	-9.660000E-3	5.101000E-3	-1.893746E+3	1.701662E+4	2.935600E-2	4.995400E-1	9.910000E+37	5.101000E-3	1.942756E+43	3.375801E+42	2.935600E-2	9.910000E+37	2.000000E-2	0.000000E+0	5.000000E-1	1.000000E+1	5.000000E-1	1.000000E+1	1.000000E+0	1.020000E+2
1.686046E+0	1.200600E+2	-1.960008E+1	-1.345000E-2	-7.186000E-3	1.871695E+3	1.998799E+4	2.498200E-2	4.993400E-1	9.910000E+37	-7.186000E-3	-1.379070E+43	3.966856E+42	2.498200E-2	9.910000E+37	2.000000E-2	0.000000E+0	5.000000E-1	1.000000E+1	5.000000E-1	1.000000E+1	1.000000E+0	1.030000E+2
1.702497E+0	1.200600E+2	-2.940012E+1	-2.801000E-2	-9.120000E-4	3.071272E+4	1.967334E+4	2.540900E-2	4.998800E-1	9.910000E+37	-9.120000E-4	-1.086623E+44	3.900193E+42	2.540900E-2	9.910000E+37	2.000000E-2	0.000000E+0	5.000000E-1	1.000000E+1	5.000000E-1	1.000000E+1	1.000000E+0	1.040000E+2
1.718932E+0	1.200600E+2	-3.920016E+1	-3.933000E-2	-4.617000E-3	8.518519E+3	2.872163E+4	1.762400E-2	5.061900E-1	9.910000E+37	-4.617000E-3	-2.146415E+43	5.623014E+42	1.762400E-2	9.910000E+37	2.000000E-2	0.000000E+0	5.000000E-1	1.000000E+1	5.000000E-1	1.000000E+1	1.000000E+0	1.050000E+2
1.735399E+0	1.200600E+2	-4.900020E+1	-4.890000E-2	-2.254000E-3	2.169476E+4	2.599272E+4	1.924000E-2	5.001000E-1	9.910000E+37	-2.254000E-3	-4.396628E+43	5.150728E+42	1.924000E-2	9.910000E+37	2.000000E-2	0.000000E+0	5.000000E-1	1.000000E+1	5.000000E-1	1.000000E+1	1.000000E+0	1.060000E+2
1.751850E+0	1.200600E+2	-5.880024E+1	-5.628000E-2	-1.259500E-2	4.468440E+3	2.529887E+4	1.982500E-2	5.015500E-1	9.910000E+37	-1.259500E-2	-7.868202E+42	4.998739E+42	1.982500E-2	9.910000E+37	2.000000E-2	0.000000E+0	5.000000E-1	1.000000E+1	5.000000E-1	1.000000E+1	1.000000E+0	1.070000E+2
1.768301E+0	1.200600E+2	-6.860028E+1	-6.804000E-2	-2.363000E-3	2.879391E+4	1.615114E+4	3.099100E-2	5.005400E-1	9.910000E+37	-2.363000E-3	-4.193821E+43	3.197703E+42	3.099100E-2	9.910000E+37	2.000000E-2	0.000000E+0	5.000000E-1	1.000000E+1	5.000000E-1	1.000000E+1	1.000000E+0	1.080000E+2
1.784702E+0	1.200600E+2	-7.840032E+1	-7.872000E-2	-4.097000E-3	1.921406E+4	1.982440E+4	2.545600E-2	5.046500E-1	9.910000E+37	-4.097000E-3	-2.418843E+43	3.892992E+42	2.545600E-2	9.910000E+37	2.000000E-2	0.000000E+0	5.000000E-1	1.000000E+1	5.000000E-1	1.000000E+1	1.000000E+0	1.090000E+2
1.801170E+0	1.200600E+2	-8.820036E+1	-9.006000E-2	-5.867000E-3	1.535026E+4	1.406147E+4	3.536400E-2	4.972700E-1	9.910000E+37	-5.867000E-3	-1.689109E+43	2.802285E+42	3.536400E-2	9.910000E+37	2.000000E-2	0.000000E+0	5.000000E-1	1.000000E+1	5.000000E-1	1.000000E+1	1.000000E+0	1.100000E+2
1.817654E+0	1.200600E+2	-9.800039E+1	-1.014000E-1	-3.587000E-3	2.826875E+4	1.669074E+4	2.976500E-2	4.968000E-1	9.910000E+37	-3.587000E-3	-2.762754E+43	3.329414E+42	2.976500E-2	9.910000E+37	2.000000E-2	0.000000E+0	5.000000E-1	1.000000E+1	5.000000E-1	1.000000E+1	1.000000E+0	1.110000E+2
1.834088E+0	1.200600E+2	-1.079964E+2	-1.078300E-1	-5.178000E-3	2.082464E+4	2.347335E+4	2.123600E-2	4.984800E-1	9.910000E+37	-5.178000E-3	-1.913866E+43	4.666604E+42	2.123600E-2	9.910000E+37	2.000000E-2	0.000000E+0	5.000000E-1	1.000000E+1	5.000000E-1	1.000000E+1	1.000000E+0	1.120000E+2
1.850539E+0	1.200600E+2	-1.179964E+2	-1.176300E-1	-5.913000E-3	1.989346E+4	1.988264E+4	2.513700E-2	4.997900E-1	9.910000E+37	-5.913000E-3	-1.675968E+43	3.942396E+42	2.513700E-2	9.910000E+37	2.000000E-2	0.000000E+0	5.000000E-1	1.000000E+1	5.000000E-1	1.000000E+1	1.000000E+0	1.130000E+2
1.866973E+0	1.200600E+2	-1.279964E+2	-1.260800E-1	-1.135900E-2	1.109957E+4	3.883636E+4	1.292500E-2	5.019600E-1	9.910000E+37	-1.135900E-2	-8.724360E+42	7.667311E+42	1.292500E-2	9.910000E+37	2.000000E-2	0.000000E+0	5.000000E-1	1.000000E+1	5.000000E-1	1.000000E+1	1.000000E+0	1.140000E+2
1.883424E+0	1.200600E+2	-1.379964E+2	-1.386900E-1	-6.811000E-3	2.036265E+4	1.988203E+4	2.517500E-2	5.005300E-1	9.910000E+37	-6.811000E-3	-1.454999E+43	3.936445E+42	2.517500E-2	9.910000E+37	2.000000E-2	0.000000E+0	5.000000E-1	1.000000E+1	5.000000E-1	1.000000E+1	1.000000E+0	1.150000E+2
1.899875E+0	1.200600E+2	-1.479964E+2	-1.474100E-1	-7.177000E-3	2.053922E+4	2.188378E+4	2.269900E-2	4.967400E-1	9.910000E+37	-7.177000E-3	-1.380800E+43	4.365831E+42	2.269900E-2	9.910000E+37	2.000000E-2	0.000000E+0	5.000000E-1	1.000000E+1	5.000000E-1	1.000000E+1	1.000000E+0	1.160000E+2
1.916326E+0	1.200600E+2	-1.579964E+2	-1.575700E-1	-7.343000E-3	2.145853E+4	2.062081E+4	2.416200E-2	4.982400E-1	9.910000E+37	-7.343000E-3	-1.349585E+43	4.101482E+42	2.416200E-2	9.910000E+37	2.000000E-2	0.000000E+0	5.000000E-1	1.000000E+1	5.000000E-1	1.000000E+1	1.000000E+0	1.170000E+2
1.932777E+0	1.200600E+2	-1.679964E+2	-1.706200E-1	3.077000E-3	-5.545011E+4	1.662490E+4	2.985100E-2	4.962700E-1	9.910000E+37	3.077000E-3	3.220669E+43	3.319822E+42	2.985100E-2	9.910000E+37	2.000000E-2	0.000000E+0	5.000000E-1	1.000000E+1	5.000000E-1	1.000000E+1	1.000000E+0	1.180000E+2
1.949228E+0	1.200600E+2	-1.779964E+2	-1.770500E-1	-1.444600E-2	1.225599E+4	1.977670E+4	2.525700E-2	4.995000E-1	9.910000E+37	-1.444600E-2	-6.860030E+42	3.923665E+42	2.525700E-2	9.910000E+37	2.000000E-2	0.000000E+0	5.000000E-1	1.000000E+1	5.000000E-1	1.000000E+1	1.000000E+0	1.190000E+2
1.965679E+0	1.200600E+2	-1.879964E+2	-1.856600E-1	-1.917100E-2	9.684419E+3	2.431669E+4	2.056900E-2	5.001700E-1	9.910000E+37	-1.917100E-2	-5.169266E+42	4.817930E+42	2.056900E-2	9.910000E+37	2.000000E-2	0.000000E+0	5.000000E-1	1.000000E+1	5.000000E-1	1.000000E+1	1.000000E+0	1.200000E+2
1.982130E+0	1.200600E+2	-1.979964E+2	-1.979400E-1	-3.883000E-3	5.097605E+4	2.285419E+4	2.176800E-2	4.974900E-1	9.910000E+37	-3.883000E-3	-2.552150E+43	4.552554E+42	2.176800E-2	9.910000E+37	2.000000E-2	0.000000E+0	5.000000E-1	1.000000E+1	5.000000E-1	1.000000E+1	1.000000E+0	1.210000E+2
1.998614E+0	1.200600E+2	-2.079964E+2	-2.101300E-1	-1.042000E-2	2.016603E+4	1.915819E+4	2.606300E-2	4.993200E-1	9.910000E+37	-1.042000E-2	-9.510557E+42	3.802325E+42	2.606300E-2	9.910000E+37	2.000000E-2	0.000000E+0	5.000000E-1	1.000000E+1	5.000000E-1	1.000000E+1	1.000000E+0	1.220000E+2
2.015032E+0	1.200600E+2	-2.179964E+2	-2.195300E-1	-4.784000E-3	4.588838E+4	2.479476E+4	2.022000E-2	5.013500E-1	9.910000E+37	-4.784000E-3	-2.071488E+43	4.901088E+42	2.022000E-2	9.910000E+37	2.000000E-2	0.000000E+0	5.000000E-1	1.000000E+1	5.000000E-1	1.000000E+1	1.000000E+0	1.230000E+2
2.031516E+0	1.200600E+2	-2.279964E+2	-2.292900E-1	-6.655000E-3	3.445379E+4	2.906992E+4	1.732100E-2	5.035200E-1	9.910000E+37	-6.655000E-3	-1.489106E+43	5.721379E+42	1.732100E-2	9.910000E+37	2.000000E-2	0.000000E+0	5.000000E-1	1.000000E+1	5.000000E-1	1.000000E+1	1.000000E+0	1.240000E+2
2.047917E+0	1.200600E+2	-2.379964E+2	-2.370800E-1	-1.095100E-2	2.164916E+4	2.218805E+4	2.260000E-2	5.014500E-1	9.910000E+37	-1.095100E-2	-9.049402E+42	4.384956E+42	2.260000E-2	9.910000E+37	2.000000E-2	0.000000E+0	5.000000E-1	1.000000E+1	5.000000E-1	1.000000E+1	1.000000E+0	1.250000E+2
2.064401E+0	1.200600E+2	-2.479964E+2	-2.506900E-1	-1.179000E-3	2.126293E+5	2.779485E+4	1.822100E-2	5.064500E-1	9.910000E+37	-1.179000E-3	-8.405428E+43	5.438779E+42	1.822100E-2	9.910000E+37	2.000000E-2	0.000000E+0	5.000000E-1	1.000000E+1	5.000000E-1	1.000000E+1	1.000000E+0	1.260000E+2
2.080852E+0	1.200600E+2	-2.579964E+2	-2.566200E-1	-1.812400E-2	1.415913E+4	1.830866E+4	2.736300E-2	5.009800E-1	9.910000E+37	-1.812400E-2	-5.467888E+42	3.621679E+42	2.736300E-2	9.910000E+37	2.000000E-2	0.000000E+0	5.000000E-1	1.000000E+1	5.000000E-1	1.000000E+1	1.000000E+0	1.270000E+2
2.097303E+0	1.200600E+2	-2.679964E+2	-2.679300E-1	-1.292100E-2	2.073601E+4	1.962469E+4	2.547200E-2	4.998800E-1	9.910000E+37	-1.292100E-2	-7.669685E+42	3.890546E+42	2.547200E-2	9.910000E+37	2.000000E-2	0.000000E+0	5.000000E-1	1.000000E+1	5.000000E-1	1.000000E+1	1.000000E+0	1.280000E+2
2.113754E+0	1.200600E+2	-2.779964E+2	-2.778600E-1	-1.447600E-2	1.919453E+4	1.976889E+4	2.552900E-2	5.046800E-1	9.910000E+37	-1.447600E-2	-6.845814E+42	3.881860E+42	2.552900E-2	9.910000E+37	2.000000E-2	0.000000E+0	5.000000E-1	1.000000E+1	5.000000E-1	1.000000E+1	1.000000E+0	1.290000E+2
2.130222E+0	1.200600E+2	-2.879964E+2	-2.914900E-1	-9.258000E-3	3.148520E+4	2.136608E+4	2.361500E-2	5.045600E-1	9.910000E+37	-9.258000E-3	-1.070426E+43	4.196485E+42	2.361500E-2	9.910000E+37	2.000000E-2	0.000000E+0	5.000000E-1	1.000000E+1	5.000000E-1	1.000000E+1	1.000000E+0	1.300000E+2
2.146639E+0	1.200600E+2	-2.979964E+2	-3.002200E-1	-3.249000E-3	9.240382E+4	1.995093E+4	2.506800E-2	5.001300E-1	9.910000E+37	-3.249000E-3	-3.050169E+43	3.953247E+42	2.506800E-2	9.910000E+37	2.000000E-2	0.000000E+0	5.000000E-1	1.000000E+1	5.000000E-1	1.000000E+1	1.000000E+0	1.310000E+2
2.163090E+0	1.200600E+2	-3.079964E+2	-3.081500E-1	-1.510800E-2	2.039648E+4	1.346425E+4	3.702100E-2	4.984600E-1	9.910000E+37	-1.510800E-2	-6.559439E+42	2.676859E+42	3.702100E-2	9.910000E+37	2.000000E-2	0.000000E+0	5.000000E-1	1.000000E+1	5.000000E-1	1.000000E+1	1.000000E+0	1.320000E+2
2.179575E+0	1.200600E+2	-3.179964E+2	-3.182200E-1	-1.555200E-2	2.046168E+4	2.378062E+4	2.094100E-2	4.979900E-1	9.910000E+37	-1.555200E-2	-6.372171E+42	4.732343E+42	2.094100E-2	9.910000E+37	2.000000E-2	0.000000E+0	5.000000E-1	1.000000E+1	5.000000E-1	1.000000E+1	1.000000E+0	1.330000E+2
2.196009E+0	1.200600E+2	-3.279964E+2	-3.277100E-1	-1.610500E-2	2.034834E+4	1.923160E+4	2.593700E-2	4.988100E-1	9.910000E+37	-1.610500E-2	-6.153369E+42	3.820797E+42	2.593700E-2	9.910000E+37	2.000000E-2	0.000000E+0	5.000000E-1	1.000000E+1	5.000000E-1	1.000000E+1	1.000000E+0	1.340000E+2
2.212443E+0	1.200600E+2	-3.379964E+2	-3.373500E-1	-1.669300E-2	2.020907E+4	1.929478E+4	2.600600E-2	5.017800E-1	9.910000E+37	-1.669300E-2	-5.936620E+42	3.810659E+42	2.600600E-2	9.910000E+37	2.000000E-2	0.000000E+0	5.000000E-1	1.000000E+1	5.000000E-1	1.000000E+1	1.000000E+0	1.350000E+2
2.228844E+0	1.200600E+2	-3.479964E+2	-3.467800E-1	-2.286400E-2	1.516707E+4	2.072474E+4	2.411900E-2	4.998600E-1	9.910000E+37	-2.286400E-2	-4.334325E+42	4.108794E+42	2.411900E-2	9.910000E+37	2.000000E-2	0.000000E+0	5.000000E-1	1.000000E+1	5.000000E-1	1.000000E+1	1.000000E+0	1.360000E+2
2.245295E+0	1.200600E+2	-3.579964E+2	-3.574600E-1	-2.385700E-2	1.498344E+4	1.848442E+4	2.709200E-2	5.007800E-1	9.910000E+37	-2.385700E-2	-4.153917E+42	3.657906E+42	2.709200E-2	9.910000E+37	2.000000E-2	0.000000E+0	5.000000E-1	1.000000E+1	5.000000E-1	1.000000E+1	1.000000E+0	1.370000E+2
2.261713E+0	1.200600E+2	-3.679964E+2	-3.714800E-1	-2.025000E-2	1.834469E+4	2.771468E+4	1.812000E-2	5.021900E-1	9.910000E+37	-2.025000E-2	-4.893827E+42	5.469095E+42	1.812000E-2	9.910000E+37	2.000000E-2	0.000000E+0	5.000000E-1	1.000000E+1	5.000000E-1	1.000000E+1	1.000000E+0	1.380000E+2
2.278180E+0	1.200600E+2	-3.779964E+2	-3.789600E-1	-1.288300E-2	2.941551E+4	2.578370E+4	1.942700E-2	5.009000E-1	9.910000E+37	-1.288300E-2	-7.692308E+42	5.101148E+42	1.942700E-2	9.910000E+37	2.000000E-2	0.000000E+0	5.000000E-1	1.000000E+1	5.000000E-1	1.000000E+1	1.000000E+0	1.390000E+2
2.294665E+0	1.200600E+2	-3.879964E+2	-3.873700E-1	-1.899800E-2	2.039004E+4	1.345974E+4	3.702300E-2	4.983200E-1	9.910000E+37	-1.899800E-2	-5.216339E+42	2.676714E+42	3.702300E-2	9.910000E+37	2.000000E-2	0.000000E+0	5.000000E-1	1.000000E+1	5.000000E-1	1.000000E+1	1.000000E+0	1.400000E+2
2.311116E+0	1.200600E+2	-3.979964E+2	-3.971100E-1	-1.946400E-2	2.040228E+4	2.106207E+4	2.365200E-2	4.981600E-1	9.910000E+37	-1.946400E-2	-5.091451E+42	4.189921E+42	2.365200E-2	9.910000E+37	2.000000E-2	0.000000E+0	5.000000E-1	1.000000E+1	5.000000E-1	1.000000E+1	1.000000E+0	1.410000E+2
2.327566E+0	1.200600E+2	-4.079964E+2	-4.056500E-1	-1.881900E-2	2.155534E+4	1.372454E+4	3.628900E-2	4.980500E-1	9.910000E+37	-1.881900E-2	-5.265955E+42	2.730855E+42	3.628900E-2	9.910000E+37	2.000000E-2	0.000000E+0	5.000000E-1	1.000000E+1	5.000000E-1	1.000000E+1	1.000000E+0	1.420000E+2
2.343984E+0	1.200600E+2	-4.179964E+2	-4.172000E-1	-1.995800E-2	2.090390E+4	2.074937E+4	2.412700E-2	5.006200E-1	9.910000E+37	-1.995800E-2	-4.965427E+42	4.107432E+42	2.412700E-2	9.910000E+37	2.000000E-2	0.000000E+0	5.000000E-1	1.000000E+1	5.000000E-1	1.000000E+1	1.000000E+0	1.430000E+2
2.360468E+0	1.200600E+2	-4.279964E+2	-4.254900E-1	-1.698400E-2	2.505240E+4	1.742501E+4	2.876900E-2	5.013000E-1	9.910000E+37	-1.698400E-2	-5.834903E+42	3.444680E+42	2.876900E-2	9.910000E+37	2.000000E-2	0.000000E+0	5.000000E-1	1.000000E+1	5.000000E-1	1.000000E+1	1.000000E+0	1.440000E+2
2.377503E+0	1.200600E+2	-4.379964E+2	-4.369400E-1	-2.677000E-2	1.632200E+4	2.009334E+4	2.485500E-2	4.994200E-1	9.910000E+37	-2.677000E-2	-3.701905E+42	3.987125E+42	2.485500E-2	9.910000E+37	2.000000E-2	0.000000E+0	5.000000E-1	1.000000E+1	5.000000E-1	1.000000E+1	1.000000E+0	1.450000E+2
2.394087E+0	1.200600E+2	-4.479964E+2	-4.488100E-1	-1.584700E-2	2.832145E+4	2.422355E+4	2.065800E-2	5.004100E-1	9.910000E+37	-1.584700E-2	-6.253550E+42	4.797173E+42	2.065800E-2	9.910000E+37	2.000000E-2	0.000000E+0	5.000000E-1	1.000000E+1	5.000000E-1	1.000000E+1	1.000000E+0	1.460000E+2
2.410555E+0	1.200600E+2	-4.579964E+2	-4.582600E-1	-2.906000E-2	1.576944E+4	1.945548E+4	2.576600E-2	5.012900E-1	9.910000E+37	-2.906000E-2	-3.410186E+42	3.846154E+42	2.576600E-2	9.910000E+37	2.000000E-2	0.000000E+0	5.000000E-1	1.000000E+1	5.000000E-1	1.000000E+1	1.000000E+0	1.470000E+2
2.427005E+0	1.200600E+2	-4.679964E+2	-4.667100E-1	-2.195500E-2	2.125757E+4	1.964821E+4	2.547000E-2	5.004400E-1	9.910000E+37	-2.195500E-2	-4.513778E+42	3.890852E+42	2.547000E-2	9.910000E+37	2.000000E-2	0.000000E+0	5.000000E-1	1.000000E+1	5.000000E-1	1.000000E+1	1.000000E+0	1.480000E+2
2.443440E+0	1.200600E+2	-4.779964E+2	-4.778900E-1	-2.358200E-2	2.026503E+4	1.690879E+4	2.940600E-2	4.972200E-1	9.910000E+37	-2.358200E-2	-4.202358E+42	3.370061E+42	2.940600E-2	9.910000E+37	2.000000E-2	0.000000E+0	5.000000E-1	1.000000E+1	5.000000E-1	1.000000E+1	1.000000E+0	1.490000E+2
2.459907E+0	1.200600E+2	-4.879964E+2	-4.909100E-1	-1.585400E-2	3.096443E+4	1.782756E+4	2.783500E-2	4.962300E-1	9.910000E+37	-1.585400E-2	-6.250788E+42	3.560266E+42	2.783500E-2	9.910000E+37	2.000000E-2	0.000000E+0	5.000000E-1	1.000000E+1	5.000000E-1	1.000000E+1	1.000000E+0	1.500000E+2
2.476358E+0	1.200600E+2	-4.979964E+2	-4.981800E-1	-1.834200E-2	2.716061E+4	2.517874E+4	1.988900E-2	5.007800E-1	9.910000E+37	-1.834200E-2	-5.402900E+42	4.982654E+42	1.988900E-2	9.910000E+37	2.000000E-2	0.000000E+0	5.000000E-1	1.000000E+1	5.000000E-1	1.000000E+1	1.000000E+0	1.510000E+2
2.492793E+0	1.200600E+2	-5.079964E+2	-5.090000E-1	-2.106600E-2	2.416216E+4	1.833162E+4	2.720600E-2	4.987300E-1	9.910000E+37	-2.106600E-2	-4.704263E+42	3.642579E+42	2.720600E-2	9.910000E+37	2.000000E-2	0.000000E+0	5.000000E-1	1.000000E+1	5.000000E-1	1.000000E+1	1.000000E+0	1.520000E+2
2.509260E+0	1.200600E+2	-5.179964E+2	-5.175200E-1	-2.565700E-2	2.017071E+4	2.017342E+4	2.479500E-2	5.002000E-1	9.910000E+37	-2.565700E-2	-3.862494E+42	3.996774E+42	2.479500E-2	9.910000E+37	2.000000E-2	0.000000E+0	5.000000E-1	1.000000E+1	5.000000E-1	1.000000E+1	1.000000E+0	1.530000E+2
2.525711E+0	1.200600E+2	-5.279964E+2	-5.309500E-1	-2.442200E-2	2.174064E+4	1.791599E+4	2.778300E-2	4.977600E-1	9.910000E+37	-2.442200E-2	-4.057817E+42	3.566929E+42	2.778300E-2	9.910000E+37	2.000000E-2	0.000000E+0	5.000000E-1	1.000000E+1	5.000000E-1	1.000000E+1	1.000000E+0	1.540000E+2
2.542129E+0	1.200600E+2	-5.379964E+2	-5.403400E-1	-2.450600E-2	2.204929E+4	1.949566E+4	2.567700E-2	5.005900E-1	9.910000E+37	-2.450600E-2	-4.043908E+42	3.859485E+42	2.567700E-2	9.910000E+37	2.000000E-2	0.000000E+0	5.000000E-1	1.000000E+1	5.000000E-1	1.000000E+1	1.000000E+0	1.550000E+2
2.558580E+0	1.200600E+2	-5.479964E+2	-5.494000E-1	-3.065000E-2	1.792496E+4	2.378368E+4	2.096900E-2	4.987200E-1	9.910000E+37	-3.065000E-2	-3.233279E+42	4.726024E+42	2.096900E-2	9.910000E+37	2.000000E-2	0.000000E+0	5.000000E-1	1.000000E+1	5.000000E-1	1.000000E+1	1.000000E+0	1.560000E+2
2.575014E+0	1.200600E+2	-5.579964E+2	-5.580400E-1	-2.549600E-2	2.188735E+4	1.583055E+4	3.149100E-2	4.985200E-1	9.910000E+37	-2.549600E-2	-3.886884E+42	3.146931E+42	3.149100E-2	9.910000E+37	2.000000E-2	0.000000E+0	5.000000E-1	1.000000E+1	5.000000E-1	1.000000E+1	1.000000E+0	1.570000E+2
2.591432E+0	1.200600E+2	-5.679964E+2	-5.667000E-1	-3.420500E-2	1.656775E+4	2.334964E+4	2.146800E-2	5.012700E-1	9.910000E+37	-3.420500E-2	-2.897237E+42	4.616173E+42	2.146800E-2	9.910000E+37	2.000000E-2	0.000000E+0	5.000000E-1	1.000000E+1	5.000000E-1	1.000000E+1	1.000000E+0	1.580000E+2
2.607866E+0	1.200600E+2	-5.779964E+2	-5.768200E-1	-2.826100E-2	2.041046E+4	1.595021E+4	3.125100E-2	4.984600E-1	9.910000E+37	-2.826100E-2	-3.506599E+42	3.171099E+42	3.125100E-2	9.910000E+37	2.000000E-2	0.000000E+0	5.000000E-1	1.000000E+1	5.000000E-1	1.000000E+1	1.000000E+0	1.590000E+2
2.624333E+0	1.200600E+2	-5.879964E+2	-5.880900E-1	-3.523600E-2	1.669003E+4	2.007392E+4	2.489200E-2	4.996800E-1	9.910000E+37	-3.523600E-2	-2.812465E+42	3.981199E+42	2.489200E-2	9.910000E+37	2.000000E-2	0.000000E+0	5.000000E-1	1.000000E+1	5.000000E-1	1.000000E+1	1.000000E+0	1.600000E+2
2.640818E+0	1.200600E+2	-5.979964E+2	-5.990100E-1	-2.375400E-2	2.521723E+4	1.975867E+4	2.527700E-2	4.994400E-1	9.910000E+37	-2.375400E-2	-4.171929E+42	3.920560E+42	2.527700E-2	9.910000E+37	2.000000E-2	0.000000E+0	5.000000E-1	1.000000E+1	5.000000E-1	1.000000E+1	1.000000E+0	1.610000E+2
2.657302E+0	1.200600E+2	-6.079964E+2	-6.040500E-1	-3.874400E-2	1.559080E+4	2.661330E+4	1.880000E-2	5.003300E-1	9.910000E+37	-3.874400E-2	-2.557815E+42	5.271277E+42	1.880000E-2	9.910000E+37	2.000000E-2	0.000000E+0	5.000000E-1	1.000000E+1	5.000000E-1	1.000000E+1	1.000000E+0	1.620000E+2
2.673770E+0	1.200600E+2	-6.179964E+2	-6.194900E-1	-2.816400E-2	2.199581E+4	1.687615E+4	2.947000E-2	4.973400E-1	9.910000E+37	-2.816400E-2	-3.518676E+42	3.362742E+42	2.947000E-2	9.910000E+37	2.000000E-2	0.000000E+0	5.000000E-1	1.000000E+1	5.000000E-1	1.000000E+1	1.000000E+0	1.630000E+2
2.690271E+0	1.200600E+2	-6.279964E+2	-6.304500E-1	-2.673000E-2	2.358586E+4	1.593917E+4	3.129900E-2	4.988800E-1	9.910000E+37	-2.673000E-2	-3.707445E+42	3.166235E+42	3.129900E-2	9.910000E+37	2.000000E-2	0.000000E+0	5.000000E-1	1.000000E+1	5.000000E-1	1.000000E+1	1.000000E+0	1.640000E+2
2.706705E+0	1.200600E+2	-6.379964E+2	-6.375600E-1	-3.243500E-2	1.965654E+4	2.035287E+4	2.442800E-2	4.971800E-1	9.910000E+37	-3.243500E-2	-3.055341E+42	4.056820E+42	2.442800E-2	9.910000E+37	2.000000E-2	0.000000E+0	5.000000E-1	1.000000E+1	5.000000E-1	1.000000E+1	1.000000E+0	1.650000E+2
2.723122E+0	1.200600E+2	-6.479964E+2	-6.480500E-1	-3.312700E-2	1.956259E+4	1.778790E+4	2.799600E-2	4.979900E-1	9.910000E+37	-3.312700E-2	-2.991517E+42	3.539791E+42	2.799600E-2	9.910000E+37	2.000000E-2	0.000000E+0	5.000000E-1	1.000000E+1	5.000000E-1	1.000000E+1	1.000000E+0	1.660000E+2
2.739557E+0	1.200600E+2	-6.579964E+2	-6.588000E-1	-4.042300E-2	1.629765E+4	2.697869E+4	1.877000E-2	5.063900E-1	9.910000E+37	-4.042300E-2	-2.451575E+42	5.279702E+42	1.877000E-2	9.910000E+37	2.000000E-2	0.000000E+0	5.000000E-1	1.000000E+1	5.000000E-1	1.000000E+1	1.000000E+0	1.670000E+2
2.755974E+0	1.200600E+2	-6.679964E+2	-6.687200E-1	-3.113700E-2	2.147670E+4	1.984465E+4	2.523300E-2	5.007400E-1	9.910000E+37	-3.113700E-2	-3.182709E+42	3.927397E+42	2.523300E-2	9.910000E+37	2.000000E-2	0.000000E+0	5.000000E-1	1.000000E+1	5.000000E-1	1.000000E+1	1.000000E+0	1.680000E+2
2.772409E+0	1.200600E+2	-6.779964E+2	-6.772800E-1	-3.937000E-2	1.720295E+4	1.628033E+4	3.066400E-2	4.992200E-1	9.910000E+37	-3.937000E-2	-2.517145E+42	3.231803E+42	3.066400E-2	9.910000E+37	2.000000E-2	0.000000E+0	5.000000E-1	1.000000E+1	5.000000E-1	1.000000E+1	1.000000E+0	1.690000E+2
2.788876E+0	1.200600E+2	-6.879964E+2	-6.900500E-1	-3.158900E-2	2.184463E+4	1.663786E+4	3.008800E-2	5.006000E-1	9.910000E+37	-3.158900E-2	-3.137168E+42	3.293672E+42	3.008800E-2	9.910000E+37	2.000000E-2	0.000000E+0	5.000000E-1	1.000000E+1	5.000000E-1	1.000000E+1	1.000000E+0	1.700000E+2
2.805310E+0	1.200600E+2	-6.979964E+2	-6.982300E-1	-3.609200E-2	1.934584E+4	1.725892E+4	2.877700E-2	4.966600E-1	9.910000E+37	-3.609200E-2	-2.745761E+42	3.443722E+42	2.877700E-2	9.910000E+37	2.000000E-2	0.000000E+0	5.000000E-1	1.000000E+1	5.000000E-1	1.000000E+1	1.000000E+0	1.710000E+2
2.821745E+0	1.200600E+2	-7.079964E+2	-7.069300E-1	-3.584700E-2	1.972076E+4	1.896471E+4	2.646600E-2	5.019200E-1	9.910000E+37	-3.584700E-2	-2.764527E+42	3.744427E+42	2.646600E-2	9.910000E+37	2.000000E-2	0.000000E+0	5.000000E-1	1.000000E+1	5.000000E-1	1.000000E+1	1.000000E+0	1.720000E+2
2.838229E+0	1.200600E+2	-7.179964E+2	-7.169100E-1	-3.308300E-2	2.167004E+4	2.940395E+4	1.716300E-2	5.046600E-1	9.910000E+37	-3.308300E-2	-2.995496E+42	5.774049E+42	1.716300E-2	9.910000E+37	2.000000E-2	0.000000E+0	5.000000E-1	1.000000E+1	5.000000E-1	1.000000E+1	1.000000E+0	1.730000E+2
2.854630E+0	1.200600E+2	-7.279964E+2	-7.279300E-1	-3.713700E-2	1.960121E+4	2.088216E+4	2.399800E-2	5.011300E-1	9.910000E+37	-3.713700E-2	-2.668498E+42	4.129511E+42	2.399800E-2	9.910000E+37	2.000000E-2	0.000000E+0	5.000000E-1	1.000000E+1	5.000000E-1	1.000000E+1	1.000000E+0	1.740000E+2
2.871081E+0	1.200600E+2	-7.379964E+2	-7.369900E-1	-4.348000E-2	1.695009E+4	1.646232E+4	3.039000E-2	5.002900E-1	9.910000E+37	-4.348000E-2	-2.279209E+42	3.260941E+42	3.039000E-2	9.910000E+37	2.000000E-2	0.000000E+0	5.000000E-1	1.000000E+1	5.000000E-1	1.000000E+1	1.000000E+0	1.750000E+2
2.887515E+0	1.200600E+2	-7.479964E+2	-7.476000E-1	-3.864400E-2	1.934582E+4	1.363222E+4	3.660300E-2	4.989800E-1	9.910000E+37	-3.864400E-2	-2.564434E+42	2.707428E+42	3.660300E-2	9.910000E+37	2.000000E-2	0.000000E+0	5.000000E-1	1.000000E+1	5.000000E-1	1.000000E+1	1.000000E+0	1.760000E+2
2.903983E+0	1.200600E+2	-7.579964E+2	-7.583400E-1	-4.200300E-2	1.805442E+4	1.976114E+4	2.537100E-2	5.013600E-1	9.910000E+37	-4.200300E-2	-2.359355E+42	3.906034E+42	2.537100E-2	9.910000E+37	2.000000E-2	0.000000E+0	5.000000E-1	1.000000E+1	5.000000E-1	1.000000E+1	1.000000E+0	1.770000E+2
2.920434E+0	1.200600E+2	-7.679964E+2	-7.641400E-1	-5.003300E-2	1.527272E+4	1.997925E+4	2.505700E-2	5.006200E-1	9.910000E+37	-5.003300E-2	-1.980693E+42	3.954983E+42	2.505700E-2	9.910000E+37	2.000000E-2	0.000000E+0	5.000000E-1	1.000000E+1	5.000000E-1	1.000000E+1	1.000000E+0	1.780000E+2
2.936901E+0	1.200600E+2	-7.779964E+2	-7.784800E-1	-3.815300E-2	2.040416E+4	1.743085E+4	2.848800E-2	4.965700E-1	9.910000E+37	-3.815300E-2	-2.597437E+42	3.478658E+42	2.848800E-2	9.910000E+37	2.000000E-2	0.000000E+0	5.000000E-1	1.000000E+1	5.000000E-1	1.000000E+1	1.000000E+0	1.790000E+2
2.953336E+0	1.200600E+2	-7.879964E+2	-7.906300E-1	-3.557300E-2	2.222556E+4	2.010614E+4	2.487200E-2	5.000800E-1	9.910000E+37	-3.557300E-2	-2.785821E+42	3.984400E+42	2.487200E-2	9.910000E+37	2.000000E-2	0.000000E+0	5.000000E-1	1.000000E+1	5.000000E-1	1.000000E+1	1.000000E+0	1.800000E+2
2.969787E+0	1.200600E+2	-7.979964E+2	-7.978700E-1	-4.085500E-2	1.952931E+4	2.013751E+4	2.479900E-2	4.993900E-1	9.910000E+37	-4.085500E-2	-2.425652E+42	3.996129E+42	2.479900E-2	9.910000E+37	2.000000E-2	0.000000E+0	5.000000E-1	1.000000E+1	5.000000E-1	1.000000E+1	1.000000E+0	1.810000E+2
2.986204E+0	1.200600E+2	-8.079964E+2	-8.084400E-1	-4.202900E-2	1.923529E+4	2.803296E+4	1.790000E-2	5.017900E-1	9.910000E+37	-4.202900E-2	-2.357896E+42	5.536313E+42	1.790000E-2	9.910000E+37	2.000000E-2	0.000000E+0	5.000000E-1	1.000000E+1	5.000000E-1	1.000000E+1	1.000000E+0	1.820000E+2
3.002622E+0	1.200600E+2	-8.179964E+2	-8.184700E-1	-4.229400E-2	1.935192E+4	2.005052E+4	2.494000E-2	5.000600E-1	9.910000E+37	-4.229400E-2	-2.343122E+42	3.973536E+42	2.494000E-2	9.910000E+37	2.000000E-2	0.000000E+0	5.000000E-1	1.000000E+1	5.000000E-1	1.000000E+1	1.000000E+0	1.830000E+2
3.019073E+0	1.200600E+2	-8.279964E+2	-8.279700E-1	-4.435200E-2	1.866815E+4	1.833897E+4	2.718800E-2	4.986000E-1	9.910000E+37	-4.435200E-2	-2.234398E+42	3.644990E+42	2.718800E-2	9.910000E+37	2.000000E-2	0.000000E+0	5.000000E-1	1.000000E+1	5.000000E-1	1.000000E+1	1.000000E+0	1.840000E+2
3.035557E+0	1.200600E+2	-8.379964E+2	-8.321200E-1	-5.043300E-2	1.649951E+4	1.580011E+4	3.160800E-2	4.994100E-1	9.910000E+37	-5.043300E-2	-1.964983E+42	3.135282E+42	3.160800E-2	9.910000E+37	2.000000E-2	0.000000E+0	5.000000E-1	1.000000E+1	5.000000E-1	1.000000E+1	1.000000E+0	1.850000E+2
3.052191E+0	1.200600E+2	-8.479964E+2	-8.486900E-1	-4.159800E-2	2.040218E+4	2.626541E+4	1.905700E-2	5.005400E-1	9.910000E+37	-4.159800E-2	-2.382326E+42	5.200189E+42	1.905700E-2	9.910000E+37	2.000000E-2	0.000000E+0	5.000000E-1	1.000000E+1	5.000000E-1	1.000000E+1	1.000000E+0	1.860000E+2
3.068626E+0	1.200600E+2	-8.579964E+2	-8.587300E-1	-4.412900E-2	1.945954E+4	2.008204E+4	2.486500E-2	4.993400E-1	9.910000E+37	-4.412900E-2	-2.245689E+42	3.985522E+42	2.486500E-2	9.910000E+37	2.000000E-2	0.000000E+0	5.000000E-1	1.000000E+1	5.000000E-1	1.000000E+1	1.000000E+0	1.870000E+2
3.085043E+0	1.200600E+2	-8.679964E+2	-8.675700E-1	-4.314100E-2	2.011010E+4	2.023539E+4	2.468200E-2	4.994500E-1	9.910000E+37	-4.314100E-2	-2.297119E+42	4.015072E+42	2.468200E-2	9.910000E+37	2.000000E-2	0.000000E+0	5.000000E-1	1.000000E+1	5.000000E-1	1.000000E+1	1.000000E+0	1.880000E+2
3.101461E+0	1.200600E+2	-8.779964E+2	-8.784500E-1	-4.541800E-2	1.934145E+4	2.566382E+4	1.953100E-2	5.012400E-1	9.910000E+37	-4.541800E-2	-2.181954E+42	5.073985E+42	1.953100E-2	9.910000E+37	2.000000E-2	0.000000E+0	5.000000E-1	1.000000E+1	5.000000E-1	1.000000E+1	1.000000E+0	1.890000E+2
3.117878E+0	1.200600E+2	-8.879964E+2	-8.889200E-1	-5.426200E-2	1.638200E+4	1.980861E+4	2.523700E-2	4.999100E-1	9.910000E+37	-5.426200E-2	-1.826324E+42	3.926774E+42	2.523700E-2	9.910000E+37	2.000000E-2	0.000000E+0	5.000000E-1	1.000000E+1	5.000000E-1	1.000000E+1	1.000000E+0	1.900000E+2
3.134313E+0	1.200600E+2	-8.979964E+2	-9.009300E-1	-4.392600E-2	2.051018E+4	1.683290E+4	2.951600E-2	4.968400E-1	9.910000E+37	-4.392600E-2	-2.256067E+42	3.357501E+42	2.951600E-2	9.910000E+37	2.000000E-2	0.000000E+0	5.000000E-1	1.000000E+1	5.000000E-1	1.000000E+1	1.000000E+0	1.910000E+2
3.150747E+0	1.200600E+2	-9.079964E+2	-9.068400E-1	-5.304300E-2	1.709632E+4	1.842244E+4	2.697200E-2	4.968900E-1	9.910000E+37	-5.304300E-2	-1.868296E+42	3.674181E+42	2.697200E-2	9.910000E+37	2.000000E-2	0.000000E+0	5.000000E-1	1.000000E+1	5.000000E-1	1.000000E+1	1.000000E+0	1.920000E+2
3.167214E+0	1.200600E+2	-9.179964E+2	-9.170600E-1	-4.559100E-2	2.011493E+4	1.673811E+4	2.971900E-2	4.974400E-1	9.910000E+37	-4.559100E-2	-2.173675E+42	3.334567E+42	2.971900E-2	9.910000E+37	2.000000E-2	0.000000E+0	5.000000E-1	1.000000E+1	5.000000E-1	1.000000E+1	1.000000E+0	1.930000E+2
3.183682E+0	1.200600E+2	-9.279964E+2	-9.298500E-1	-4.307100E-2	2.158877E+4	1.652539E+4	3.010700E-2	4.975300E-1	9.910000E+37	-4.307100E-2	-2.300852E+42	3.291593E+42	3.010700E-2	9.910000E+37	2.000000E-2	0.000000E+0	5.000000E-1	1.000000E+1	5.000000E-1	1.000000E+1	1.000000E+0	1.940000E+2
3.200100E+0	1.200600E+2	-9.379964E+2	-9.395200E-1	-4.330100E-2	2.169742E+4	3.534521E+4	1.415100E-2	5.001700E-1	9.910000E+37	-4.330100E-2	-2.288631E+42	7.003039E+42	1.415100E-2	9.910000E+37	2.000000E-2	0.000000E+0	5.000000E-1	1.000000E+1	5.000000E-1	1.000000E+1	1.000000E+0	1.950000E+2
3.216551E+0	1.200600E+2	-9.479964E+2	-9.484200E-1	-5.006500E-2	1.894377E+4	1.592993E+4	3.136800E-2	4.996900E-1	9.910000E+37	-5.006500E-2	-1.979427E+42	3.159271E+42	3.136800E-2	9.910000E+37	2.000000E-2	0.000000E+0	5.000000E-1	1.000000E+1	5.000000E-1	1.000000E+1	1.000000E+0	1.960000E+2
3.232968E+0	1.200600E+2	-9.579964E+2	-9.566300E-1	-5.583700E-2	1.713255E+4	2.446446E+4	2.042800E-2	4.997600E-1	9.910000E+37	-5.583700E-2	-1.774809E+42	4.851185E+42	2.042800E-2	9.910000E+37	2.000000E-2	0.000000E+0	5.000000E-1	1.000000E+1	5.000000E-1	1.000000E+1	1.000000E+0	1.970000E+2
3.249436E+0	1.200600E+2	-9.679964E+2	-9.643100E-1	-5.900000E-2	1.634424E+4	2.680834E+4	1.865800E-2	5.001900E-1	9.910000E+37	-5.900000E-2	-1.679661E+42	5.311395E+42	1.865800E-2	9.910000E+37	2.000000E-2	0.000000E+0	5.000000E-1	1.000000E+1	5.000000E-1	1.000000E+1	1.000000E+0	1.980000E+2
3.265870E+0	1.200600E+2	-9.779964E+2	-9.793400E-1	-4.960700E-2	1.974197E+4	1.991400E+4	2.511500E-2	5.001400E-1	9.910000E+37	-4.960700E-2	-1.997702E+42	3.945849E+42	2.511500E-2	9.910000E+37	2.000000E-2	0.000000E+0	5.000000E-1	1.000000E+1	5.000000E-1	1.000000E+1	1.000000E+0	1.990000E+2
3.282338E+0	1.200600E+2	-9.879964E+2	-9.859100E-1	-5.084700E-2	1.938974E+4	1.927491E+4	2.598300E-2	5.008200E-1	9.910000E+37	-5.084700E-2	-1.948984E+42	3.814032E+42	2.598300E-2	9.910000E+37	2.000000E-2	0.000000E+0	5.000000E-1	1.000000E+1	5.000000E-1	1.000000E+1	1.000000E+0	2.000000E+2
3.298789E+0	1.200600E+2	-9.979964E+2	-9.963800E-1	-5.677500E-2	1.754963E+4	1.457807E+4	3.409300E-2	4.970100E-1	9.910000E+37	-5.677500E-2	-1.745487E+42	2.906755E+42	3.409300E-2	9.910000E+37	2.000000E-2	0.000000E+0	5.000000E-1	1.000000E+1	5.000000E-1	1.000000E+1	1.000000E+0	2.010000E+2
3.315206E+0	1.200600E+2	-1.000000E+3	-9.996300E-1	-5.235300E-2	1.909403E+4	1.981929E+4	2.523400E-2	5.001200E-1	9.910000E+37	-5.235300E-2	-1.892919E+42	3.927241E+42	2.523400E-2	9.910000E+37	2.000000E-2	0.000000E+0	5.000000E-1	1.000000E+1	5.000000E-1	1.000000E+1	1.000000E+0	2.020000E+2
3.331674E+0	1.200600E+2	-9.900000E+2	-9.896100E-1	-5.233500E-2	1.890914E+4	1.998603E+4	2.505300E-2	5.007100E-1	9.910000E+37	-5.233500E-2	-1.893570E+42	3.955614E+42	2.505300E-2	9.910000E+37	2.000000E-2	0.000000E+0	5.000000E-1	1.000000E+1	5.000000E-1	1.000000E+1	1.000000E+0	2.030000E+2
