Tiempo (min)	T (K) 	I pulso(mA)	Vinst 1 (V)	Iinst 1 (mA)	Rinst 1(Ohm)	Rrem 1 (Ohm)	Ibias 1 (mA)	Vbias 1 (V)	Vinst 2 (V)	Iinst 2 (mA)	Rinst 2(Ohm)	Rrem 2 (Ohm)	Ibias 2 (mA)	Vbias 2 (V)	Ancho pulso (s)	Periodo (s)	Icc 1 (mA)	Vcc 1 (V)	Icc 2 (mA)	Vcc 2 (V)	2W 1?	N
7.950455E-3	2.403600E+2	1.000000E+3	9.990400E-1	3.608920E-1	2.768252E+3	3.037952E+3	1.645780E-1	4.999800E-1	9.910000E+37	3.608920E-1	2.745974E+41	6.021461E+41	1.645780E-1	9.910000E+37	2.000000E-2	0.000000E+0	5.000000E-1	1.000000E+1	5.000000E-1	1.000000E+1	1.000000E+0	1.000000E+0
2.650151E-2	2.403600E+2	9.900000E+2	9.900000E-1	3.584720E-1	2.761722E+3	2.919987E+3	1.706480E-1	4.982900E-1	9.910000E+37	3.584720E-1	2.764512E+41	5.807276E+41	1.706480E-1	9.910000E+37	2.000000E-2	0.000000E+0	5.000000E-1	1.000000E+1	5.000000E-1	1.000000E+1	1.000000E+0	2.000000E+0
4.308580E-2	2.403600E+2	9.800000E+2	9.810800E-1	3.558440E-1	2.757051E+3	2.964557E+3	1.684940E-1	4.995100E-1	9.910000E+37	3.558440E-1	2.784928E+41	5.881515E+41	1.684940E-1	9.910000E+37	2.000000E-2	0.000000E+0	5.000000E-1	1.000000E+1	5.000000E-1	1.000000E+1	1.000000E+0	3.000000E+0
5.953673E-2	2.403600E+2	9.700000E+2	9.686100E-1	3.553470E-1	2.725814E+3	3.073397E+3	1.638220E-1	5.034900E-1	9.910000E+37	3.553470E-1	2.788823E+41	6.049249E+41	1.638220E-1	9.910000E+37	2.000000E-2	0.000000E+0	5.000000E-1	1.000000E+1	5.000000E-1	1.000000E+1	1.000000E+0	4.000000E+0
7.595434E-2	2.403600E+2	9.600000E+2	9.606900E-1	3.421600E-1	2.807722E+3	2.925803E+3	1.708010E-1	4.997300E-1	9.910000E+37	3.421600E-1	2.896306E+41	5.802074E+41	1.708010E-1	9.910000E+37	2.000000E-2	0.000000E+0	5.000000E-1	1.000000E+1	5.000000E-1	1.000000E+1	1.000000E+0	5.000000E+0
9.242196E-2	2.403600E+2	9.500000E+2	9.506900E-1	3.423570E-1	2.776897E+3	3.023831E+3	1.657930E-1	5.013300E-1	9.910000E+37	3.423570E-1	2.894639E+41	5.977333E+41	1.657930E-1	9.910000E+37	2.000000E-2	0.000000E+0	5.000000E-1	1.000000E+1	5.000000E-1	1.000000E+1	1.000000E+0	6.000000E+0
1.088729E-1	2.403600E+2	9.400000E+2	9.404900E-1	3.386640E-1	2.777059E+3	2.945912E+3	1.695740E-1	4.995500E-1	9.910000E+37	3.386640E-1	2.926204E+41	5.844056E+41	1.695740E-1	9.910000E+37	2.000000E-2	0.000000E+0	5.000000E-1	1.000000E+1	5.000000E-1	1.000000E+1	1.000000E+0	7.000000E+0
1.252072E-1	2.403600E+2	9.300000E+2	9.302600E-1	3.345040E-1	2.781013E+3	2.847474E+3	1.753730E-1	4.993700E-1	9.910000E+37	3.345040E-1	2.962595E+41	5.650813E+41	1.753730E-1	9.910000E+37	2.000000E-2	0.000000E+0	5.000000E-1	1.000000E+1	5.000000E-1	1.000000E+1	1.000000E+0	8.000000E+0
1.417248E-1	2.403600E+2	9.200000E+2	9.197300E-1	3.300260E-1	2.786841E+3	3.066551E+3	1.636040E-1	5.017000E-1	9.910000E+37	3.300260E-1	3.002794E+41	6.057309E+41	1.636040E-1	9.910000E+37	2.000000E-2	0.000000E+0	5.000000E-1	1.000000E+1	5.000000E-1	1.000000E+1	1.000000E+0	9.000000E+0
1.581590E-1	2.403600E+2	9.100000E+2	9.087700E-1	3.269680E-1	2.779385E+3	2.949797E+3	1.699100E-1	5.012000E-1	9.910000E+37	3.269680E-1	3.030878E+41	5.832500E+41	1.699100E-1	9.910000E+37	2.000000E-2	0.000000E+0	5.000000E-1	1.000000E+1	5.000000E-1	1.000000E+1	1.000000E+0	1.000000E+1
1.746100E-1	2.403600E+2	9.000000E+2	8.995000E-1	3.221870E-1	2.791857E+3	2.946593E+3	1.695280E-1	4.995300E-1	9.910000E+37	3.221870E-1	3.075853E+41	5.845642E+41	1.695280E-1	9.910000E+37	2.000000E-2	0.000000E+0	5.000000E-1	1.000000E+1	5.000000E-1	1.000000E+1	1.000000E+0	1.100000E+1
1.910443E-1	2.403600E+2	8.900000E+2	8.898300E-1	3.182870E-1	2.795684E+3	2.948163E+3	1.698210E-1	5.006600E-1	9.910000E+37	3.182870E-1	3.113542E+41	5.835556E+41	1.698210E-1	9.910000E+37	2.000000E-2	0.000000E+0	5.000000E-1	1.000000E+1	5.000000E-1	1.000000E+1	1.000000E+0	1.200000E+1
2.072952E-1	2.403600E+2	8.800000E+2	8.809700E-1	3.104880E-1	2.837372E+3	2.945798E+3	1.699030E-1	5.005000E-1	9.910000E+37	3.104880E-1	3.191750E+41	5.832740E+41	1.699030E-1	9.910000E+37	2.000000E-2	0.000000E+0	5.000000E-1	1.000000E+1	5.000000E-1	1.000000E+1	1.000000E+0	1.300000E+1
2.240295E-1	2.403600E+2	8.700000E+2	8.681100E-1	3.122850E-1	2.779865E+3	2.941619E+3	1.702940E-1	5.009400E-1	9.910000E+37	3.122850E-1	3.173383E+41	5.819348E+41	1.702940E-1	9.910000E+37	2.000000E-2	0.000000E+0	5.000000E-1	1.000000E+1	5.000000E-1	1.000000E+1	1.000000E+0	1.400000E+1
2.403971E-1	2.403600E+2	8.600000E+2	8.627300E-1	3.030970E-1	2.846383E+3	2.945549E+3	1.698970E-1	5.004400E-1	9.910000E+37	3.030970E-1	3.269580E+41	5.832946E+41	1.698970E-1	9.910000E+37	2.000000E-2	0.000000E+0	5.000000E-1	1.000000E+1	5.000000E-1	1.000000E+1	1.000000E+0	1.500000E+1
2.569980E-1	2.403600E+2	8.500000E+2	8.505300E-1	2.996500E-1	2.838411E+3	2.945421E+3	1.694970E-1	4.992400E-1	9.910000E+37	2.996500E-1	3.307192E+41	5.846711E+41	1.694970E-1	9.910000E+37	2.000000E-2	0.000000E+0	5.000000E-1	1.000000E+1	5.000000E-1	1.000000E+1	1.000000E+0	1.600000E+1
2.734656E-1	2.403600E+2	8.400000E+2	8.399500E-1	2.984200E-1	2.814657E+3	2.880234E+3	1.731040E-1	4.985800E-1	9.910000E+37	2.984200E-1	3.320823E+41	5.724882E+41	1.731040E-1	9.910000E+37	2.000000E-2	0.000000E+0	5.000000E-1	1.000000E+1	5.000000E-1	1.000000E+1	1.000000E+0	1.700000E+1
2.897666E-1	2.403600E+2	8.300000E+2	8.296800E-1	2.942970E-1	2.819193E+3	2.940220E+3	1.691880E-1	4.974500E-1	9.910000E+37	2.942970E-1	3.367347E+41	5.857389E+41	1.691880E-1	9.910000E+37	2.000000E-2	0.000000E+0	5.000000E-1	1.000000E+1	5.000000E-1	1.000000E+1	1.000000E+0	1.800000E+1
3.064175E-1	2.403600E+2	8.200000E+2	8.206300E-1	2.910890E-1	2.819172E+3	2.933653E+3	1.702110E-1	4.993400E-1	9.910000E+37	2.910890E-1	3.404457E+41	5.822185E+41	1.702110E-1	9.910000E+37	2.000000E-2	0.000000E+0	5.000000E-1	1.000000E+1	5.000000E-1	1.000000E+1	1.000000E+0	1.900000E+1
3.228351E-1	2.403600E+2	8.100000E+2	8.089300E-1	2.878290E-1	2.810453E+3	2.904828E+3	1.719930E-1	4.996100E-1	9.910000E+37	2.878290E-1	3.443017E+41	5.761862E+41	1.719930E-1	9.910000E+37	2.000000E-2	0.000000E+0	5.000000E-1	1.000000E+1	5.000000E-1	1.000000E+1	1.000000E+0	2.000000E+1
3.392027E-1	2.403600E+2	8.000000E+2	7.993000E-1	2.835350E-1	2.819052E+3	2.947767E+3	1.698540E-1	5.006900E-1	9.910000E+37	2.835350E-1	3.495159E+41	5.834423E+41	1.698540E-1	9.910000E+37	2.000000E-2	0.000000E+0	5.000000E-1	1.000000E+1	5.000000E-1	1.000000E+1	1.000000E+0	2.100000E+1
3.558870E-1	2.403600E+2	7.900000E+2	7.898100E-1	2.784910E-1	2.836034E+3	2.946239E+3	1.697690E-1	5.001800E-1	9.910000E+37	2.784910E-1	3.558463E+41	5.837344E+41	1.697690E-1	9.910000E+37	2.000000E-2	0.000000E+0	5.000000E-1	1.000000E+1	5.000000E-1	1.000000E+1	1.000000E+0	2.200000E+1
3.723546E-1	2.403600E+2	7.800000E+2	7.796900E-1	2.750450E-1	2.834772E+3	2.939425E+3	1.702850E-1	5.005400E-1	9.910000E+37	2.750450E-1	3.603047E+41	5.819655E+41	1.702850E-1	9.910000E+37	2.000000E-2	0.000000E+0	5.000000E-1	1.000000E+1	5.000000E-1	1.000000E+1	1.000000E+0	2.300000E+1
3.887722E-1	2.403600E+2	7.700000E+2	7.706700E-1	2.712250E-1	2.841442E+3	2.859927E+3	1.744310E-1	4.988600E-1	9.910000E+37	2.712250E-1	3.653793E+41	5.681330E+41	1.744310E-1	9.910000E+37	2.000000E-2	0.000000E+0	5.000000E-1	1.000000E+1	5.000000E-1	1.000000E+1	1.000000E+0	2.400000E+1
4.051565E-1	2.403600E+2	7.600000E+2	7.604200E-1	2.672260E-1	2.845606E+3	2.909184E+3	1.713470E-1	4.984800E-1	9.910000E+37	2.672260E-1	3.708471E+41	5.783585E+41	1.713470E-1	9.910000E+37	2.000000E-2	0.000000E+0	5.000000E-1	1.000000E+1	5.000000E-1	1.000000E+1	1.000000E+0	2.500000E+1
4.218408E-1	2.403600E+2	7.500000E+2	7.511000E-1	2.596780E-1	2.892428E+3	2.933305E+3	1.702380E-1	4.993600E-1	9.910000E+37	2.596780E-1	3.816265E+41	5.821262E+41	1.702380E-1	9.910000E+37	2.000000E-2	0.000000E+0	5.000000E-1	1.000000E+1	5.000000E-1	1.000000E+1	1.000000E+0	2.600000E+1
4.384751E-1	2.403600E+2	7.400000E+2	7.401100E-1	2.593380E-1	2.853843E+3	3.030468E+3	1.649580E-1	4.999000E-1	9.910000E+37	2.593380E-1	3.821268E+41	6.007590E+41	1.649580E-1	9.910000E+37	2.000000E-2	0.000000E+0	5.000000E-1	1.000000E+1	5.000000E-1	1.000000E+1	1.000000E+0	2.700000E+1
4.549594E-1	2.403600E+2	7.300000E+2	7.268200E-1	2.558390E-1	2.840927E+3	2.974402E+3	1.679060E-1	4.994200E-1	9.910000E+37	2.558390E-1	3.873530E+41	5.902112E+41	1.679060E-1	9.910000E+37	2.000000E-2	0.000000E+0	5.000000E-1	1.000000E+1	5.000000E-1	1.000000E+1	1.000000E+0	2.800000E+1
4.713936E-1	2.403600E+2	7.200000E+2	7.211200E-1	2.507310E-1	2.876070E+3	2.962064E+3	1.684400E-1	4.989300E-1	9.910000E+37	2.507310E-1	3.952443E+41	5.883401E+41	1.684400E-1	9.910000E+37	2.000000E-2	0.000000E+0	5.000000E-1	1.000000E+1	5.000000E-1	1.000000E+1	1.000000E+0	2.900000E+1
4.878279E-1	2.403600E+2	7.100000E+2	7.091400E-1	2.530870E-1	2.801961E+3	2.949837E+3	1.696060E-1	5.003100E-1	9.910000E+37	2.530870E-1	3.915650E+41	5.842954E+41	1.696060E-1	9.910000E+37	2.000000E-2	0.000000E+0	5.000000E-1	1.000000E+1	5.000000E-1	1.000000E+1	1.000000E+0	3.000000E+1
5.042788E-1	2.403600E+2	7.000000E+2	7.010400E-1	2.445380E-1	2.866794E+3	2.934483E+3	1.707660E-1	5.011100E-1	9.910000E+37	2.445380E-1	4.052540E+41	5.803263E+41	1.707660E-1	9.910000E+37	2.000000E-2	0.000000E+0	5.000000E-1	1.000000E+1	5.000000E-1	1.000000E+1	1.000000E+0	3.100000E+1
5.207131E-1	2.403600E+2	6.900000E+2	6.901800E-1	2.404690E-1	2.870141E+3	2.959418E+3	1.687190E-1	4.993100E-1	9.910000E+37	2.404690E-1	4.121113E+41	5.873672E+41	1.687190E-1	9.910000E+37	2.000000E-2	0.000000E+0	5.000000E-1	1.000000E+1	5.000000E-1	1.000000E+1	1.000000E+0	3.200000E+1
5.371641E-1	2.403600E+2	6.800000E+2	6.807000E-1	2.366460E-1	2.876448E+3	2.931139E+3	1.708380E-1	5.007500E-1	9.910000E+37	2.366460E-1	4.187690E+41	5.800817E+41	1.708380E-1	9.910000E+37	2.000000E-2	0.000000E+0	5.000000E-1	1.000000E+1	5.000000E-1	1.000000E+1	1.000000E+0	3.300000E+1
5.535983E-1	2.403600E+2	6.700000E+2	6.703600E-1	2.331120E-1	2.875699E+3	2.948472E+3	1.697150E-1	5.004000E-1	9.910000E+37	2.331120E-1	4.251175E+41	5.839201E+41	1.697150E-1	9.910000E+37	2.000000E-2	0.000000E+0	5.000000E-1	1.000000E+1	5.000000E-1	1.000000E+1	1.000000E+0	3.400000E+1
5.700326E-1	2.403600E+2	6.600000E+2	6.599300E-1	2.294300E-1	2.876389E+3	2.998156E+3	1.675430E-1	5.023200E-1	9.910000E+37	2.294300E-1	4.319400E+41	5.914899E+41	1.675430E-1	9.910000E+37	2.000000E-2	0.000000E+0	5.000000E-1	1.000000E+1	5.000000E-1	1.000000E+1	1.000000E+0	3.500000E+1
5.864669E-1	2.403600E+2	6.500000E+2	6.483100E-1	2.268080E-1	2.858409E+3	2.950469E+3	1.694510E-1	4.999600E-1	9.910000E+37	2.268080E-1	4.369334E+41	5.848298E+41	1.694510E-1	9.910000E+37	2.000000E-2	0.000000E+0	5.000000E-1	1.000000E+1	5.000000E-1	1.000000E+1	1.000000E+0	3.600000E+1
6.029178E-1	2.403600E+2	6.400000E+2	6.437300E-1	2.159410E-1	2.981046E+3	2.858509E+3	1.746050E-1	4.991100E-1	9.910000E+37	2.159410E-1	4.589216E+41	5.675668E+41	1.746050E-1	9.910000E+37	2.000000E-2	0.000000E+0	5.000000E-1	1.000000E+1	5.000000E-1	1.000000E+1	1.000000E+0	3.700000E+1
6.193854E-1	2.403600E+2	6.300000E+2	6.309700E-1	2.181830E-1	2.891930E+3	2.884939E+3	1.727350E-1	4.983300E-1	9.910000E+37	2.181830E-1	4.542059E+41	5.737112E+41	1.727350E-1	9.910000E+37	2.000000E-2	0.000000E+0	5.000000E-1	1.000000E+1	5.000000E-1	1.000000E+1	1.000000E+0	3.800000E+1
6.358197E-1	2.403600E+2	6.200000E+2	6.198500E-1	2.138730E-1	2.898215E+3	2.972749E+3	1.679960E-1	4.994100E-1	9.910000E+37	2.138730E-1	4.633591E+41	5.898950E+41	1.679960E-1	9.910000E+37	2.000000E-2	0.000000E+0	5.000000E-1	1.000000E+1	5.000000E-1	1.000000E+1	1.000000E+0	3.900000E+1
6.522206E-1	2.403600E+2	6.100000E+2	6.113200E-1	2.041710E-1	2.994157E+3	2.854201E+3	1.747950E-1	4.989000E-1	9.910000E+37	2.041710E-1	4.853775E+41	5.669499E+41	1.747950E-1	9.910000E+37	2.000000E-2	0.000000E+0	5.000000E-1	1.000000E+1	5.000000E-1	1.000000E+1	1.000000E+0	4.000000E+1
6.689049E-1	2.403600E+2	6.000000E+2	5.989100E-1	2.093650E-1	2.860602E+3	3.073986E+3	1.634490E-1	5.024400E-1	9.910000E+37	2.093650E-1	4.733360E+41	6.063053E+41	1.634490E-1	9.910000E+37	2.000000E-2	0.000000E+0	5.000000E-1	1.000000E+1	5.000000E-1	1.000000E+1	1.000000E+0	4.100000E+1
6.853559E-1	2.403600E+2	5.900000E+2	5.904800E-1	2.034960E-1	2.901679E+3	2.943629E+3	1.702660E-1	5.012000E-1	9.910000E+37	2.034960E-1	4.869875E+41	5.820305E+41	1.702660E-1	9.910000E+37	2.000000E-2	0.000000E+0	5.000000E-1	1.000000E+1	5.000000E-1	1.000000E+1	1.000000E+0	4.200000E+1
7.018235E-1	2.403600E+2	5.800000E+2	5.791500E-1	2.018400E-1	2.869352E+3	2.970373E+3	1.678880E-1	4.986900E-1	9.910000E+37	2.018400E-1	4.909830E+41	5.902745E+41	1.678880E-1	9.910000E+37	2.000000E-2	0.000000E+0	5.000000E-1	1.000000E+1	5.000000E-1	1.000000E+1	1.000000E+0	4.300000E+1
7.182911E-1	2.403600E+2	5.700000E+2	5.703800E-1	1.953610E-1	2.919621E+3	2.949514E+3	1.696110E-1	5.002700E-1	9.910000E+37	1.953610E-1	5.072660E+41	5.842781E+41	1.696110E-1	9.910000E+37	2.000000E-2	0.000000E+0	5.000000E-1	1.000000E+1	5.000000E-1	1.000000E+1	1.000000E+0	4.400000E+1
7.347254E-1	2.403600E+2	5.600000E+2	5.604900E-1	1.917920E-1	2.922385E+3	2.934099E+3	1.708770E-1	5.013700E-1	9.910000E+37	1.917920E-1	5.167056E+41	5.799493E+41	1.708770E-1	9.910000E+37	2.000000E-2	0.000000E+0	5.000000E-1	1.000000E+1	5.000000E-1	1.000000E+1	1.000000E+0	4.500000E+1
7.511263E-1	2.403600E+2	5.500000E+2	5.529100E-1	1.821270E-1	3.035849E+3	3.073065E+3	1.633060E-1	5.018500E-1	9.910000E+37	1.821270E-1	5.441258E+41	6.068362E+41	1.633060E-1	9.910000E+37	2.000000E-2	0.000000E+0	5.000000E-1	1.000000E+1	5.000000E-1	1.000000E+1	1.000000E+0	4.600000E+1
7.674606E-1	2.403600E+2	5.400000E+2	5.403300E-1	1.849950E-1	2.920782E+3	2.950767E+3	1.693390E-1	4.996800E-1	9.910000E+37	1.849950E-1	5.356902E+41	5.852166E+41	1.693390E-1	9.910000E+37	2.000000E-2	0.000000E+0	5.000000E-1	1.000000E+1	5.000000E-1	1.000000E+1	1.000000E+0	4.700000E+1
7.839782E-1	2.403600E+2	5.300000E+2	5.299100E-1	1.804170E-1	2.937140E+3	2.946877E+3	1.703600E-1	5.020300E-1	9.910000E+37	1.804170E-1	5.492830E+41	5.817093E+41	1.703600E-1	9.910000E+37	2.000000E-2	0.000000E+0	5.000000E-1	1.000000E+1	5.000000E-1	1.000000E+1	1.000000E+0	4.800000E+1
8.005291E-1	2.403600E+2	5.200000E+2	5.218900E-1	1.746250E-1	2.988633E+3	2.949200E+3	1.695850E-1	5.001400E-1	9.910000E+37	1.746250E-1	5.675018E+41	5.843677E+41	1.695850E-1	9.910000E+37	2.000000E-2	0.000000E+0	5.000000E-1	1.000000E+1	5.000000E-1	1.000000E+1	1.000000E+0	4.900000E+1
8.169967E-1	2.403600E+2	5.100000E+2	5.103500E-1	1.669220E-1	3.057416E+3	2.955195E+3	1.693560E-1	5.004800E-1	9.910000E+37	1.669220E-1	5.936905E+41	5.851579E+41	1.693560E-1	9.910000E+37	2.000000E-2	0.000000E+0	5.000000E-1	1.000000E+1	5.000000E-1	1.000000E+1	1.000000E+0	5.000000E+1
8.334310E-1	2.403600E+2	5.000000E+2	5.000700E-1	1.707690E-1	2.928342E+3	2.945095E+3	1.699130E-1	5.004100E-1	9.910000E+37	1.707690E-1	5.803161E+41	5.832397E+41	1.699130E-1	9.910000E+37	2.000000E-2	0.000000E+0	5.000000E-1	1.000000E+1	5.000000E-1	1.000000E+1	1.000000E+0	5.100000E+1
8.498986E-1	2.403600E+2	4.900000E+2	4.912300E-1	1.669450E-1	2.942466E+3	2.938693E+3	1.698170E-1	4.990400E-1	9.910000E+37	1.669450E-1	5.936087E+41	5.835694E+41	1.698170E-1	9.910000E+37	2.000000E-2	0.000000E+0	5.000000E-1	1.000000E+1	5.000000E-1	1.000000E+1	1.000000E+0	5.200000E+1
8.663495E-1	2.403600E+2	4.800000E+2	4.801100E-1	1.625310E-1	2.953960E+3	2.932486E+3	1.701730E-1	4.990300E-1	9.910000E+37	1.625310E-1	6.097298E+41	5.823486E+41	1.701730E-1	9.910000E+37	2.000000E-2	0.000000E+0	5.000000E-1	1.000000E+1	5.000000E-1	1.000000E+1	1.000000E+0	5.300000E+1
8.827838E-1	2.403600E+2	4.700000E+2	4.693200E-1	1.583700E-1	2.963440E+3	2.866816E+3	1.738200E-1	4.983100E-1	9.910000E+37	1.583700E-1	6.257498E+41	5.701300E+41	1.738200E-1	9.910000E+37	2.000000E-2	0.000000E+0	5.000000E-1	1.000000E+1	5.000000E-1	1.000000E+1	1.000000E+0	5.400000E+1
8.992014E-1	2.403600E+2	4.600000E+2	4.594300E-1	1.593950E-1	2.882336E+3	2.894546E+3	1.722550E-1	4.986000E-1	9.910000E+37	1.593950E-1	6.217259E+41	5.753099E+41	1.722550E-1	9.910000E+37	2.000000E-2	0.000000E+0	5.000000E-1	1.000000E+1	5.000000E-1	1.000000E+1	1.000000E+0	5.500000E+1
9.156690E-1	2.403600E+2	4.500000E+2	4.503500E-1	1.499180E-1	3.003976E+3	2.949177E+3	1.696270E-1	5.002600E-1	9.910000E+37	1.499180E-1	6.610280E+41	5.842230E+41	1.696270E-1	9.910000E+37	2.000000E-2	0.000000E+0	5.000000E-1	1.000000E+1	5.000000E-1	1.000000E+1	1.000000E+0	5.600000E+1
9.320866E-1	2.403600E+2	4.400000E+2	4.401700E-1	1.482720E-1	2.968666E+3	2.901072E+3	1.722260E-1	4.996400E-1	9.910000E+37	1.482720E-1	6.683662E+41	5.754067E+41	1.722260E-1	9.910000E+37	2.000000E-2	0.000000E+0	5.000000E-1	1.000000E+1	5.000000E-1	1.000000E+1	1.000000E+0	5.700000E+1
9.485709E-1	2.403600E+2	4.300000E+2	4.278900E-1	1.460830E-1	2.929088E+3	2.932504E+3	1.709290E-1	5.012500E-1	9.910000E+37	1.460830E-1	6.783815E+41	5.797729E+41	1.709290E-1	9.910000E+37	2.000000E-2	0.000000E+0	5.000000E-1	1.000000E+1	5.000000E-1	1.000000E+1	1.000000E+0	5.800000E+1
9.650052E-1	2.403600E+2	4.200000E+2	4.197500E-1	1.409010E-1	2.979042E+3	3.049852E+3	1.638440E-1	4.997000E-1	9.910000E+37	1.409010E-1	7.033307E+41	6.048436E+41	1.638440E-1	9.910000E+37	2.000000E-2	0.000000E+0	5.000000E-1	1.000000E+1	5.000000E-1	1.000000E+1	1.000000E+0	5.900000E+1
9.814395E-1	2.403600E+2	4.100000E+2	4.093400E-1	1.421150E-1	2.880343E+3	2.945882E+3	1.697760E-1	5.001400E-1	9.910000E+37	1.421150E-1	6.973226E+41	5.837103E+41	1.697760E-1	9.910000E+37	2.000000E-2	0.000000E+0	5.000000E-1	1.000000E+1	5.000000E-1	1.000000E+1	1.000000E+0	6.000000E+1
9.979071E-1	2.403600E+2	4.000000E+2	4.003300E-1	1.337390E-1	2.993368E+3	2.916886E+3	1.706580E-1	4.977900E-1	9.910000E+37	1.337390E-1	7.409955E+41	5.806936E+41	1.706580E-1	9.910000E+37	2.000000E-2	0.000000E+0	5.000000E-1	1.000000E+1	5.000000E-1	1.000000E+1	1.000000E+0	6.100000E+1
1.014358E+0	2.403600E+2	3.900000E+2	3.911300E-1	1.244420E-1	3.143071E+3	2.954791E+3	1.691050E-1	4.996700E-1	9.910000E+37	1.244420E-1	7.963549E+41	5.860264E+41	1.691050E-1	9.910000E+37	2.000000E-2	0.000000E+0	5.000000E-1	1.000000E+1	5.000000E-1	1.000000E+1	1.000000E+0	6.200000E+1
1.030942E+0	2.403600E+2	3.800000E+2	3.783800E-1	1.293900E-1	2.924337E+3	2.957124E+3	1.691610E-1	5.002300E-1	9.910000E+37	1.293900E-1	7.659015E+41	5.858324E+41	1.691610E-1	9.910000E+37	2.000000E-2	0.000000E+0	5.000000E-1	1.000000E+1	5.000000E-1	1.000000E+1	1.000000E+0	6.300000E+1
1.047410E+0	2.403600E+2	3.700000E+2	3.703700E-1	1.234060E-1	3.001232E+3	2.908480E+3	1.710550E-1	4.975100E-1	9.910000E+37	1.234060E-1	8.030404E+41	5.793458E+41	1.710550E-1	9.910000E+37	2.000000E-2	0.000000E+0	5.000000E-1	1.000000E+1	5.000000E-1	1.000000E+1	1.000000E+0	6.400000E+1
1.063861E+0	2.403600E+2	3.600000E+2	3.587600E-1	1.247830E-1	2.875071E+3	2.950230E+3	1.695190E-1	5.001200E-1	9.910000E+37	1.247830E-1	7.941787E+41	5.845952E+41	1.695190E-1	9.910000E+37	2.000000E-2	0.000000E+0	5.000000E-1	1.000000E+1	5.000000E-1	1.000000E+1	1.000000E+0	6.500000E+1
1.080312E+0	2.403600E+2	3.500000E+2	3.498900E-1	1.160730E-1	3.014396E+3	2.876553E+3	1.733220E-1	4.985700E-1	9.910000E+37	1.160730E-1	8.537731E+41	5.717682E+41	1.733220E-1	9.910000E+37	2.000000E-2	0.000000E+0	5.000000E-1	1.000000E+1	5.000000E-1	1.000000E+1	1.000000E+0	6.600000E+1
1.096746E+0	2.403600E+2	3.400000E+2	3.397300E-1	1.128870E-1	3.009470E+3	2.868176E+3	1.744140E-1	5.002500E-1	9.910000E+37	1.128870E-1	8.778690E+41	5.681883E+41	1.744140E-1	9.910000E+37	2.000000E-2	0.000000E+0	5.000000E-1	1.000000E+1	5.000000E-1	1.000000E+1	1.000000E+0	6.700000E+1
1.113230E+0	2.403600E+2	3.300000E+2	3.299300E-1	1.093030E-1	3.018490E+3	2.951689E+3	1.693200E-1	4.997800E-1	9.910000E+37	1.093030E-1	9.066540E+41	5.852823E+41	1.693200E-1	9.910000E+37	2.000000E-2	0.000000E+0	5.000000E-1	1.000000E+1	5.000000E-1	1.000000E+1	1.000000E+0	6.800000E+1
1.129665E+0	2.403600E+2	3.200000E+2	3.192700E-1	1.083870E-1	2.945648E+3	3.079402E+3	1.635480E-1	5.036300E-1	9.910000E+37	1.083870E-1	9.143163E+41	6.059383E+41	1.635480E-1	9.910000E+37	2.000000E-2	0.000000E+0	5.000000E-1	1.000000E+1	5.000000E-1	1.000000E+1	1.000000E+0	6.900000E+1
1.146132E+0	2.403600E+2	3.100000E+2	3.099800E-1	1.024530E-1	3.025582E+3	2.868990E+3	1.736360E-1	4.981600E-1	9.910000E+37	1.024530E-1	9.672728E+41	5.707342E+41	1.736360E-1	9.910000E+37	2.000000E-2	0.000000E+0	5.000000E-1	1.000000E+1	5.000000E-1	1.000000E+1	1.000000E+0	7.000000E+1
1.162583E+0	2.403600E+2	3.000000E+2	3.006100E-1	9.917800E-2	3.031015E+3	2.872229E+3	1.741400E-1	5.001700E-1	9.910000E+37	9.917800E-2	9.992135E+41	5.690823E+41	1.741400E-1	9.910000E+37	2.000000E-2	0.000000E+0	5.000000E-1	1.000000E+1	5.000000E-1	1.000000E+1	1.000000E+0	7.100000E+1
1.179017E+0	2.403600E+2	2.900000E+2	2.881300E-1	9.431500E-2	3.054975E+3	2.981253E+3	1.681910E-1	5.014200E-1	9.910000E+37	9.431500E-2	1.050734E+42	5.892111E+41	1.681910E-1	9.910000E+37	2.000000E-2	0.000000E+0	5.000000E-1	1.000000E+1	5.000000E-1	1.000000E+1	1.000000E+0	7.200000E+1
1.195485E+0	2.403600E+2	2.800000E+2	2.804700E-1	9.223400E-2	3.040853E+3	2.920903E+3	1.709540E-1	4.993400E-1	9.910000E+37	9.223400E-2	1.074441E+42	5.796881E+41	1.709540E-1	9.910000E+37	2.000000E-2	0.000000E+0	5.000000E-1	1.000000E+1	5.000000E-1	1.000000E+1	1.000000E+0	7.300000E+1
1.211953E+0	2.403600E+2	2.700000E+2	2.701700E-1	8.880000E-2	3.042455E+3	2.864283E+3	1.740750E-1	4.986000E-1	9.910000E+37	8.880000E-2	1.115991E+42	5.692948E+41	1.740750E-1	9.910000E+37	2.000000E-2	0.000000E+0	5.000000E-1	1.000000E+1	5.000000E-1	1.000000E+1	1.000000E+0	7.400000E+1
1.228454E+0	2.403600E+2	2.600000E+2	2.597800E-1	8.317600E-2	3.123257E+3	2.971616E+3	1.681610E-1	4.997100E-1	9.910000E+37	8.317600E-2	1.191449E+42	5.893162E+41	1.681610E-1	9.910000E+37	2.000000E-2	0.000000E+0	5.000000E-1	1.000000E+1	5.000000E-1	1.000000E+1	1.000000E+0	7.500000E+1
1.244888E+0	2.403600E+2	2.500000E+2	2.495900E-1	8.768800E-2	2.846342E+3	2.943948E+3	1.696090E-1	4.993200E-1	9.910000E+37	8.768800E-2	1.130143E+42	5.842850E+41	1.696090E-1	9.910000E+37	2.000000E-2	0.000000E+0	5.000000E-1	1.000000E+1	5.000000E-1	1.000000E+1	1.000000E+0	7.600000E+1
1.261322E+0	2.403600E+2	2.400000E+2	2.378500E-1	8.082700E-2	2.942705E+3	2.867067E+3	1.740350E-1	4.989700E-1	9.910000E+37	8.082700E-2	1.226075E+42	5.694257E+41	1.740350E-1	9.910000E+37	2.000000E-2	0.000000E+0	5.000000E-1	1.000000E+1	5.000000E-1	1.000000E+1	1.000000E+0	7.700000E+1
1.277740E+0	2.403600E+2	2.300000E+2	2.303600E-1	7.563800E-2	3.045559E+3	3.017246E+3	1.660720E-1	5.010800E-1	9.910000E+37	7.563800E-2	1.310188E+42	5.967291E+41	1.660720E-1	9.910000E+37	2.000000E-2	0.000000E+0	5.000000E-1	1.000000E+1	5.000000E-1	1.000000E+1	1.000000E+0	7.800000E+1
1.294191E+0	2.403600E+2	2.200000E+2	2.174100E-1	7.468700E-2	2.910948E+3	2.950675E+3	1.697510E-1	5.008800E-1	9.910000E+37	7.468700E-2	1.326871E+42	5.837963E+41	1.697510E-1	9.910000E+37	2.000000E-2	0.000000E+0	5.000000E-1	1.000000E+1	5.000000E-1	1.000000E+1	1.000000E+0	7.900000E+1
1.310608E+0	2.403600E+2	2.100000E+2	2.100800E-1	6.861800E-2	3.061587E+3	2.996364E+3	1.669490E-1	5.002400E-1	9.910000E+37	6.861800E-2	1.444227E+42	5.935945E+41	1.669490E-1	9.910000E+37	2.000000E-2	0.000000E+0	5.000000E-1	1.000000E+1	5.000000E-1	1.000000E+1	1.000000E+0	8.000000E+1
1.327059E+0	2.403600E+2	2.000000E+2	2.000400E-1	6.379300E-2	3.135767E+3	2.949611E+3	1.692630E-1	4.992600E-1	9.910000E+37	6.379300E-2	1.553462E+42	5.854794E+41	1.692630E-1	9.910000E+37	2.000000E-2	0.000000E+0	5.000000E-1	1.000000E+1	5.000000E-1	1.000000E+1	1.000000E+0	8.100000E+1
1.343477E+0	2.403600E+2	1.900000E+2	1.895600E-1	6.275800E-2	3.020491E+3	2.953468E+3	1.691300E-1	4.995200E-1	9.910000E+37	6.275800E-2	1.579082E+42	5.859398E+41	1.691300E-1	9.910000E+37	2.000000E-2	0.000000E+0	5.000000E-1	1.000000E+1	5.000000E-1	1.000000E+1	1.000000E+0	8.200000E+1
1.359894E+0	2.403600E+2	1.800000E+2	1.803500E-1	5.517800E-2	3.268513E+3	2.965127E+3	1.687280E-1	5.003000E-1	9.910000E+37	5.517800E-2	1.796006E+42	5.873358E+41	1.687280E-1	9.910000E+37	2.000000E-2	0.000000E+0	5.000000E-1	1.000000E+1	5.000000E-1	1.000000E+1	1.000000E+0	8.300000E+1
1.376379E+0	2.403600E+2	1.700000E+2	1.686600E-1	5.975200E-2	2.822667E+3	2.948963E+3	1.696020E-1	5.001500E-1	9.910000E+37	5.975200E-2	1.658522E+42	5.843091E+41	1.696020E-1	9.910000E+37	2.000000E-2	0.000000E+0	5.000000E-1	1.000000E+1	5.000000E-1	1.000000E+1	1.000000E+0	8.400000E+1
1.392830E+0	2.403600E+2	1.600000E+2	1.604500E-1	5.232500E-2	3.066412E+3	2.970751E+3	1.682470E-1	4.998200E-1	9.910000E+37	5.232500E-2	1.893932E+42	5.890150E+41	1.682470E-1	9.910000E+37	2.000000E-2	0.000000E+0	5.000000E-1	1.000000E+1	5.000000E-1	1.000000E+1	1.000000E+0	8.500000E+1
1.409281E+0	2.403600E+2	1.500000E+2	1.500000E-1	4.873100E-2	3.078123E+3	2.948685E+3	1.696790E-1	5.003300E-1	9.910000E+37	4.873100E-2	2.033613E+42	5.840440E+41	1.696790E-1	9.910000E+37	2.000000E-2	0.000000E+0	5.000000E-1	1.000000E+1	5.000000E-1	1.000000E+1	1.000000E+0	8.600000E+1
1.425732E+0	2.403600E+2	1.400000E+2	1.385400E-1	4.488200E-2	3.086761E+3	2.949195E+3	1.694700E-1	4.998000E-1	9.910000E+37	4.488200E-2	2.208012E+42	5.847643E+41	1.694700E-1	9.910000E+37	2.000000E-2	0.000000E+0	5.000000E-1	1.000000E+1	5.000000E-1	1.000000E+1	1.000000E+0	8.700000E+1
1.442166E+0	2.403600E+2	1.300000E+2	1.291800E-1	4.386300E-2	2.945079E+3	3.023704E+3	1.659190E-1	5.016900E-1	9.910000E+37	4.386300E-2	2.259307E+42	5.972794E+41	1.659190E-1	9.910000E+37	2.000000E-2	0.000000E+0	5.000000E-1	1.000000E+1	5.000000E-1	1.000000E+1	1.000000E+0	8.800000E+1
1.458583E+0	2.403600E+2	1.200000E+2	1.175100E-1	4.221000E-2	2.783937E+3	2.968566E+3	1.684820E-1	5.001500E-1	9.910000E+37	4.221000E-2	2.347785E+42	5.881934E+41	1.684820E-1	9.910000E+37	2.000000E-2	0.000000E+0	5.000000E-1	1.000000E+1	5.000000E-1	1.000000E+1	1.000000E+0	8.900000E+1
1.475034E+0	2.403600E+2	1.100000E+2	1.095500E-1	3.496700E-2	3.132954E+3	3.037008E+3	1.642340E-1	4.987800E-1	9.910000E+37	3.496700E-2	2.834101E+42	6.034073E+41	1.642340E-1	9.910000E+37	2.000000E-2	0.000000E+0	5.000000E-1	1.000000E+1	5.000000E-1	1.000000E+1	1.000000E+0	9.000000E+1
1.491485E+0	2.403600E+2	1.000000E+2	1.007600E-1	3.262800E-2	3.088145E+3	2.953108E+3	1.691540E-1	4.995300E-1	9.910000E+37	3.262800E-2	3.037269E+42	5.858567E+41	1.691540E-1	9.910000E+37	2.000000E-2	0.000000E+0	5.000000E-1	1.000000E+1	5.000000E-1	1.000000E+1	1.000000E+0	9.100000E+1
1.507936E+0	2.403600E+2	9.019608E+1	9.037000E-2	2.740600E-2	3.297453E+3	2.882522E+3	1.735390E-1	5.002300E-1	9.910000E+37	2.740600E-2	3.615996E+42	5.710532E+41	1.735390E-1	9.910000E+37	2.000000E-2	0.000000E+0	5.000000E-1	1.000000E+1	5.000000E-1	1.000000E+1	1.000000E+0	9.200000E+1
1.524337E+0	2.403600E+2	8.039604E+1	8.113000E-2	2.661200E-2	3.048625E+3	2.884494E+3	1.728310E-1	4.985300E-1	9.910000E+37	2.661200E-2	3.723884E+42	5.733925E+41	1.728310E-1	9.910000E+37	2.000000E-2	0.000000E+0	5.000000E-1	1.000000E+1	5.000000E-1	1.000000E+1	1.000000E+0	9.300000E+1
1.540755E+0	2.403600E+2	7.059600E+1	7.062000E-2	2.273900E-2	3.105677E+3	2.939796E+3	1.704200E-1	5.010000E-1	9.910000E+37	2.273900E-2	4.358151E+42	5.815045E+41	1.704200E-1	9.910000E+37	2.000000E-2	0.000000E+0	5.000000E-1	1.000000E+1	5.000000E-1	1.000000E+1	1.000000E+0	9.400000E+1
1.557239E+0	2.403600E+2	6.079596E+1	5.928000E-2	2.241700E-2	2.644422E+3	2.954392E+3	1.693140E-1	5.002200E-1	9.910000E+37	2.241700E-2	4.420752E+42	5.853030E+41	1.693140E-1	9.910000E+37	2.000000E-2	0.000000E+0	5.000000E-1	1.000000E+1	5.000000E-1	1.000000E+1	1.000000E+0	9.500000E+1
1.573707E+0	2.403600E+2	5.099592E+1	5.164000E-2	1.698500E-2	3.040330E+3	2.950939E+3	1.695630E-1	5.003700E-1	9.910000E+37	1.698500E-2	5.834560E+42	5.844435E+41	1.695630E-1	9.910000E+37	2.000000E-2	0.000000E+0	5.000000E-1	1.000000E+1	5.000000E-1	1.000000E+1	1.000000E+0	9.600000E+1
1.590158E+0	2.403600E+2	4.119588E+1	4.219000E-2	1.398900E-2	3.015941E+3	3.026828E+3	1.654240E-1	5.007100E-1	9.910000E+37	1.398900E-2	7.084138E+42	5.990666E+41	1.654240E-1	9.910000E+37	2.000000E-2	0.000000E+0	5.000000E-1	1.000000E+1	5.000000E-1	1.000000E+1	1.000000E+0	9.700000E+1
1.606642E+0	2.403600E+2	3.139584E+1	3.269000E-2	1.040800E-2	3.140853E+3	2.868332E+3	1.737630E-1	4.984100E-1	9.910000E+37	1.040800E-2	9.521522E+42	5.703170E+41	1.737630E-1	9.910000E+37	2.000000E-2	0.000000E+0	5.000000E-1	1.000000E+1	5.000000E-1	1.000000E+1	1.000000E+0	9.800000E+1
1.623043E+0	2.403600E+2	2.159580E+1	2.269000E-2	8.274000E-3	2.742325E+3	3.070957E+3	1.640010E-1	5.036400E-1	9.910000E+37	8.274000E-3	1.197728E+43	6.042646E+41	1.640010E-1	9.910000E+37	2.000000E-2	0.000000E+0	5.000000E-1	1.000000E+1	5.000000E-1	1.000000E+1	1.000000E+0	9.900000E+1
1.639477E+0	2.403600E+2	1.179576E+1	1.293000E-2	-1.700000E-4	-7.605882E+4	2.936724E+3	1.704280E-1	5.005000E-1	9.910000E+37	-1.700000E-4	-5.829412E+44	5.814772E+41	1.704280E-1	9.910000E+37	2.000000E-2	0.000000E+0	5.000000E-1	1.000000E+1	5.000000E-1	1.000000E+1	1.000000E+0	1.000000E+2
1.655911E+0	2.403600E+2	1.995723E+0	2.320000E-3	1.018000E-3	2.278978E+3	2.956124E+3	1.691370E-1	4.999900E-1	9.910000E+37	1.018000E-3	9.734774E+43	5.859156E+41	1.691370E-1	9.910000E+37	2.000000E-2	0.000000E+0	5.000000E-1	1.000000E+1	5.000000E-1	1.000000E+1	1.000000E+0	1.010000E+2
1.672396E+0	2.403600E+2	-9.800039E+0	-1.017000E-2	-3.741000E-3	2.718524E+3	2.956650E+3	1.692050E-1	5.002800E-1	9.910000E+37	-3.741000E-3	-2.649024E+43	5.856801E+41	1.692050E-1	9.910000E+37	2.000000E-2	0.000000E+0	5.000000E-1	1.000000E+1	5.000000E-1	1.000000E+1	1.000000E+0	1.020000E+2
1.688830E+0	2.403600E+2	-1.960008E+1	-2.036000E-2	-7.283000E-3	2.795551E+3	3.004708E+3	1.665220E-1	5.003500E-1	9.910000E+37	-7.283000E-3	-1.360703E+43	5.951166E+41	1.665220E-1	9.910000E+37	2.000000E-2	0.000000E+0	5.000000E-1	1.000000E+1	5.000000E-1	1.000000E+1	1.000000E+0	1.030000E+2
1.705281E+0	2.403600E+2	-2.940012E+1	-3.076000E-2	-1.068000E-2	2.880150E+3	2.949794E+3	1.698390E-1	5.009900E-1	9.910000E+37	-1.068000E-2	-9.279026E+42	5.834938E+41	1.698390E-1	9.910000E+37	2.000000E-2	0.000000E+0	5.000000E-1	1.000000E+1	5.000000E-1	1.000000E+1	1.000000E+0	1.040000E+2
1.721732E+0	2.403600E+2	-3.920016E+1	-3.904000E-2	-1.275900E-2	3.059801E+3	2.958046E+3	1.690440E-1	5.000400E-1	9.910000E+37	-1.275900E-2	-7.767066E+42	5.862379E+41	1.690440E-1	9.910000E+37	2.000000E-2	0.000000E+0	5.000000E-1	1.000000E+1	5.000000E-1	1.000000E+1	1.000000E+0	1.050000E+2
1.738166E+0	2.403600E+2	-4.900020E+1	-4.793000E-2	-1.706600E-2	2.808508E+3	2.909352E+3	1.719180E-1	5.001700E-1	9.910000E+37	-1.706600E-2	-5.806867E+42	5.764376E+41	1.719180E-1	9.910000E+37	2.000000E-2	0.000000E+0	5.000000E-1	1.000000E+1	5.000000E-1	1.000000E+1	1.000000E+0	1.060000E+2
1.754600E+0	2.403600E+2	-5.880024E+1	-5.842000E-2	-1.903700E-2	3.068761E+3	3.033788E+3	1.644940E-1	4.990400E-1	9.910000E+37	-1.903700E-2	-5.205652E+42	6.024536E+41	1.644940E-1	9.910000E+37	2.000000E-2	0.000000E+0	5.000000E-1	1.000000E+1	5.000000E-1	1.000000E+1	1.000000E+0	1.070000E+2
1.771018E+0	2.403600E+2	-6.860028E+1	-6.901000E-2	-2.255200E-2	3.060039E+3	2.939816E+3	1.698780E-1	4.994100E-1	9.910000E+37	-2.255200E-2	-4.394289E+42	5.833598E+41	1.698780E-1	9.910000E+37	2.000000E-2	0.000000E+0	5.000000E-1	1.000000E+1	5.000000E-1	1.000000E+1	1.000000E+0	1.080000E+2
1.787452E+0	2.403600E+2	-7.840032E+1	-7.911000E-2	-2.610000E-2	3.031034E+3	2.931696E+3	1.700040E-1	4.984000E-1	9.910000E+37	-2.610000E-2	-3.796935E+42	5.829275E+41	1.700040E-1	9.910000E+37	2.000000E-2	0.000000E+0	5.000000E-1	1.000000E+1	5.000000E-1	1.000000E+1	1.000000E+0	1.090000E+2
1.803953E+0	2.403600E+2	-8.820036E+1	-8.827000E-2	-2.875000E-2	3.070261E+3	2.945787E+3	1.700870E-1	5.010400E-1	9.910000E+37	-2.875000E-2	-3.446957E+42	5.826430E+41	1.700870E-1	9.910000E+37	2.000000E-2	0.000000E+0	5.000000E-1	1.000000E+1	5.000000E-1	1.000000E+1	1.000000E+0	1.100000E+2
1.820404E+0	2.403600E+2	-9.800039E+1	-9.700000E-2	-3.393400E-2	2.858490E+3	2.953231E+3	1.694280E-1	5.003600E-1	9.910000E+37	-3.393400E-2	-2.920375E+42	5.849092E+41	1.694280E-1	9.910000E+37	2.000000E-2	0.000000E+0	5.000000E-1	1.000000E+1	5.000000E-1	1.000000E+1	1.000000E+0	1.110000E+2
1.836855E+0	2.403600E+2	-1.079964E+2	-1.078100E-1	-3.389800E-2	3.180424E+3	2.959045E+3	1.688180E-1	4.995400E-1	9.910000E+37	-3.389800E-2	-2.923476E+42	5.870227E+41	1.688180E-1	9.910000E+37	2.000000E-2	0.000000E+0	5.000000E-1	1.000000E+1	5.000000E-1	1.000000E+1	1.000000E+0	1.120000E+2
1.853273E+0	2.403600E+2	-1.179964E+2	-1.178700E-1	-3.806200E-2	3.096789E+3	3.079642E+3	1.632430E-1	5.027300E-1	9.910000E+37	-3.806200E-2	-2.603647E+42	6.070704E+41	1.632430E-1	9.910000E+37	2.000000E-2	0.000000E+0	5.000000E-1	1.000000E+1	5.000000E-1	1.000000E+1	1.000000E+0	1.130000E+2
1.869740E+0	2.403600E+2	-1.279964E+2	-1.292600E-1	-3.886200E-2	3.326128E+3	3.000917E+3	1.668190E-1	5.006100E-1	9.910000E+37	-3.886200E-2	-2.550049E+42	5.940570E+41	1.668190E-1	9.910000E+37	2.000000E-2	0.000000E+0	5.000000E-1	1.000000E+1	5.000000E-1	1.000000E+1	1.000000E+0	1.140000E+2
1.886208E+0	2.403600E+2	-1.379964E+2	-1.388700E-1	-4.077400E-2	3.405847E+3	3.019270E+3	1.657520E-1	5.004500E-1	9.910000E+37	-4.077400E-2	-2.430470E+42	5.978812E+41	1.657520E-1	9.910000E+37	2.000000E-2	0.000000E+0	5.000000E-1	1.000000E+1	5.000000E-1	1.000000E+1	1.000000E+0	1.150000E+2
1.902625E+0	2.403600E+2	-1.479964E+2	-1.472400E-1	-4.769300E-2	3.087246E+3	2.956828E+3	1.690460E-1	4.998400E-1	9.910000E+37	-4.769300E-2	-2.077873E+42	5.862310E+41	1.690460E-1	9.910000E+37	2.000000E-2	0.000000E+0	5.000000E-1	1.000000E+1	5.000000E-1	1.000000E+1	1.000000E+0	1.160000E+2
1.919076E+0	2.403600E+2	-1.579964E+2	-1.575500E-1	-5.104700E-2	3.086371E+3	2.920906E+3	1.703170E-1	4.974800E-1	9.910000E+37	-5.104700E-2	-1.941348E+42	5.818562E+41	1.703170E-1	9.910000E+37	2.000000E-2	0.000000E+0	5.000000E-1	1.000000E+1	5.000000E-1	1.000000E+1	1.000000E+0	1.170000E+2
1.935527E+0	2.403600E+2	-1.679964E+2	-1.683900E-1	-5.492200E-2	3.065984E+3	2.945590E+3	1.693820E-1	4.989300E-1	9.910000E+37	-5.492200E-2	-1.804377E+42	5.850681E+41	1.693820E-1	9.910000E+37	2.000000E-2	0.000000E+0	5.000000E-1	1.000000E+1	5.000000E-1	1.000000E+1	1.000000E+0	1.180000E+2
1.951978E+0	2.403600E+2	-1.779964E+2	-1.781100E-1	-5.776500E-2	3.083355E+3	3.078447E+3	1.635370E-1	5.034400E-1	9.910000E+37	-5.776500E-2	-1.715572E+42	6.059791E+41	1.635370E-1	9.910000E+37	2.000000E-2	0.000000E+0	5.000000E-1	1.000000E+1	5.000000E-1	1.000000E+1	1.000000E+0	1.190000E+2
1.968413E+0	2.403600E+2	-1.879964E+2	-1.889900E-1	-6.063500E-2	3.116847E+3	2.922653E+3	1.702460E-1	4.975700E-1	9.910000E+37	-6.063500E-2	-1.634370E+42	5.820988E+41	1.702460E-1	9.910000E+37	2.000000E-2	0.000000E+0	5.000000E-1	1.000000E+1	5.000000E-1	1.000000E+1	1.000000E+0	1.200000E+2
1.984847E+0	2.403600E+2	-1.979964E+2	-1.976500E-1	-6.284000E-2	3.145290E+3	2.963739E+3	1.683920E-1	4.990700E-1	9.910000E+37	-6.284000E-2	-1.577021E+42	5.885078E+41	1.683920E-1	9.910000E+37	2.000000E-2	0.000000E+0	5.000000E-1	1.000000E+1	5.000000E-1	1.000000E+1	1.000000E+0	1.210000E+2
2.001281E+0	2.403600E+2	-2.079964E+2	-2.078200E-1	-6.765400E-2	3.071807E+3	2.969532E+3	1.683430E-1	4.999000E-1	9.910000E+37	-6.765400E-2	-1.464806E+42	5.886791E+41	1.683430E-1	9.910000E+37	2.000000E-2	0.000000E+0	5.000000E-1	1.000000E+1	5.000000E-1	1.000000E+1	1.000000E+0	1.220000E+2
2.017749E+0	2.403600E+2	-2.179964E+2	-2.177700E-1	-7.268000E-2	2.996285E+3	2.924105E+3	1.711840E-1	5.005600E-1	9.910000E+37	-7.268000E-2	-1.363511E+42	5.789092E+41	1.711840E-1	9.910000E+37	2.000000E-2	0.000000E+0	5.000000E-1	1.000000E+1	5.000000E-1	1.000000E+1	1.000000E+0	1.230000E+2
2.034133E+0	2.403600E+2	-2.279964E+2	-2.274700E-1	-8.032600E-2	2.831835E+3	2.956385E+3	1.692540E-1	5.003800E-1	9.910000E+37	-8.032600E-2	-1.233723E+42	5.855105E+41	1.692540E-1	9.910000E+37	2.000000E-2	0.000000E+0	5.000000E-1	1.000000E+1	5.000000E-1	1.000000E+1	1.000000E+0	1.240000E+2
2.050551E+0	2.403600E+2	-2.379964E+2	-2.387400E-1	-7.504100E-2	3.181461E+3	2.960515E+3	1.688490E-1	4.998800E-1	9.910000E+37	-7.504100E-2	-1.320611E+42	5.869149E+41	1.688490E-1	9.910000E+37	2.000000E-2	0.000000E+0	5.000000E-1	1.000000E+1	5.000000E-1	1.000000E+1	1.000000E+0	1.250000E+2
2.067002E+0	2.403600E+2	-2.479964E+2	-2.495000E-1	-7.786900E-2	3.204099E+3	2.980704E+3	1.677020E-1	4.998700E-1	9.910000E+37	-7.786900E-2	-1.272650E+42	5.909291E+41	1.677020E-1	9.910000E+37	2.000000E-2	0.000000E+0	5.000000E-1	1.000000E+1	5.000000E-1	1.000000E+1	1.000000E+0	1.260000E+2
2.083436E+0	2.403600E+2	-2.579964E+2	-2.583100E-1	-8.263200E-2	3.126029E+3	2.955365E+3	1.691500E-1	4.999000E-1	9.910000E+37	-8.263200E-2	-1.199293E+42	5.858705E+41	1.691500E-1	9.910000E+37	2.000000E-2	0.000000E+0	5.000000E-1	1.000000E+1	5.000000E-1	1.000000E+1	1.000000E+0	1.270000E+2
2.099870E+0	2.403600E+2	-2.679964E+2	-2.673200E-1	-8.725000E-2	3.063840E+3	2.964464E+3	1.690660E-1	5.011900E-1	9.910000E+37	-8.725000E-2	-1.135817E+42	5.861616E+41	1.690660E-1	9.910000E+37	2.000000E-2	0.000000E+0	5.000000E-1	1.000000E+1	5.000000E-1	1.000000E+1	1.000000E+0	1.280000E+2
2.116321E+0	2.403600E+2	-2.779964E+2	-2.765800E-1	-9.619800E-2	2.875112E+3	3.025111E+3	1.656270E-1	5.010400E-1	9.910000E+37	-9.619800E-2	-1.030167E+42	5.983324E+41	1.656270E-1	9.910000E+37	2.000000E-2	0.000000E+0	5.000000E-1	1.000000E+1	5.000000E-1	1.000000E+1	1.000000E+0	1.290000E+2
2.132772E+0	2.403600E+2	-2.879964E+2	-2.883400E-1	-9.818800E-2	2.936611E+3	3.026639E+3	1.653220E-1	5.003700E-1	9.910000E+37	-9.818800E-2	-1.009288E+42	5.994363E+41	1.653220E-1	9.910000E+37	2.000000E-2	0.000000E+0	5.000000E-1	1.000000E+1	5.000000E-1	1.000000E+1	1.000000E+0	1.300000E+2
2.149206E+0	2.403600E+2	-2.979964E+2	-2.977900E-1	-9.928200E-2	2.999436E+3	2.880442E+3	1.729040E-1	4.980400E-1	9.910000E+37	-9.928200E-2	-9.981668E+41	5.731504E+41	1.729040E-1	9.910000E+37	2.000000E-2	0.000000E+0	5.000000E-1	1.000000E+1	5.000000E-1	1.000000E+1	1.000000E+0	1.310000E+2
2.165641E+0	2.403600E+2	-3.079964E+2	-3.082400E-1	-1.006920E-1	3.061216E+3	2.952253E+3	1.694130E-1	5.001500E-1	9.910000E+37	-1.006920E-1	-9.841894E+41	5.849610E+41	1.694130E-1	9.910000E+37	2.000000E-2	0.000000E+0	5.000000E-1	1.000000E+1	5.000000E-1	1.000000E+1	1.000000E+0	1.320000E+2
2.182058E+0	2.403600E+2	-3.179964E+2	-3.177900E-1	-1.045120E-1	3.040703E+3	2.973000E+3	1.680020E-1	4.994700E-1	9.910000E+37	-1.045120E-1	-9.482165E+41	5.898739E+41	1.680020E-1	9.910000E+37	2.000000E-2	0.000000E+0	5.000000E-1	1.000000E+1	5.000000E-1	1.000000E+1	1.000000E+0	1.330000E+2
2.198509E+0	2.403600E+2	-3.279964E+2	-3.275200E-1	-1.072730E-1	3.053145E+3	2.896527E+3	1.723340E-1	4.991700E-1	9.910000E+37	-1.072730E-1	-9.238112E+41	5.750461E+41	1.723340E-1	9.910000E+37	2.000000E-2	0.000000E+0	5.000000E-1	1.000000E+1	5.000000E-1	1.000000E+1	1.000000E+0	1.340000E+2
2.214910E+0	2.403600E+2	-3.379964E+2	-3.351100E-1	-1.131730E-1	2.961042E+3	2.952269E+3	1.693240E-1	4.998900E-1	9.910000E+37	-1.131730E-1	-8.756506E+41	5.852685E+41	1.693240E-1	9.910000E+37	2.000000E-2	0.000000E+0	5.000000E-1	1.000000E+1	5.000000E-1	1.000000E+1	1.000000E+0	1.350000E+2
2.231344E+0	2.403600E+2	-3.479964E+2	-3.442400E-1	-1.205570E-1	2.855413E+3	2.941702E+3	1.701600E-1	5.005600E-1	9.910000E+37	-1.205570E-1	-8.220178E+41	5.823930E+41	1.701600E-1	9.910000E+37	2.000000E-2	0.000000E+0	5.000000E-1	1.000000E+1	5.000000E-1	1.000000E+1	1.000000E+0	1.360000E+2
2.247745E+0	2.403600E+2	-3.579964E+2	-3.546800E-1	-1.238990E-1	2.862654E+3	2.958248E+3	1.689480E-1	4.997900E-1	9.910000E+37	-1.238990E-1	-7.998450E+41	5.865710E+41	1.689480E-1	9.910000E+37	2.000000E-2	0.000000E+0	5.000000E-1	1.000000E+1	5.000000E-1	1.000000E+1	1.000000E+0	1.370000E+2
2.264196E+0	2.403600E+2	-3.679964E+2	-3.691100E-1	-1.162470E-1	3.175222E+3	2.988024E+3	1.672510E-1	4.997500E-1	9.910000E+37	-1.162470E-1	-8.524951E+41	5.925226E+41	1.672510E-1	9.910000E+37	2.000000E-2	0.000000E+0	5.000000E-1	1.000000E+1	5.000000E-1	1.000000E+1	1.000000E+0	1.380000E+2
2.280614E+0	2.403600E+2	-3.779964E+2	-3.781700E-1	-1.248390E-1	3.029262E+3	2.942086E+3	1.700800E-1	5.003900E-1	9.910000E+37	-1.248390E-1	-7.938224E+41	5.826670E+41	1.700800E-1	9.910000E+37	2.000000E-2	0.000000E+0	5.000000E-1	1.000000E+1	5.000000E-1	1.000000E+1	1.000000E+0	1.390000E+2
2.297065E+0	2.403600E+2	-3.879964E+2	-3.881500E-1	-1.282960E-1	3.025426E+3	3.013431E+3	1.663320E-1	5.012300E-1	9.910000E+37	-1.282960E-1	-7.724325E+41	5.957964E+41	1.663320E-1	9.910000E+37	2.000000E-2	0.000000E+0	5.000000E-1	1.000000E+1	5.000000E-1	1.000000E+1	1.000000E+0	1.400000E+2
2.313499E+0	2.403600E+2	-3.979964E+2	-3.978000E-1	-1.314980E-1	3.025141E+3	2.953883E+3	1.693940E-1	5.003700E-1	9.910000E+37	-1.314980E-1	-7.536236E+41	5.850266E+41	1.693940E-1	9.910000E+37	2.000000E-2	0.000000E+0	5.000000E-1	1.000000E+1	5.000000E-1	1.000000E+1	1.000000E+0	1.410000E+2
2.329950E+0	2.403600E+2	-4.079964E+2	-4.075500E-1	-1.347460E-1	3.024580E+3	2.952807E+3	1.695370E-1	5.006100E-1	9.910000E+37	-1.347460E-1	-7.354578E+41	5.845332E+41	1.695370E-1	9.910000E+37	2.000000E-2	0.000000E+0	5.000000E-1	1.000000E+1	5.000000E-1	1.000000E+1	1.000000E+0	1.420000E+2
2.346418E+0	2.403600E+2	-4.179964E+2	-4.189700E-1	-1.344550E-1	3.116061E+3	3.023911E+3	1.657820E-1	5.013100E-1	9.910000E+37	-1.344550E-1	-7.370496E+41	5.977730E+41	1.657820E-1	9.910000E+37	2.000000E-2	0.000000E+0	5.000000E-1	1.000000E+1	5.000000E-1	1.000000E+1	1.000000E+0	1.430000E+2
2.362885E+0	2.403600E+2	-4.279964E+2	-4.298500E-1	-1.386580E-1	3.100074E+3	2.951523E+3	1.692550E-1	4.995600E-1	9.910000E+37	-1.386580E-1	-7.147081E+41	5.855071E+41	1.692550E-1	9.910000E+37	2.000000E-2	0.000000E+0	5.000000E-1	1.000000E+1	5.000000E-1	1.000000E+1	1.000000E+0	1.440000E+2
2.379353E+0	2.403600E+2	-4.379964E+2	-4.394000E-1	-1.402630E-1	3.132686E+3	2.954336E+3	1.695000E-1	5.007600E-1	9.910000E+37	-1.402630E-1	-7.065299E+41	5.846608E+41	1.695000E-1	9.910000E+37	2.000000E-2	0.000000E+0	5.000000E-1	1.000000E+1	5.000000E-1	1.000000E+1	1.000000E+0	1.450000E+2
2.395770E+0	2.403600E+2	-4.479964E+2	-4.467600E-1	-1.525270E-1	2.929055E+3	2.895830E+3	1.720750E-1	4.983000E-1	9.910000E+37	-1.525270E-1	-6.497210E+41	5.759117E+41	1.720750E-1	9.910000E+37	2.000000E-2	0.000000E+0	5.000000E-1	1.000000E+1	5.000000E-1	1.000000E+1	1.000000E+0	1.460000E+2
2.412188E+0	2.403600E+2	-4.579964E+2	-4.582900E-1	-1.523480E-1	3.008179E+3	2.954498E+3	1.692030E-1	4.999100E-1	9.910000E+37	-1.523480E-1	-6.504844E+41	5.856870E+41	1.692030E-1	9.910000E+37	2.000000E-2	0.000000E+0	5.000000E-1	1.000000E+1	5.000000E-1	1.000000E+1	1.000000E+0	1.470000E+2
2.429006E+0	2.403600E+2	-4.679964E+2	-4.677500E-1	-1.556220E-1	3.005680E+3	3.078082E+3	1.632640E-1	5.025400E-1	9.910000E+37	-1.556220E-1	-6.367994E+41	6.069924E+41	1.632640E-1	9.910000E+37	2.000000E-2	0.000000E+0	5.000000E-1	1.000000E+1	5.000000E-1	1.000000E+1	1.000000E+0	1.480000E+2
2.445540E+0	2.403600E+2	-4.779964E+2	-4.777100E-1	-1.589860E-1	3.004730E+3	2.926476E+3	1.706660E-1	4.994500E-1	9.910000E+37	-1.589860E-1	-6.233253E+41	5.806663E+41	1.706660E-1	9.910000E+37	2.000000E-2	0.000000E+0	5.000000E-1	1.000000E+1	5.000000E-1	1.000000E+1	1.000000E+0	1.490000E+2
2.462124E+0	2.403600E+2	-4.879964E+2	-4.880700E-1	-1.624320E-1	3.004765E+3	2.946847E+3	1.695100E-1	4.995200E-1	9.910000E+37	-1.624320E-1	-6.101015E+41	5.846263E+41	1.695100E-1	9.910000E+37	2.000000E-2	0.000000E+0	5.000000E-1	1.000000E+1	5.000000E-1	1.000000E+1	1.000000E+0	1.500000E+2
2.478575E+0	2.403600E+2	-4.979964E+2	-4.994200E-1	-1.608880E-1	3.104147E+3	2.956042E+3	1.693210E-1	5.005200E-1	9.910000E+37	-1.608880E-1	-6.159564E+41	5.852788E+41	1.693210E-1	9.910000E+37	2.000000E-2	0.000000E+0	5.000000E-1	1.000000E+1	5.000000E-1	1.000000E+1	1.000000E+0	1.510000E+2
2.494993E+0	2.403600E+2	-5.079964E+2	-5.077200E-1	-1.690980E-1	3.002519E+3	2.926508E+3	1.707530E-1	4.997100E-1	9.910000E+37	-1.690980E-1	-5.860507E+41	5.803705E+41	1.707530E-1	9.910000E+37	2.000000E-2	0.000000E+0	5.000000E-1	1.000000E+1	5.000000E-1	1.000000E+1	1.000000E+0	1.520000E+2
2.511427E+0	2.403600E+2	-5.179964E+2	-5.193500E-1	-1.711900E-1	3.033764E+3	2.957810E+3	1.689730E-1	4.997900E-1	9.910000E+37	-1.711900E-1	-5.788890E+41	5.864842E+41	1.689730E-1	9.910000E+37	2.000000E-2	0.000000E+0	5.000000E-1	1.000000E+1	5.000000E-1	1.000000E+1	1.000000E+0	1.530000E+2
2.527861E+0	2.403600E+2	-5.279964E+2	-5.273600E-1	-1.794580E-1	2.938626E+3	2.942624E+3	1.702290E-1	5.009200E-1	9.910000E+37	-1.794580E-1	-5.522183E+41	5.821570E+41	1.702290E-1	9.910000E+37	2.000000E-2	0.000000E+0	5.000000E-1	1.000000E+1	5.000000E-1	1.000000E+1	1.000000E+0	1.540000E+2
2.544279E+0	2.403600E+2	-5.379964E+2	-5.401500E-1	-1.791150E-1	3.015660E+3	2.930990E+3	1.702360E-1	4.989600E-1	9.910000E+37	-1.791150E-1	-5.532758E+41	5.821330E+41	1.702360E-1	9.910000E+37	2.000000E-2	0.000000E+0	5.000000E-1	1.000000E+1	5.000000E-1	1.000000E+1	1.000000E+0	1.550000E+2
2.560730E+0	2.403600E+2	-5.479964E+2	-5.482100E-1	-1.818800E-1	3.014130E+3	2.938480E+3	1.697170E-1	4.987100E-1	9.910000E+37	-1.818800E-1	-5.448647E+41	5.839132E+41	1.697170E-1	9.910000E+37	2.000000E-2	0.000000E+0	5.000000E-1	1.000000E+1	5.000000E-1	1.000000E+1	1.000000E+0	1.560000E+2
2.577197E+0	2.403600E+2	-5.579964E+2	-5.577900E-1	-1.867080E-1	2.987499E+3	2.955446E+3	1.693010E-1	5.003600E-1	9.910000E+37	-1.867080E-1	-5.307753E+41	5.853480E+41	1.693010E-1	9.910000E+37	2.000000E-2	0.000000E+0	5.000000E-1	1.000000E+1	5.000000E-1	1.000000E+1	1.000000E+0	1.570000E+2
2.593665E+0	2.403600E+2	-5.679964E+2	-5.680400E-1	-1.906820E-1	2.978991E+3	2.939554E+3	1.697230E-1	4.989100E-1	9.910000E+37	-1.906820E-1	-5.197134E+41	5.838926E+41	1.697230E-1	9.910000E+37	2.000000E-2	0.000000E+0	5.000000E-1	1.000000E+1	5.000000E-1	1.000000E+1	1.000000E+0	1.580000E+2
2.610099E+0	2.403600E+2	-5.779964E+2	-5.777700E-1	-1.943420E-1	2.972955E+3	2.865679E+3	1.740460E-1	4.987600E-1	9.910000E+37	-1.943420E-1	-5.099258E+41	5.693897E+41	1.740460E-1	9.910000E+37	2.000000E-2	0.000000E+0	5.000000E-1	1.000000E+1	5.000000E-1	1.000000E+1	1.000000E+0	1.590000E+2
2.626534E+0	2.403600E+2	-5.879964E+2	-5.882700E-1	-1.975060E-1	2.978492E+3	2.957326E+3	1.691190E-1	5.001400E-1	9.910000E+37	-1.975060E-1	-5.017569E+41	5.859779E+41	1.691190E-1	9.910000E+37	2.000000E-2	0.000000E+0	5.000000E-1	1.000000E+1	5.000000E-1	1.000000E+1	1.000000E+0	1.600000E+2
2.642968E+0	2.403600E+2	-5.979964E+2	-5.978100E-1	-2.010640E-1	2.973232E+3	2.908388E+3	1.712770E-1	4.981400E-1	9.910000E+37	-2.010640E-1	-4.928779E+41	5.785949E+41	1.712770E-1	9.910000E+37	2.000000E-2	0.000000E+0	5.000000E-1	1.000000E+1	5.000000E-1	1.000000E+1	1.000000E+0	1.610000E+2
2.659452E+0	2.403600E+2	-6.079964E+2	-6.055100E-1	-2.109210E-1	2.870790E+3	2.876572E+3	1.733070E-1	4.985300E-1	9.910000E+37	-2.109210E-1	-4.698442E+41	5.718176E+41	1.733070E-1	9.910000E+37	2.000000E-2	0.000000E+0	5.000000E-1	1.000000E+1	5.000000E-1	1.000000E+1	1.000000E+0	1.620000E+2
2.675903E+0	2.403600E+2	-6.179964E+2	-6.179800E-1	-2.081480E-1	2.968945E+3	2.952771E+3	1.694510E-1	5.003500E-1	9.910000E+37	-2.081480E-1	-4.761035E+41	5.848298E+41	1.694510E-1	9.910000E+37	2.000000E-2	0.000000E+0	5.000000E-1	1.000000E+1	5.000000E-1	1.000000E+1	1.000000E+0	1.630000E+2
2.692387E+0	2.403600E+2	-6.279964E+2	-6.278800E-1	-2.123570E-1	2.956719E+3	2.930399E+3	1.706730E-1	5.001400E-1	9.910000E+37	-2.123570E-1	-4.666670E+41	5.806425E+41	1.706730E-1	9.910000E+37	2.000000E-2	0.000000E+0	5.000000E-1	1.000000E+1	5.000000E-1	1.000000E+1	1.000000E+0	1.640000E+2
2.708838E+0	2.403600E+2	-6.379964E+2	-6.375100E-1	-2.159740E-1	2.951790E+3	3.067670E+3	1.631010E-1	5.003400E-1	9.910000E+37	-2.159740E-1	-4.588515E+41	6.075990E+41	1.631010E-1	9.910000E+37	2.000000E-2	0.000000E+0	5.000000E-1	1.000000E+1	5.000000E-1	1.000000E+1	1.000000E+0	1.650000E+2
2.725256E+0	2.403600E+2	-6.479964E+2	-6.473400E-1	-2.175580E-1	2.975482E+3	3.083820E+3	1.632780E-1	5.035200E-1	9.910000E+37	-2.175580E-1	-4.555107E+41	6.069403E+41	1.632780E-1	9.910000E+37	2.000000E-2	0.000000E+0	5.000000E-1	1.000000E+1	5.000000E-1	1.000000E+1	1.000000E+0	1.660000E+2
2.741707E+0	2.403600E+2	-6.579964E+2	-6.566000E-1	-2.222470E-1	2.954371E+3	2.945827E+3	1.698810E-1	5.004400E-1	9.910000E+37	-2.222470E-1	-4.459003E+41	5.833495E+41	1.698810E-1	9.910000E+37	2.000000E-2	0.000000E+0	5.000000E-1	1.000000E+1	5.000000E-1	1.000000E+1	1.000000E+0	1.670000E+2
2.758191E+0	2.403600E+2	-6.679964E+2	-6.698200E-1	-2.233680E-1	2.998729E+3	2.957844E+3	1.692280E-1	5.005500E-1	9.910000E+37	-2.233680E-1	-4.436625E+41	5.856005E+41	1.692280E-1	9.910000E+37	2.000000E-2	0.000000E+0	5.000000E-1	1.000000E+1	5.000000E-1	1.000000E+1	1.000000E+0	1.680000E+2
2.774675E+0	2.403600E+2	-6.779964E+2	-6.780300E-1	-2.246200E-1	3.018565E+3	2.909433E+3	1.717070E-1	4.995700E-1	9.910000E+37	-2.246200E-1	-4.411896E+41	5.771460E+41	1.717070E-1	9.910000E+37	2.000000E-2	0.000000E+0	5.000000E-1	1.000000E+1	5.000000E-1	1.000000E+1	1.000000E+0	1.690000E+2
2.791093E+0	2.403600E+2	-6.879964E+2	-6.876300E-1	-2.338610E-1	2.940336E+3	2.882266E+3	1.728050E-1	4.980700E-1	9.910000E+37	-2.338610E-1	-4.237560E+41	5.734788E+41	1.728050E-1	9.910000E+37	2.000000E-2	0.000000E+0	5.000000E-1	1.000000E+1	5.000000E-1	1.000000E+1	1.000000E+0	1.700000E+2
2.807544E+0	2.403600E+2	-6.979964E+2	-6.980500E-1	-2.374830E-1	2.939368E+3	3.075929E+3	1.633230E-1	5.023700E-1	9.910000E+37	-2.374830E-1	-4.172930E+41	6.067731E+41	1.633230E-1	9.910000E+37	2.000000E-2	0.000000E+0	5.000000E-1	1.000000E+1	5.000000E-1	1.000000E+1	1.000000E+0	1.710000E+2
2.823962E+0	2.403600E+2	-7.079964E+2	-7.073700E-1	-2.422290E-1	2.920253E+3	2.933133E+3	1.704730E-1	5.000200E-1	9.910000E+37	-2.422290E-1	-4.091170E+41	5.813237E+41	1.704730E-1	9.910000E+37	2.000000E-2	0.000000E+0	5.000000E-1	1.000000E+1	5.000000E-1	1.000000E+1	1.000000E+0	1.720000E+2
2.840396E+0	2.403600E+2	-7.179964E+2	-7.187200E-1	-2.462070E-1	2.919170E+3	2.976073E+3	1.673010E-1	4.979000E-1	9.910000E+37	-2.462070E-1	-4.025068E+41	5.923455E+41	1.673010E-1	9.910000E+37	2.000000E-2	0.000000E+0	5.000000E-1	1.000000E+1	5.000000E-1	1.000000E+1	1.000000E+0	1.730000E+2
2.856880E+0	2.403600E+2	-7.279964E+2	-7.291900E-1	-2.471300E-1	2.950633E+3	2.970399E+3	1.685430E-1	5.006400E-1	9.910000E+37	-2.471300E-1	-4.010035E+41	5.879805E+41	1.685430E-1	9.910000E+37	2.000000E-2	0.000000E+0	5.000000E-1	1.000000E+1	5.000000E-1	1.000000E+1	1.000000E+0	1.740000E+2
2.873298E+0	2.403600E+2	-7.379964E+2	-7.388800E-1	-2.470690E-1	2.990582E+3	2.939221E+3	1.693340E-1	4.977100E-1	9.910000E+37	-2.470690E-1	-4.011025E+41	5.852339E+41	1.693340E-1	9.910000E+37	2.000000E-2	0.000000E+0	5.000000E-1	1.000000E+1	5.000000E-1	1.000000E+1	1.000000E+0	1.750000E+2
2.889699E+0	2.403600E+2	-7.479964E+2	-7.476600E-1	-2.542900E-1	2.940186E+3	2.855907E+3	1.744840E-1	4.983100E-1	9.910000E+37	-2.542900E-1	-3.897125E+41	5.679604E+41	1.744840E-1	9.910000E+37	2.000000E-2	0.000000E+0	5.000000E-1	1.000000E+1	5.000000E-1	1.000000E+1	1.000000E+0	1.760000E+2
2.906100E+0	2.403600E+2	-7.579964E+2	-7.585600E-1	-2.581960E-1	2.937923E+3	2.957686E+3	1.692100E-1	5.004700E-1	9.910000E+37	-2.581960E-1	-3.838169E+41	5.856628E+41	1.692100E-1	9.910000E+37	2.000000E-2	0.000000E+0	5.000000E-1	1.000000E+1	5.000000E-1	1.000000E+1	1.000000E+0	1.770000E+2
2.922534E+0	2.403600E+2	-7.679964E+2	-7.667500E-1	-2.669440E-1	2.872325E+3	2.955456E+3	1.691820E-1	5.000100E-1	9.910000E+37	-2.669440E-1	-3.712389E+41	5.857597E+41	1.691820E-1	9.910000E+37	2.000000E-2	0.000000E+0	5.000000E-1	1.000000E+1	5.000000E-1	1.000000E+1	1.000000E+0	1.780000E+2
2.938985E+0	2.403600E+2	-7.779964E+2	-7.779300E-1	-2.669290E-1	2.914370E+3	3.011314E+3	1.657250E-1	4.990500E-1	9.910000E+37	-2.669290E-1	-3.712598E+41	5.979786E+41	1.657250E-1	9.910000E+37	2.000000E-2	0.000000E+0	5.000000E-1	1.000000E+1	5.000000E-1	1.000000E+1	1.000000E+0	1.790000E+2
2.955469E+0	2.403600E+2	-7.879964E+2	-7.879700E-1	-2.712250E-1	2.905226E+3	2.957755E+3	1.690370E-1	4.999700E-1	9.910000E+37	-2.712250E-1	-3.653793E+41	5.862622E+41	1.690370E-1	9.910000E+37	2.000000E-2	0.000000E+0	5.000000E-1	1.000000E+1	5.000000E-1	1.000000E+1	1.000000E+0	1.800000E+2
2.971903E+0	2.403600E+2	-7.979964E+2	-7.983000E-1	-2.733380E-1	2.920560E+3	2.961291E+3	1.686190E-1	4.993300E-1	9.910000E+37	-2.733380E-1	-3.625548E+41	5.877155E+41	1.686190E-1	9.910000E+37	2.000000E-2	0.000000E+0	5.000000E-1	1.000000E+1	5.000000E-1	1.000000E+1	1.000000E+0	1.810000E+2
2.988371E+0	2.403600E+2	-8.079964E+2	-8.051700E-1	-2.841260E-1	2.833848E+3	2.969657E+3	1.685380E-1	5.005000E-1	9.910000E+37	-2.841260E-1	-3.487889E+41	5.879980E+41	1.685380E-1	9.910000E+37	2.000000E-2	0.000000E+0	5.000000E-1	1.000000E+1	5.000000E-1	1.000000E+1	1.000000E+0	1.820000E+2
3.004855E+0	2.403600E+2	-8.179964E+2	-8.188100E-1	-2.821720E-1	2.901812E+3	2.917789E+3	1.703550E-1	4.970600E-1	9.910000E+37	-2.821720E-1	-3.512042E+41	5.817264E+41	1.703550E-1	9.910000E+37	2.000000E-2	0.000000E+0	5.000000E-1	1.000000E+1	5.000000E-1	1.000000E+1	1.000000E+0	1.830000E+2
3.021273E+0	2.403600E+2	-8.279964E+2	-8.278800E-1	-2.861560E-1	2.893107E+3	2.960803E+3	1.688900E-1	5.000500E-1	9.910000E+37	-2.861560E-1	-3.463146E+41	5.867725E+41	1.688900E-1	9.910000E+37	2.000000E-2	0.000000E+0	5.000000E-1	1.000000E+1	5.000000E-1	1.000000E+1	1.000000E+0	1.840000E+2
3.037740E+0	2.403600E+2	-8.379964E+2	-8.389900E-1	-2.867080E-1	2.926287E+3	2.947062E+3	1.697080E-1	5.001400E-1	9.910000E+37	-2.867080E-1	-3.456478E+41	5.839442E+41	1.697080E-1	9.910000E+37	2.000000E-2	0.000000E+0	5.000000E-1	1.000000E+1	5.000000E-1	1.000000E+1	1.000000E+0	1.850000E+2
3.054041E+0	2.403600E+2	-8.479964E+2	-8.475200E-1	-2.930930E-1	2.891642E+3	2.930233E+3	1.708260E-1	5.005600E-1	9.910000E+37	-2.930930E-1	-3.381179E+41	5.801225E+41	1.708260E-1	9.910000E+37	2.000000E-2	0.000000E+0	5.000000E-1	1.000000E+1	5.000000E-1	1.000000E+1	1.000000E+0	1.860000E+2
3.070742E+0	2.403600E+2	-8.579964E+2	-8.583300E-1	-2.974440E-1	2.885686E+3	2.912543E+3	1.713760E-1	4.991400E-1	9.910000E+37	-2.974440E-1	-3.331720E+41	5.782607E+41	1.713760E-1	9.910000E+37	2.000000E-2	0.000000E+0	5.000000E-1	1.000000E+1	5.000000E-1	1.000000E+1	1.000000E+0	1.870000E+2
3.087177E+0	2.403600E+2	-8.679964E+2	-8.677400E-1	-3.008930E-1	2.883882E+3	2.941194E+3	1.697100E-1	4.991500E-1	9.910000E+37	-3.008930E-1	-3.293530E+41	5.839373E+41	1.697100E-1	9.910000E+37	2.000000E-2	0.000000E+0	5.000000E-1	1.000000E+1	5.000000E-1	1.000000E+1	1.000000E+0	1.880000E+2
3.103644E+0	2.403600E+2	-8.779964E+2	-8.803400E-1	-3.012880E-1	2.921922E+3	2.915101E+3	1.714040E-1	4.996600E-1	9.910000E+37	-3.012880E-1	-3.289212E+41	5.781662E+41	1.714040E-1	9.910000E+37	2.000000E-2	0.000000E+0	5.000000E-1	1.000000E+1	5.000000E-1	1.000000E+1	1.000000E+0	1.890000E+2
3.120112E+0	2.403600E+2	-8.879964E+2	-8.873500E-1	-3.087150E-1	2.874334E+3	2.911325E+3	1.711420E-1	4.982500E-1	9.910000E+37	-3.087150E-1	-3.210080E+41	5.790513E+41	1.711420E-1	9.910000E+37	2.000000E-2	0.000000E+0	5.000000E-1	1.000000E+1	5.000000E-1	1.000000E+1	1.000000E+0	1.900000E+2
3.136596E+0	2.403600E+2	-8.979964E+2	-8.993300E-1	-3.088740E-1	2.911640E+3	2.939522E+3	1.702590E-1	5.004800E-1	9.910000E+37	-3.088740E-1	-3.208428E+41	5.820544E+41	1.702590E-1	9.910000E+37	2.000000E-2	0.000000E+0	5.000000E-1	1.000000E+1	5.000000E-1	1.000000E+1	1.000000E+0	1.910000E+2
3.153097E+0	2.403600E+2	-9.079964E+2	-9.069400E-1	-3.188510E-1	2.844401E+3	2.947083E+3	1.697950E-1	5.004000E-1	9.910000E+37	-3.188510E-1	-3.108035E+41	5.836450E+41	1.697950E-1	9.910000E+37	2.000000E-2	0.000000E+0	5.000000E-1	1.000000E+1	5.000000E-1	1.000000E+1	1.000000E+0	1.920000E+2
3.169565E+0	2.403600E+2	-9.179964E+2	-9.178200E-1	-3.204590E-1	2.864079E+3	2.896922E+3	1.719860E-1	4.982300E-1	9.910000E+37	-3.204590E-1	-3.092439E+41	5.762097E+41	1.719860E-1	9.910000E+37	2.000000E-2	0.000000E+0	5.000000E-1	1.000000E+1	5.000000E-1	1.000000E+1	1.000000E+0	1.930000E+2
3.186016E+0	2.403600E+2	-9.279964E+2	-9.278100E-1	-3.236730E-1	2.866504E+3	2.918440E+3	1.708070E-1	4.984900E-1	9.910000E+37	-3.236730E-1	-3.061732E+41	5.801870E+41	1.708070E-1	9.910000E+37	2.000000E-2	0.000000E+0	5.000000E-1	1.000000E+1	5.000000E-1	1.000000E+1	1.000000E+0	1.940000E+2
3.202500E+0	2.403600E+2	-9.379964E+2	-9.389700E-1	-3.254910E-1	2.884780E+3	3.028785E+3	1.653270E-1	5.007400E-1	9.910000E+37	-3.254910E-1	-3.044631E+41	5.994181E+41	1.653270E-1	9.910000E+37	2.000000E-2	0.000000E+0	5.000000E-1	1.000000E+1	5.000000E-1	1.000000E+1	1.000000E+0	1.950000E+2
3.218934E+0	2.403600E+2	-9.479964E+2	-9.477800E-1	-3.318190E-1	2.856316E+3	2.955961E+3	1.691700E-1	5.000600E-1	9.910000E+37	-3.318190E-1	-2.986568E+41	5.858013E+41	1.691700E-1	9.910000E+37	2.000000E-2	0.000000E+0	5.000000E-1	1.000000E+1	5.000000E-1	1.000000E+1	1.000000E+0	1.960000E+2
3.235368E+0	2.403600E+2	-9.579964E+2	-9.569800E-1	-3.351880E-1	2.855054E+3	2.879670E+3	1.731240E-1	4.985400E-1	9.910000E+37	-3.351880E-1	-2.956550E+41	5.724221E+41	1.731240E-1	9.910000E+37	2.000000E-2	0.000000E+0	5.000000E-1	1.000000E+1	5.000000E-1	1.000000E+1	1.000000E+0	1.970000E+2
3.251786E+0	2.403600E+2	-9.679964E+2	-9.684300E-1	-3.367600E-1	2.875728E+3	2.950743E+3	1.696420E-1	5.005700E-1	9.910000E+37	-3.367600E-1	-2.942749E+41	5.841714E+41	1.696420E-1	9.910000E+37	2.000000E-2	0.000000E+0	5.000000E-1	1.000000E+1	5.000000E-1	1.000000E+1	1.000000E+0	1.980000E+2
3.268237E+0	2.403600E+2	-9.779964E+2	-9.795000E-1	-3.411180E-1	2.871440E+3	2.909512E+3	1.713930E-1	4.986700E-1	9.910000E+37	-3.411180E-1	-2.905153E+41	5.782033E+41	1.713930E-1	9.910000E+37	2.000000E-2	0.000000E+0	5.000000E-1	1.000000E+1	5.000000E-1	1.000000E+1	1.000000E+0	1.990000E+2
3.284721E+0	2.403600E+2	-9.879964E+2	-9.883000E-1	-3.475640E-1	2.843505E+3	2.958667E+3	1.689680E-1	4.999200E-1	9.910000E+37	-3.475640E-1	-2.851273E+41	5.865016E+41	1.689680E-1	9.910000E+37	2.000000E-2	0.000000E+0	5.000000E-1	1.000000E+1	5.000000E-1	1.000000E+1	1.000000E+0	2.000000E+2
3.301205E+0	2.403600E+2	-9.979964E+2	-9.952600E-1	-3.573110E-1	2.785417E+3	3.069035E+3	1.632370E-1	5.009800E-1	9.910000E+37	-3.573110E-1	-2.773494E+41	6.070928E+41	1.632370E-1	9.910000E+37	2.000000E-2	0.000000E+0	5.000000E-1	1.000000E+1	5.000000E-1	1.000000E+1	1.000000E+0	2.010000E+2
3.317640E+0	2.403600E+2	-1.000000E+3	-1.000020E+0	-3.521900E-1	2.839433E+3	2.959919E+3	1.689100E-1	4.999600E-1	9.910000E+37	-3.521900E-1	-2.813822E+41	5.867030E+41	1.689100E-1	9.910000E+37	2.000000E-2	0.000000E+0	5.000000E-1	1.000000E+1	5.000000E-1	1.000000E+1	1.000000E+0	2.020000E+2
3.334041E+0	2.403600E+2	-9.900000E+2	-9.903000E-1	-3.490430E-1	2.837186E+3	3.049435E+3	1.649650E-1	5.030500E-1	9.910000E+37	-3.490430E-1	-2.839192E+41	6.007335E+41	1.649650E-1	9.910000E+37	2.000000E-2	0.000000E+0	5.000000E-1	1.000000E+1	5.000000E-1	1.000000E+1	1.000000E+0	2.030000E+2
